demo_event: true
init_camera_at:
  X: -232.8769989013672
  Y: 192.81869506835938
  Z: -1073.2919921875
init_camera_fov: 50.0
init_camera_pos:
  X: -232.8769989013672
  Y: 192.81869506835938
  Z: -1079.2919921875
is_timeline: false
last_camera_at:
  X: -233.00979614257812
  Y: 192.8668975830078
  Z: -1073.2010498046875
last_camera_fov: 50.0
last_camera_pos:
  X: -232.9947967529297
  Y: 192.8636016845703
  Z: -1079.3580322265625
last_player_dir:
  X: 0.0
  Y: 0.0
  Z: 1.0
last_player_pos:
  X: -232.8769989013672
  Y: 191.01870727539062
  Z: -1073.2919921875
mode: Seamless
