aabbMax:
  X: 0.08386199921369553
  Y: 0.06298799812793732
  Z: 1.0371099710464478
aabbMin:
  X: -0.02784699946641922
  Y: -0.14924100041389465
  Z: -0.08886700123548508
boundingForTraverse: 0.21222899854183197
bugMask: 3
cursorOffsetY: 0.20000000298023224
homeArea:
- name: CentralHyrule
- name: ''
- name: ''
instSizeCafe: 65560
instSizeNx: -1
sortKey: 14605
