aabbMax:
  X: 0.08386199921369553
  Y: 0.06298799812793732
  Z: 1.0371099710464478
aabbMin:
  X: -0.02784699946641922
  Y: -0.14925099909305573
  Z: -0.08886700123548508
boundingForTraverse: 0.21223899722099304
bugMask: 3
cursorOffsetY: 0.20000000298023224
homeArea:
- name: CentralHyrule
- name: ''
- name: ''
instSizeCafe: -1
instSizeNx: 148792
sortKey: 14605
