aabbMax:
  X: 4.176239967346191
  Y: 4.0
  Z: 4.176219940185547
aabbMin:
  X: -4.1768999099731445
  Y: 0.0
  Z: -4.176400184631348
boundingForTraverse: 4.0
bugMask: 3
instSizeCafe: -1
instSizeNx: 246184
rigidBodyCenterY: 1.9559299945831299
sortKey: -2
