aabbMax:
  X: 1.1542999744415283
  Y: 0.20996099710464478
  Z: 0.5410159826278687
aabbMin:
  X: -1.1533199548721313
  Y: -0.2139890044927597
  Z: -0.7641599774360657
boundingForTraverse: 0.4239499866962433
bugMask: 3
cursorOffsetY: 0.5
instSizeCafe: 102052
instSizeNx: 254560
sortKey: -15
traverseDist: 150.0
