aabbMax:
  X: 0.33770498633384705
  Y: 2.183459997177124
  Z: 1.4782500267028809
aabbMin:
  X: -0.3231169879436493
  Y: -0.015775000676512718
  Z: -0.990568995475769
boundingForTraverse: 2.199234962463379
bugMask: 3
instSizeCafe: -1
instSizeNx: 356264
rigidBodyCenterY: 1.0964299440383911
sortKey: 28120
