aabbMax:
  X: 0.3376869857311249
  Y: 2.1832499504089355
  Z: 1.4778900146484375
aabbMin:
  X: -0.32310301065444946
  Y: -0.015444999560713768
  Z: -0.9905030131340027
boundingForTraverse: 2.198694944381714
bugMask: 3
instSizeCafe: 230816
instSizeNx: -1
rigidBodyCenterY: 1.0964299440383911
sortKey: 28120
