aabbMax:
  X: 1.0087599754333496
  Y: 3.3350799083709717
  Z: 3.691240072250366
aabbMin:
  X: -0.9626860022544861
  Y: -0.03644400089979172
  Z: -2.9187700748443604
boundingForTraverse: 3.3715240955352783
bugMask: 3
homeArea:
- name: HeburaMountains
- name: GerudoHighlands
- name: TabantaFrontier
instSizeCafe: 149084
instSizeNx: -1
rigidBodyCenterY: 0.41999998688697815
sortKey: 28090
traverseDist: 80.0
