aabbMax:
  X: 0.3874509930610657
  Y: 0.6894649863243103
  Z: 0.3785940110683441
aabbMin:
  X: -0.3874509930610657
  Y: -3.000000106112566e-06
  Z: -0.32885798811912537
boundingForTraverse: 0.6894680261611938
bugMask: 3
cursorOffsetY: 0.699999988079071
instSizeCafe: -1
instSizeNx: 165976
sortKey: 34160
