aabbMax:
  X: 0.5073410272598267
  Y: 1.8921699523925781
  Z: 1.7072900533676147
aabbMin:
  X: -0.48753800988197327
  Y: -0.11949899792671204
  Z: -0.8383659720420837
boundingForTraverse: 2.0116689205169678
bugMask: 3
cursorOffsetY: 0.30000001192092896
instSizeCafe: 136892
instSizeNx: -1
rigidBodyCenterY: 0.5070769786834717
sortKey: 28021
