aabbMax:
  X: 0.28252100944519043
  Y: 1.2998000383377075
  Z: 0.9832820296287537
aabbMin:
  X: -0.2813589870929718
  Y: -0.012684999965131283
  Z: -1.5869699716567993
boundingForTraverse: 1.3124849796295166
bugMask: 3
cursorOffsetY: 0.699999988079071
homeArea:
- name: HeburaMountains
- name: GerudoHighlands
- name: TabantaFrontier
instSizeCafe: 158516
instSizeNx: -1
sortKey: 28072
