aabbMax:
  X: 0.27612099051475525
  Y: 0.46710601449012756
  Z: 0.5020679831504822
aabbMin:
  X: -0.2343360036611557
  Y: -0.29559001326560974
  Z: -1.118899941444397
boundingForTraverse: 0.7626960277557373
bugMask: 3
cursorOffsetY: 0.30000001192092896
instSizeCafe: 85588
instSizeNx: -1
sortKey: 34040
