aabbMax:
  X: 0.8924559950828552
  Y: 2.562069892883301
  Z: 1.9653899669647217
aabbMin:
  X: -0.5860610008239746
  Y: -0.016374999657273293
  Z: -0.8141360282897949
boundingForTraverse: 2.5784449577331543
bugMask: 3
cursorOffsetY: 1.5
instSizeCafe: 170908
instSizeNx: 302032
sortKey: 28030
traverseDist: 80.0
