aabbMax:
  X: 0.45087000727653503
  Y: 1.549180030822754
  Z: 1.4582200050354004
aabbMin:
  X: -0.35640400648117065
  Y: -0.004368999972939491
  Z: -1.4393999576568604
boundingForTraverse: 1.55354905128479
bugMask: 3
cursorOffsetY: 0.6499999761581421
homeArea:
- name: TamulPlateau
- name: TamulOutback
- name: HyruleHill
instSizeCafe: 144560
instSizeNx: -1
sortKey: 28011
traverseDist: 80.0
