aabbMax:
  X: 1.7207000255584717
  Y: 0.25463899970054626
  Z: 0.59375
aabbMin:
  X: -1.7207000255584717
  Y: -0.5043950080871582
  Z: -0.7436519861221313
boundingForTraverse: 0.7590339779853821
bugMask: 3
cursorOffsetY: 0.30000001192092896
homeArea:
- name: CentralHyrule
- name: HyruleHill
- name: GerudoHighlands
instSizeCafe: -1
instSizeNx: 164744
sortKey: 29060
traverseDist: 150.0
