aabbMax:
  X: 0.37953299283981323
  Y: 1.8187400102615356
  Z: 1.5745400190353394
aabbMin:
  X: -0.5563089847564697
  Y: -0.015436000190675259
  Z: -0.7970880270004272
boundingForTraverse: 1.834175944328308
bugMask: 3
homeArea:
- name: CentralHyrule
- name: LanayruWaterSources
- name: HyruleHill
instSizeCafe: -1
instSizeNx: 302032
sortKey: 28031
traverseDist: 80.0
