aabbMax:
  X: 0.0817670002579689
  Y: 0.24477499723434448
  Z: 0.11613299697637558
aabbMin:
  X: -0.08180800080299377
  Y: 0.00013600000238511711
  Z: -0.18481500446796417
boundingForTraverse: 0.24463899433612823
bugMask: 3
cursorOffsetY: 0.20000000298023224
homeArea:
- name: CentralHyrule
- name: HyruleHill
- name: LanayruWaterSources
instSizeCafe: 117284
instSizeNx: 239920
sortKey: 29010
