aabbMax:
  X: 0.2022870033979416
  Y: 0.33111900091171265
  Z: 0.34953901171684265
aabbMin:
  X: -0.20019499957561493
  Y: -0.25652700662612915
  Z: -0.8283600211143494
boundingForTraverse: 0.5876460075378418
bugMask: 3
cursorOffsetY: 0.30000001192092896
instSizeCafe: -1
instSizeNx: 194656
sortKey: 34090
