aabbMax:
  X: 1.5545200109481812
  Y: 2.051340103149414
  Z: 1.5790300369262695
aabbMin:
  X: -1.6418100595474243
  Y: -0.0204050000756979
  Z: -1.9694700241088867
boundingForTraverse: 2.071744918823242
bugMask: 3
cursorOffsetY: 0.699999988079071
homeArea:
- name: TabantaFrontier
- name: TamulPlateau
- name: HyruleForest
instSizeCafe: 183872
instSizeNx: -1
rigidBodyCenterY: 0.3499999940395355
sortKey: 28100
