aabbMax:
  X: 0.4652419984340668
  Y: 0.9177089929580688
  Z: 0.830007016658783
aabbMin:
  X: -0.46618399024009705
  Y: -0.009437999688088894
  Z: -1.1044600009918213
boundingForTraverse: 0.9271469712257385
bugMask: 3
cursorOffsetY: 0.5
homeArea:
- name: TamulPlateau
- name: HeburaMountains
- name: EastHateru
instSizeCafe: 148588
instSizeNx: -1
sortKey: 28110
