aabbMax:
  X: 1.6625200510025024
  Y: 4.700139999389648
  Z: 2.5566000938415527
aabbMin:
  X: -1.6127699613571167
  Y: -0.05122099816799164
  Z: -1.8895100355148315
boundingForTraverse: 4.751359939575195
bugMask: 3
cursorOffsetY: 0.5
homeArea:
- name: HeburaMountains
- name: GerudoHighlands
- name: TabantaFrontier
instSizeCafe: 158556
instSizeNx: 286264
lookAtOffsetY: 0.20000000298023224
rigidBodyCenterY: 0.4000000059604645
sortKey: 28080
traverseDist: 80.0
