aabbMax:
  X: 0.5110970139503479
  Y: 2.069890022277832
  Z: 1.2574800252914429
aabbMin:
  X: -0.4846090078353882
  Y: -0.020583000034093857
  Z: -1.3935400247573853
boundingForTraverse: 2.090472936630249
bugMask: 3
cursorOffsetY: 0.30000001192092896
homeArea:
- name: WestHateru
- name: EldinCanyon
- name: CentralHyrule
instSizeCafe: 141488
instSizeNx: 260808
sortKey: 28021
