aabbMax:
  X: 0.9057180285453796
  Y: 2.9145898818969727
  Z: 2.401279926300049
aabbMin:
  X: -0.8393570184707642
  Y: -0.045531000941991806
  Z: -1.7802799940109253
boundingForTraverse: 2.960120916366577
bugMask: 3
homeArea:
- name: EastHateru
- name: FironeGrassland
- name: ''
instSizeCafe: -1
instSizeNx: 269880
lookAtOffsetY: 0.20000000298023224
rigidBodyCenterY: 0.44999998807907104
sortKey: 28041
