aabbMax:
  X: 0.35110899806022644
  Y: 0.7934020161628723
  Z: 0.4602450132369995
aabbMin:
  X: -0.32501599192619324
  Y: 0.08671300113201141
  Z: -0.5592920184135437
boundingForTraverse: 0.7066890001296997
bugMask: 3
cursorOffsetY: 0.5
homeArea:
- name: WestHateru
- name: EastHateru
- name: TamulPlateau
instSizeCafe: 128420
instSizeNx: 268592
sortKey: 29100
