aabbMax:
  X: 0.5087010264396667
  Y: 2.0675299167633057
  Z: 1.2738100290298462
aabbMin:
  X: -0.4845629930496216
  Y: -0.016697999089956284
  Z: -1.3887499570846558
boundingForTraverse: 2.084228038787842
bugMask: 3
cursorOffsetY: 0.8999999761581421
homeArea:
- name: HyruleHill
- name: HyruleForest
- name: EastHateru
instSizeCafe: 153076
instSizeNx: -1
sortKey: 28020
traverseDist: 80.0
