aabbMax:
  X: 0.46539899706840515
  Y: 0.9177200198173523
  Z: 0.8303139805793762
aabbMin:
  X: -0.4663519859313965
  Y: -0.009701999835669994
  Z: -1.104599952697754
boundingForTraverse: 0.9274219870567322
bugMask: 3
instSizeCafe: 149040
instSizeNx: 277192
sortKey: 28112
