aabbMax:
  X: 0.06250900030136108
  Y: 0.2440209984779358
  Z: -0.019386999309062958
aabbMin:
  X: -0.06250900030136108
  Y: -0.07783299684524536
  Z: -0.20916099846363068
boundingForTraverse: 0.32185399532318115
bugMask: 3
cursorOffsetY: 0.30000001192092896
homeArea:
- name: TabantaFrontier
- name: LanayruWaterSources
- name: HeburaMountains
instSizeCafe: -1
instSizeNx: 159384
sortKey: 35000
