aabbMax:
  X: 1.008970022201538
  Y: 3.3355801105499268
  Z: 3.6926701068878174
aabbMin:
  X: -0.9628859758377075
  Y: -0.03688900172710419
  Z: -2.9189798831939697
boundingForTraverse: 3.372468948364258
bugMask: 3
homeArea:
- name: HeburaMountains
- name: GerudoHighlands
- name: TabantaFrontier
instSizeCafe: -1
instSizeNx: 273976
rigidBodyCenterY: 0.41999998688697815
sortKey: 28090
traverseDist: 80.0
