aabbMax:
  X: 1.7205400466918945
  Y: 0.25459998846054077
  Z: 0.5936729907989502
aabbMin:
  X: -1.7205400466918945
  Y: -0.5043950080871582
  Z: -0.7436519861221313
boundingForTraverse: 0.758994996547699
bugMask: 3
cursorOffsetY: 0.30000001192092896
homeArea:
- name: CentralHyrule
- name: HyruleHill
- name: GerudoHighlands
instSizeCafe: 64628
instSizeNx: -1
sortKey: 29060
traverseDist: 150.0
