aabbMax:
  X: 0.17697900533676147
  Y: 0.17055000364780426
  Z: 0.2553650140762329
aabbMin:
  X: -0.1764799952507019
  Y: -0.0002640000020619482
  Z: -0.23668700456619263
boundingForTraverse: 0.17081399261951447
bugMask: 3
cursorOffsetY: 0.23000000417232513
homeArea:
- name: TamulPlateau
- name: WestHateru
- name: TamulOutback
instSizeCafe: -1
instSizeNx: 155296
motorcycleEnergy:
  add: 25.0
sortKey: 35110
