aabbMax:
  X: 0.20228099822998047
  Y: 0.33111900091171265
  Z: 0.3495289981365204
aabbMin:
  X: -0.2001899927854538
  Y: -0.25652700662612915
  Z: -0.8283020257949829
boundingForTraverse: 0.5876460075378418
bugMask: 3
cursorOffsetY: 0.30000001192092896
instSizeCafe: 86036
instSizeNx: -1
sortKey: 34090
