aabbMax:
  X: 0.2825540006160736
  Y: 1.2999900579452515
  Z: 0.9835669994354248
aabbMin:
  X: -0.28139200806617737
  Y: -0.012974999845027924
  Z: -1.5872000455856323
boundingForTraverse: 1.3129650354385376
bugMask: 3
cursorOffsetY: 0.699999988079071
homeArea:
- name: GerudoDesert
- name: GerudoHighlands
- name: ''
instSizeCafe: 158520
instSizeNx: 289496
sortKey: 28071
