aabbMax:
  X: 0.21374499797821045
  Y: 1.8349499702453613
  Z: 0.5814560055732727
aabbMin:
  X: -0.2204589992761612
  Y: -0.014314999803900719
  Z: -0.4149569869041443
boundingForTraverse: 1.8492649793624878
bugMask: 3
homeArea:
- name: HyruleHill
- name: CentralHyrule
- name: WestHateru
instSizeCafe: -1
instSizeNx: 276776
sortKey: 29051
