aabbMax:
  X: 0.544992983341217
  Y: 1.8948099613189697
  Z: 1.2776999473571777
aabbMin:
  X: -0.5519729852676392
  Y: -0.0129380002617836
  Z: -0.9152460098266602
boundingForTraverse: 1.9077479839324951
bugMask: 3
cursorOffsetY: 0.699999988079071
homeArea:
- name: EastHateru
- name: TamulPlateau
- name: TamulOutback
instSizeCafe: 124588
instSizeNx: -1
sortKey: 28050
