aabbMax:
  X: 1.1541999578475952
  Y: 0.20993000268936157
  Z: 0.54093998670578
aabbMin:
  X: -1.1532200574874878
  Y: -0.21397699415683746
  Z: -0.7641599774360657
boundingForTraverse: 0.42390701174736023
bugMask: 3
cursorOffsetY: 0.5
instSizeCafe: 3608740
instSizeNx: -1
sortKey: -15
traverseDist: 150.0
