aabbMax:
  X: 0.3507159948348999
  Y: 1.0149799585342407
  Z: 0.3342989981174469
aabbMin:
  X: -0.33697399497032166
  Y: -0.04703599959611893
  Z: -0.4409329891204834
boundingForTraverse: 1.0620160102844238
bugMask: 3
cursorOffsetY: 0.30000001192092896
homeArea:
- name: HyruleHill
- name: WestHateru
- name: TamulOutback
instSizeCafe: 141296
instSizeNx: 256712
lookAtOffsetY: 0.05000000074505806
sortKey: 28140
