aabbMax:
  X: 0.2822270095348358
  Y: 0.7981789708137512
  Z: 0.3517790138721466
aabbMin:
  X: -0.2824710011482239
  Y: 2.499999936844688e-05
  Z: -0.9058169722557068
boundingForTraverse: 0.7981539964675903
bugMask: 3
cursorOffsetY: 0.30000001192092896
homeArea:
- name: HyruleHill
- name: HyruleForest
- name: EldinCanyon
instSizeCafe: 133668
instSizeNx: -1
sortKey: 29030
