aabbMax:
  X: 1.6622300148010254
  Y: 4.699480056762695
  Z: 2.5556800365448
aabbMin:
  X: -1.6124900579452515
  Y: -0.0503540001809597
  Z: -1.8893100023269653
boundingForTraverse: 4.749835014343262
bugMask: 3
cursorOffsetY: 0.5
homeArea:
- name: HeburaMountains
- name: GerudoHighlands
- name: TabantaFrontier
instSizeCafe: 158492
instSizeNx: -1
lookAtOffsetY: 0.20000000298023224
rigidBodyCenterY: 0.4000000059604645
sortKey: 28080
traverseDist: 80.0
