aabbMax:
  X: 1.3906300067901611
  Y: 0.15747100114822388
  Z: 0.5039060115814209
aabbMin:
  X: -1.3916000127792358
  Y: -0.18237300217151642
  Z: -0.8334959745407104
boundingForTraverse: 0.3398439884185791
bugMask: 3
instSizeCafe: -1
instSizeNx: 4797936
sortKey: 29070
traverseDist: 400.0
