aabbMax:
  X: 0.24111199378967285
  Y: 0.3198710083961487
  Z: 0.23499199748039246
aabbMin:
  X: -0.2459689974784851
  Y: -0.006434999871999025
  Z: -0.19577999413013458
boundingForTraverse: 0.32630598545074463
bugMask: 3
cursorOffsetY: 0.20000000298023224
homeArea:
- name: LanayruWaterSources
- name: HyruleHill
- name: CentralHyrule
instSizeCafe: 89752
instSizeNx: -1
sortKey: 35130
