aabbMax:
  X: 0.2128780037164688
  Y: 0.4048500061035156
  Z: 0.35260599851608276
aabbMin:
  X: -0.17666000127792358
  Y: -0.33465200662612915
  Z: -0.8934569954872131
boundingForTraverse: 0.7395020127296448
bugMask: 3
cursorOffsetY: 0.30000001192092896
instSizeCafe: 85972
instSizeNx: -1
sortKey: 34120
