aabbMax:
  X: 0.1832980066537857
  Y: 0.9156410098075867
  Z: 0.5660009980201721
aabbMin:
  X: -0.17253099381923676
  Y: -0.013363000005483627
  Z: -1.3923300504684448
boundingForTraverse: 0.9290040135383606
bugMask: 3
cursorOffsetY: 0.5
homeArea:
- name: HeburaMountains
- name: TabantaFrontier
- name: GerudoHighlands
instSizeCafe: -1
instSizeNx: 273096
sortKey: 28061
