aabbMax:
  X: 0.16959799826145172
  Y: 0.24685099720954895
  Z: 0.08618199825286865
aabbMin:
  X: -0.16959799826145172
  Y: -0.00584500003606081
  Z: -0.20283100008964539
boundingForTraverse: 0.2526960074901581
bugMask: 3
cursorOffsetY: 0.30000001192092896
homeArea:
- name: HyruleHill
- name: GerudoHighlands
- name: CentralHyrule
instSizeCafe: 65432
instSizeNx: 159392
motorcycleEnergy:
  add: 50.0
sortKey: 35030
