aabbMax:
  X: 0.5432729721069336
  Y: 2.909130096435547
  Z: 0.47741299867630005
aabbMin:
  X: -0.5431299805641174
  Y: -0.013638000003993511
  Z: -1.1687899827957153
boundingForTraverse: 2.9227681159973145
bugMask: 3
cursorOffsetY: 0.30000001192092896
homeArea:
- name: EldinCanyon
- name: EldinMountains
- name: DeathMountain
instSizeCafe: 152624
instSizeNx: -1
lookAtOffsetY: -0.05000000074505806
sortKey: 29090
