aabbMax:
  X: 0.06250400096178055
  Y: 0.24399200081825256
  Z: -0.019386999309062958
aabbMin:
  X: -0.06250400096178055
  Y: -0.0778219997882843
  Z: -0.20915700495243073
boundingForTraverse: 0.32181501388549805
bugMask: 3
cursorOffsetY: 0.30000001192092896
homeArea:
- name: TabantaFrontier
- name: LanayruWaterSources
- name: HeburaMountains
instSizeCafe: 65684
instSizeNx: -1
sortKey: 35000
