aabbMax:
  X: 1.2495900392532349
  Y: 2.327850103378296
  Z: 1.3709900379180908
aabbMin:
  X: -1.2495900392532349
  Y: -0.021398000419139862
  Z: -2.131269931793213
boundingForTraverse: 2.349247932434082
bugMask: 3
instSizeCafe: 138460
instSizeNx: -1
lookAtOffsetY: 1.0
sortKey: 201
traverseDist: 80.0
