aabbMax:
  X: 0.11837399750947952
  Y: 0.23443999886512756
  Z: 0.26521700620651245
aabbMin:
  X: -0.14819900691509247
  Y: -0.1873130053281784
  Z: -0.7817469835281372
boundingForTraverse: 0.4217529892921448
bugMask: 3
cursorOffsetY: 0.30000001192092896
instSizeCafe: 86292
instSizeNx: -1
sortKey: 34080
