aabbMax:
  X: 0.1695760041475296
  Y: 0.2468239963054657
  Z: 0.08618199825286865
aabbMin:
  X: -0.1695760041475296
  Y: -0.00584500003606081
  Z: -0.20280100405216217
boundingForTraverse: 0.25266900658607483
bugMask: 3
cursorOffsetY: 0.30000001192092896
homeArea:
- name: HyruleHill
- name: GerudoHighlands
- name: CentralHyrule
instSizeCafe: 65432
instSizeNx: -1
sortKey: 35030
