aabbMax:
  X: 1.249750018119812
  Y: 2.297600030899048
  Z: 1.387850046157837
aabbMin:
  X: -1.249750018119812
  Y: -0.021422000601887703
  Z: -2.129319906234741
boundingForTraverse: 2.3190219402313232
bugMask: 3
instSizeCafe: -1
instSizeNx: 290880
lookAtOffsetY: 1.0
sortKey: -34
traverseDist: 80.0
