aabbMax:
  X: 1.5555299520492554
  Y: 2.0513999462127686
  Z: 1.5792200565338135
aabbMin:
  X: -1.642009973526001
  Y: -0.021263999864459038
  Z: -1.9705300331115723
boundingForTraverse: 2.0726640224456787
bugMask: 3
cursorOffsetY: 0.699999988079071
homeArea:
- name: TabantaFrontier
- name: TamulPlateau
- name: HyruleForest
instSizeCafe: -1
instSizeNx: 327496
rigidBodyCenterY: 0.3499999940395355
sortKey: 28100
