aabbMax:
  X: 0.5110470056533813
  Y: 2.069540023803711
  Z: 1.2572400569915771
aabbMin:
  X: -0.4845629930496216
  Y: -0.02035900019109249
  Z: -1.3934400081634521
boundingForTraverse: 2.0898990631103516
bugMask: 3
cursorOffsetY: 0.30000001192092896
homeArea:
- name: WestHateru
- name: EldinCanyon
- name: CentralHyrule
instSizeCafe: 141484
instSizeNx: -1
sortKey: 28021
