aabbMax:
  X: 0.21288500726222992
  Y: 0.4048500061035156
  Z: 0.35261601209640503
aabbMin:
  X: -0.17666399478912354
  Y: -0.33465200662612915
  Z: -0.8935199975967407
boundingForTraverse: 0.7395020127296448
bugMask: 3
cursorOffsetY: 0.30000001192092896
instSizeCafe: -1
instSizeNx: 194648
sortKey: 34130
