aabbMax:
  X: 1.249750018119812
  Y: 2.3280699253082275
  Z: 1.3711999654769897
aabbMin:
  X: -1.249750018119812
  Y: -0.02166599966585636
  Z: -2.1314399242401123
boundingForTraverse: 2.349735975265503
bugMask: 3
instSizeCafe: -1
instSizeNx: 282280
lookAtOffsetY: 1.0
sortKey: 201
traverseDist: 80.0
