aabbMax:
  X: 1.2495900392532349
  Y: 2.297379970550537
  Z: 1.3876299858093262
aabbMin:
  X: -1.2495900392532349
  Y: -0.021153999492526054
  Z: -2.1291399002075195
boundingForTraverse: 2.3185338973999023
bugMask: 3
instSizeCafe: 156072
instSizeNx: -1
lookAtOffsetY: 1.0
sortKey: 200
traverseDist: 80.0
