aabbMax:
  X: 0.3874509930610657
  Y: 0.6894639730453491
  Z: 0.37855398654937744
aabbMin:
  X: -0.3874509930610657
  Y: -3.000000106112566e-06
  Z: -0.3288570046424866
boundingForTraverse: 0.6894670128822327
bugMask: 3
cursorOffsetY: 0.699999988079071
instSizeCafe: 70868
instSizeNx: -1
sortKey: 34160
