aabbMax:
  X: 1.5076700448989868
  Y: 0.19345399737358093
  Z: 0.5111590027809143
aabbMin:
  X: -1.5076700448989868
  Y: -0.2895509898662567
  Z: -0.9838870167732239
boundingForTraverse: 0.48300498723983765
bugMask: 3
cursorOffsetY: 0.5
instSizeCafe: 103024
instSizeNx: -1
sortKey: -14
traverseDist: 150.0
