aabbMax:
  X: 0.49175599217414856
  Y: 2.651170015335083
  Z: 2.109790086746216
aabbMin:
  X: -0.4820849895477295
  Y: -0.008542000316083431
  Z: -1.073889970779419
boundingForTraverse: 2.659712076187134
bugMask: 3
instSizeCafe: 253576
instSizeNx: -1
lookAtOffsetY: 0.10000000149011612
sortKey: 28120
