aabbMax:
  X: 0.21374499797821045
  Y: 1.8347500562667847
  Z: 0.5812900066375732
aabbMin:
  X: -0.2204589992761612
  Y: -0.014178999699652195
  Z: -0.41492900252342224
boundingForTraverse: 1.8489290475845337
bugMask: 3
homeArea:
- name: HyruleHill
- name: CentralHyrule
- name: WestHateru
instSizeCafe: 137572
instSizeNx: -1
sortKey: 29051
