aabbMax:
  X: 0.9055590033531189
  Y: 2.9142799377441406
  Z: 2.4004199504852295
aabbMin:
  X: -0.8392109870910645
  Y: -0.04500000178813934
  Z: -1.7800500392913818
boundingForTraverse: 2.959280014038086
bugMask: 3
homeArea:
- name: EastHateru
- name: FironeGrassland
- name: ''
instSizeCafe: 150428
instSizeNx: -1
lookAtOffsetY: 0.20000000298023224
rigidBodyCenterY: 0.44999998807907104
sortKey: 28041
