aabbMax:
  X: 0.24114200472831726
  Y: 0.31988298892974854
  Z: 0.23501600325107574
aabbMin:
  X: -0.2460090070962906
  Y: -0.006446000188589096
  Z: -0.1957869976758957
boundingForTraverse: 0.32632899284362793
bugMask: 3
cursorOffsetY: 0.20000000298023224
homeArea:
- name: LanayruWaterSources
- name: HyruleHill
- name: HyruleForest
instSizeCafe: -1
instSizeNx: 200352
motorcycleEnergy:
  add: 75.0
sortKey: 35140
