aabbMax:
  X: 0.3393479883670807
  Y: 0.34801098704338074
  Z: 0.48859599232673645
aabbMin:
  X: -0.37766000628471375
  Y: -0.005489000119268894
  Z: -0.9358389973640442
boundingForTraverse: 0.35350000858306885
bugMask: 3
cursorOffsetY: 0.20000000298023224
homeArea:
- name: WestHateru
- name: EastHateru
- name: HateruSea
instSizeCafe: 82904
instSizeNx: 188064
motorcycleEnergy:
  add: 75.0
sortKey: 35150
