aabbMax:
  X: 1.5078099966049194
  Y: 0.19348099827766418
  Z: 0.5112299919128418
aabbMin:
  X: -1.5078099966049194
  Y: -0.2895509898662567
  Z: -0.9838870167732239
boundingForTraverse: 0.4830319881439209
bugMask: 3
cursorOffsetY: 0.5
instSizeCafe: -1
instSizeNx: 254032
sortKey: -14
traverseDist: 150.0
