aabbMax:
  X: 0.2630600035190582
  Y: 0.9266149997711182
  Z: 0.23260299861431122
aabbMin:
  X: -0.25922998785972595
  Y: 1.8000000636675395e-05
  Z: -0.8264830112457275
boundingForTraverse: 0.926596999168396
bugMask: 3
cursorOffsetY: 0.20000000298023224
homeArea:
- name: HyruleHill
- name: HyruleForest
- name: TamulPlateau
instSizeCafe: 133152
instSizeNx: -1
sortKey: 29021
