aabbMax:
  X: 0.23681600391864777
  Y: 0.5551260113716125
  Z: 0.3641130030155182
aabbMin:
  X: -0.23681600391864777
  Y: -0.30952900648117065
  Z: -0.6501529812812805
boundingForTraverse: 0.8646550178527832
bugMask: 3
cursorOffsetY: 0.30000001192092896
homeArea:
- name: HyruleHill
- name: CentralHyrule
- name: LanayruWetlands
instSizeCafe: -1
instSizeNx: 272680
sortKey: 29040
