aabbMax:
  X: 0.33930298686027527
  Y: 0.3479749858379364
  Z: 0.48851901292800903
aabbMin:
  X: -0.3776269853115082
  Y: -0.005483000073581934
  Z: -0.9356250166893005
boundingForTraverse: 0.3534579873085022
bugMask: 3
cursorOffsetY: 0.20000000298023224
homeArea:
- name: GerudoDesert
- name: HateruSea
- name: GerudoHighlands
instSizeCafe: 83480
instSizeNx: -1
sortKey: 35160
