aabbMax:
  X: 0.27612999081611633
  Y: 0.46710601449012756
  Z: 0.5020819902420044
aabbMin:
  X: -0.23434199392795563
  Y: -0.29559001326560974
  Z: -1.1189899444580078
boundingForTraverse: 0.7626960277557373
bugMask: 3
cursorOffsetY: 0.30000001192092896
instSizeCafe: -1
instSizeNx: 194656
sortKey: 34040
