aabbMax:
  X: 0.491784006357193
  Y: 2.6513900756835938
  Z: 2.110330104827881
aabbMin:
  X: -0.482109010219574
  Y: -0.008910000324249268
  Z: -1.0739699602127075
boundingForTraverse: 2.6603000164031982
bugMask: 3
instSizeCafe: -1
instSizeNx: 396400
lookAtOffsetY: 0.10000000149011612
sortKey: 28120
