aabbMax:
  X: 1.3904900550842285
  Y: 0.1574469953775406
  Z: 0.5038359761238098
aabbMin:
  X: -1.391469955444336
  Y: -0.18237300217151642
  Z: -0.8334959745407104
boundingForTraverse: 0.339819997549057
bugMask: 3
instSizeCafe: 79724
instSizeNx: -1
sortKey: 29070
traverseDist: 400.0
