aabbMax:
  X: 0.07672099769115448
  Y: 0.06262200325727463
  Z: 0.0750729963183403
aabbMin:
  X: -0.07672099769115448
  Y: 0.0006019999855197966
  Z: -0.07672099769115448
boundingForTraverse: 0.06202000007033348
bugMask: 3
cursorOffsetY: 0.25
homeArea:
- name: WestHateru
- name: HyruleForest
- name: CentralHyrule
instSizeCafe: 64596
instSizeNx: -1
sortKey: 35120
