aabbMax:
  X: 0.5087519884109497
  Y: 2.0678799152374268
  Z: 1.2740600109100342
aabbMin:
  X: -0.4846090078353882
  Y: -0.016952000558376312
  Z: -1.3888599872589111
boundingForTraverse: 2.084831953048706
bugMask: 3
cursorOffsetY: 0.8999999761581421
homeArea:
- name: HyruleHill
- name: HyruleForest
- name: EastHateru
instSizeCafe: 153076
instSizeNx: 273104
sortKey: 28020
traverseDist: 80.0
