aabbMax:
  X: 0.11837899684906006
  Y: 0.23443999886512756
  Z: 0.26522400975227356
aabbMin:
  X: -0.14820200204849243
  Y: -0.1873130053281784
  Z: -0.7818009853363037
boundingForTraverse: 0.4217529892921448
bugMask: 3
cursorOffsetY: 0.30000001192092896
instSizeCafe: -1
instSizeNx: 194648
sortKey: 34080
