aabbMax:
  X: 0.25366199016571045
  Y: 0.10034199804067612
  Z: 0.07092300057411194
aabbMin:
  X: -0.25366199016571045
  Y: -0.00761799979954958
  Z: -0.2529299855232239
boundingForTraverse: 0.10796000063419342
bugMask: 3
cursorOffsetY: 0.30000001192092896
homeArea:
- name: TamulPlateau
- name: CentralHyrule
- name: EldinCanyon
instSizeCafe: 64600
instSizeNx: -1
motorcycleEnergy:
  add: 75.0
sortKey: 35060
