aabbMax:
  X: 0.4509209990501404
  Y: 1.5493099689483643
  Z: 1.4586100578308105
aabbMin:
  X: -0.356454998254776
  Y: -0.00470300018787384
  Z: -1.4395999908447266
boundingForTraverse: 1.5540130138397217
bugMask: 3
cursorOffsetY: 0.6499999761581421
homeArea:
- name: CentralHyrule
- name: LanayruWaterSources
- name: HyruleHill
instSizeCafe: 144308
instSizeNx: 264912
sortKey: 28010
traverseDist: 80.0
