aabbMax:
  X: 0.5073419809341431
  Y: 1.8923900127410889
  Z: 1.7074899673461914
aabbMin:
  X: -0.48753800988197327
  Y: -0.11969400197267532
  Z: -0.8384079933166504
boundingForTraverse: 2.0120840072631836
bugMask: 3
cursorOffsetY: 0.30000001192092896
instSizeCafe: 136892
instSizeNx: 234408
rigidBodyCenterY: 0.5070769786834717
sortKey: 28021
