aabbMax:
  X: 0.3507019877433777
  Y: 1.014799952507019
  Z: 0.3342300057411194
aabbMin:
  X: -0.33695998787879944
  Y: -0.04699600115418434
  Z: -0.44090500473976135
boundingForTraverse: 1.061795949935913
bugMask: 3
cursorOffsetY: 0.30000001192092896
homeArea:
- name: HyruleHill
- name: WestHateru
- name: TamulOutback
instSizeCafe: 141296
instSizeNx: -1
lookAtOffsetY: 0.05000000074505806
sortKey: 28140
