aabbMax:
  X: 0.18327799439430237
  Y: 0.9155150055885315
  Z: 0.5658329725265503
aabbMin:
  X: -0.1725129932165146
  Y: -0.013166000135242939
  Z: -1.3921300172805786
boundingForTraverse: 0.9286810159683228
bugMask: 3
cursorOffsetY: 0.5
homeArea:
- name: CentralHyrule
- name: LanayruWaterSources
- name: TamulPlateau
instSizeCafe: 151216
instSizeNx: -1
sortKey: 28060
