aabbMax:
  X: 0.16506099700927734
  Y: 0.3013339936733246
  Z: 0.3476099967956543
aabbMin:
  X: -0.13787400722503662
  Y: -0.2728849947452545
  Z: -0.8413059711456299
boundingForTraverse: 0.5742189884185791
bugMask: 3
cursorOffsetY: 0.30000001192092896
instSizeCafe: 85908
instSizeNx: -1
sortKey: 34030
