aabbMax:
  X: 0.16506700217723846
  Y: 0.3013339936733246
  Z: 0.3476189970970154
aabbMin:
  X: -0.13787700235843658
  Y: -0.2728849947452545
  Z: -0.8413640260696411
boundingForTraverse: 0.5742189884185791
bugMask: 3
cursorOffsetY: 0.30000001192092896
instSizeCafe: 85972
instSizeNx: 194656
sortKey: 34030
