aabbMax:
  X: 0.26306799054145813
  Y: 0.9266589879989624
  Z: 0.23262199759483337
aabbMin:
  X: -0.25923699140548706
  Y: -5.0999999075429514e-05
  Z: -0.826511025428772
boundingForTraverse: 0.9267100095748901
bugMask: 3
cursorOffsetY: 0.20000000298023224
homeArea:
- name: HyruleHill
- name: HyruleForest
- name: TamulPlateau
instSizeCafe: -1
instSizeNx: 272688
sortKey: 29021
