aabbMax:
  X: 0.379254013299942
  Y: 1.81850004196167
  Z: 1.5740200281143188
aabbMin:
  X: -0.5561879873275757
  Y: -0.014836999587714672
  Z: -0.7969719767570496
boundingForTraverse: 1.8333369493484497
bugMask: 3
homeArea:
- name: CentralHyrule
- name: LanayruWaterSources
- name: HyruleHill
instSizeCafe: 171024
instSizeNx: -1
sortKey: 28031
traverseDist: 80.0
