aabbMax:
  X: 1.2252899408340454
  Y: 4.126039981842041
  Z: 2.680530071258545
aabbMin:
  X: -1.1729999780654907
  Y: -0.04098699986934662
  Z: -1.956969976425171
boundingForTraverse: 4.167026996612549
bugMask: 3
cursorOffsetY: 0.5
homeArea:
- name: LanayruWetlands
- name: TamulPlateau
- name: EastHateru
instSizeCafe: 154780
instSizeNx: 278072
rigidBodyCenterY: 0.4399999976158142
sortKey: 28040
traverseDist: 80.0
