aabbMax:
  X: 0.07495100051164627
  Y: 0.13015300035476685
  Z: 0.10302700102329254
aabbMin:
  X: -0.07495100051164627
  Y: -0.03409299999475479
  Z: -0.20970100164413452
boundingForTraverse: 0.16424599289894104
bugMask: 3
cursorOffsetY: 0.30000001192092896
homeArea:
- name: CentralHyrule
- name: EastHateru
- name: LanayruWaterSources
instSizeCafe: -1
instSizeNx: 179864
sortKey: 35080
