aabbMax:
  X: 0.16675099730491638
  Y: 0.7014589905738831
  Z: 0.14381299912929535
aabbMin:
  X: -0.1714860051870346
  Y: -0.010615999810397625
  Z: -0.392549991607666
boundingForTraverse: 0.7120749950408936
bugMask: 3
cursorOffsetY: 0.30000001192092896
homeArea:
- name: CentralHyrule
- name: HyruleHill
- name: HyruleForest
instSizeCafe: 141104
instSizeNx: -1
sortKey: 28000
