aabbMax:
  X: 0.16675299406051636
  Y: 0.701570987701416
  Z: 0.14383600652217865
aabbMin:
  X: -0.1714870035648346
  Y: -0.010641000233590603
  Z: -0.39263099431991577
boundingForTraverse: 0.7122120261192322
bugMask: 3
cursorOffsetY: 0.30000001192092896
homeArea:
- name: CentralHyrule
- name: HyruleHill
- name: HyruleForest
instSizeCafe: 141104
instSizeNx: 256712
sortKey: 28000
