aabbMax:
  X: 0.35103699564933777
  Y: 0.7932940125465393
  Z: 0.4601309895515442
aabbMin:
  X: -0.3249489963054657
  Y: 0.08680400252342224
  Z: -0.5591440200805664
boundingForTraverse: 0.7064909934997559
bugMask: 3
cursorOffsetY: 0.5
instSizeCafe: 128544
instSizeNx: -1
sortKey: 29101
traverseDist: 130.0
