aabbMax:
  X: 0.33770498633384705
  Y: 2.1836299896240234
  Z: 1.4783400297164917
aabbMin:
  X: -0.3231169879436493
  Y: -0.015775000676512718
  Z: -0.990568995475769
boundingForTraverse: 2.1994049549102783
bugMask: 3
instSizeCafe: 224512
instSizeNx: 346336
sortKey: 28120
