aabbMax:
  X: 0.8919349908828735
  Y: 2.5614099502563477
  Z: 1.96465003490448
aabbMin:
  X: -0.5859310030937195
  Y: -0.015776999294757843
  Z: -0.8140169978141785
boundingForTraverse: 2.577186107635498
bugMask: 3
cursorOffsetY: 1.5
instSizeCafe: 170892
instSizeNx: -1
sortKey: 28030
traverseDist: 80.0
