aabbMax:
  X: 0.3376869857311249
  Y: 2.183419942855835
  Z: 1.477970004081726
aabbMin:
  X: -0.32310301065444946
  Y: -0.015444999560713768
  Z: -0.9905030131340027
boundingForTraverse: 2.1988649368286133
bugMask: 3
instSizeCafe: 224524
instSizeNx: -1
sortKey: 28120
