aabbMax:
  X: 0.5433970093727112
  Y: 2.9095799922943115
  Z: 0.4775420129299164
aabbMin:
  X: -0.5432170033454895
  Y: -0.01420500036329031
  Z: -1.1689499616622925
boundingForTraverse: 2.923784017562866
bugMask: 3
cursorOffsetY: 0.30000001192092896
homeArea:
- name: EldinCanyon
- name: EldinMountains
- name: DeathMountain
instSizeCafe: -1
instSizeNx: 277192
lookAtOffsetY: -0.05000000074505806
sortKey: 29090
