aabbMax:
  X: 0.08176600188016891
  Y: 0.2447730004787445
  Z: 0.11613000184297562
aabbMin:
  X: -0.08180800080299377
  Y: 0.00014000000373926014
  Z: -0.1848040074110031
boundingForTraverse: 0.2446330040693283
bugMask: 3
cursorOffsetY: 0.20000000298023224
homeArea:
- name: CentralHyrule
- name: HyruleHill
- name: LanayruWaterSources
instSizeCafe: 117284
instSizeNx: -1
sortKey: 29010
