aabbMax:
  X: 0.1769780069589615
  Y: 0.17055000364780426
  Z: 0.25536298751831055
aabbMin:
  X: -0.17647899687290192
  Y: -0.0002629999944474548
  Z: -0.23668600618839264
boundingForTraverse: 0.17081299424171448
bugMask: 3
cursorOffsetY: 0.23000000417232513
homeArea:
- name: CentralHyrule
- name: FironeGrassland
- name: WestHateru
instSizeCafe: 65876
instSizeNx: -1
sortKey: 35100
