aabbMax:
  X: 0.5450180172920227
  Y: 1.8950899839401245
  Z: 1.277940034866333
aabbMin:
  X: -0.5520219802856445
  Y: -0.013159000314772129
  Z: -0.9152960181236267
boundingForTraverse: 1.908249020576477
bugMask: 3
cursorOffsetY: 0.699999988079071
homeArea:
- name: EastHateru
- name: TamulPlateau
- name: TamulOutback
instSizeCafe: -1
instSizeNx: 232136
sortKey: 28050
