aabbMax:
  X: 0.2822270095348358
  Y: 0.7982360124588013
  Z: 0.3518710136413574
aabbMin:
  X: -0.2824710011482239
  Y: -5.900000178371556e-05
  Z: -0.9059270024299622
boundingForTraverse: 0.7982950210571289
bugMask: 3
cursorOffsetY: 0.30000001192092896
homeArea:
- name: HyruleHill
- name: HyruleForest
- name: EldinCanyon
instSizeCafe: -1
instSizeNx: 272680
sortKey: 29030
