aabbMax:
  X: 1.2250699996948242
  Y: 4.125410079956055
  Z: 2.679569959640503
aabbMin:
  X: -1.1727900505065918
  Y: -0.04040199890732765
  Z: -1.9567300081253052
boundingForTraverse: 4.165812015533447
bugMask: 3
cursorOffsetY: 0.5
homeArea:
- name: LanayruWetlands
- name: TamulPlateau
- name: EastHateru
instSizeCafe: 154912
instSizeNx: -1
rigidBodyCenterY: 0.4399999976158142
sortKey: 28040
traverseDist: 80.0
