aabbMax:
  X: 0.23681199550628662
  Y: 0.5550180077552795
  Z: 0.36403098702430725
aabbMin:
  X: -0.23681199550628662
  Y: -0.3094579875469208
  Z: -0.6500509977340698
boundingForTraverse: 0.8644760251045227
bugMask: 3
cursorOffsetY: 0.30000001192092896
homeArea:
- name: HyruleHill
- name: CentralHyrule
- name: LanayruWetlands
instSizeCafe: 133732
instSizeNx: -1
sortKey: 29040
