aabbMax:
  X: 0.1640619933605194
  Y: 1.7929699420928955
  Z: 0.18774400651454926
aabbMin:
  X: -0.1640630066394806
  Y: 1.433590054512024
  Z: -0.6137700080871582
boundingForTraverse: 0.35938000679016113
bugMask: 1
instSizeCafe: 76444
instSizeNx: 174656
sortKey: 4121200
