aabbMax:
  X: 0.9179689884185791
  Y: 1.4931600093841553
  Z: 0.17443500459194183
aabbMin:
  X: -0.9179689884185791
  Y: 0.6411349773406982
  Z: -0.14709100127220154
boundingForTraverse: 0.8520249724388123
bugMask: 1
instSizeCafe: 153480
instSizeNx: -1
sortKey: 4522717
