aabbMax:
  X: 0.2678219974040985
  Y: 1.842769980430603
  Z: 0.32958999276161194
aabbMin:
  X: -0.2678219974040985
  Y: 1.2734400033950806
  Z: -0.24890099465847015
boundingForTraverse: 0.5693299770355225
bugMask: 3
instSizeCafe: 70700
instSizeNx: 158224
sortKey: 6121852
