aabbMax:
  X: 0.9179689884185791
  Y: 1.4980499744415283
  Z: 0.19543500244617462
aabbMin:
  X: -0.9179689884185791
  Y: 0.6552910208702087
  Z: -0.14086900651454926
boundingForTraverse: 0.8427590131759644
bugMask: 3
instSizeCafe: 83316
instSizeNx: -1
sortKey: 3422163
