aabbMax:
  X: 0.9184569716453552
  Y: 1.4931600093841553
  Z: 0.18432599306106567
aabbMin:
  X: -0.9184569716453552
  Y: 0.5009769797325134
  Z: -0.18029800057411194
boundingForTraverse: 0.9921830296516418
bugMask: 1
instSizeCafe: -1
instSizeNx: 323640
sortKey: 5922845
