aabbMax:
  X: 0.22985799610614777
  Y: 0.9428709745407104
  Z: 0.21859300136566162
aabbMin:
  X: -0.22985799610614777
  Y: -0.0004839999892283231
  Z: -0.13402099907398224
boundingForTraverse: 0.9433550238609314
bugMask: 1
instSizeCafe: 53264
instSizeNx: -1
sortKey: 3023194
