aabbMax:
  X: 0.14514000713825226
  Y: 1.8007800579071045
  Z: 0.1841920018196106
aabbMin:
  X: -0.14452800154685974
  Y: 1.4189599752426147
  Z: -0.6147459745407104
boundingForTraverse: 0.3818199932575226
bugMask: 1
instSizeCafe: 72796
instSizeNx: -1
sortKey: 4421712
