aabbMax:
  X: 0.2027589976787567
  Y: 0.9428709745407104
  Z: 0.22460900247097015
aabbMin:
  X: -0.2027589976787567
  Y: 0.0005440000095404685
  Z: -0.12768599390983582
boundingForTraverse: 0.9423270225524902
bugMask: 1
instSizeCafe: 35656
instSizeNx: 99456
sortKey: 3523414
