aabbMax:
  X: 0.19567899405956268
  Y: 0.9428709745407104
  Z: 0.2174070030450821
aabbMin:
  X: -0.19567899405956268
  Y: 0.0
  Z: -0.11321999877691269
boundingForTraverse: 0.9428709745407104
bugMask: 1
instSizeCafe: 36636
instSizeNx: 100144
sortKey: 3223132
