aabbMax:
  X: 0.9179689884185791
  Y: 1.4931600093841553
  Z: 0.17602500319480896
aabbMin:
  X: -0.9179689884185791
  Y: 0.7333980202674866
  Z: -0.14050300419330597
boundingForTraverse: 0.7597619891166687
bugMask: 1
instSizeCafe: -1
instSizeNx: 179248
sortKey: 5622830
