aabbMax:
  X: 0.21118199825286865
  Y: 0.9428709745407104
  Z: 0.2174070030450821
aabbMin:
  X: -0.21118199825286865
  Y: 0.0005430000019259751
  Z: -0.12200900167226791
boundingForTraverse: 0.9423279762268066
bugMask: 1
instSizeCafe: -1
instSizeNx: 82040
sortKey: 4423712
