aabbMax:
  X: 0.921875
  Y: 1.4931600093841553
  Z: 0.22766000032424927
aabbMin:
  X: -0.921875
  Y: 0.6875060200691223
  Z: -0.1926250010728836
boundingForTraverse: 0.805653989315033
bugMask: 3
instSizeCafe: 80444
instSizeNx: -1
sortKey: 2322071
