aabbMax:
  X: 0.19567899405956268
  Y: 0.9428709745407104
  Z: 0.21737200021743774
aabbMin:
  X: -0.19567899405956268
  Y: 4.3000000005122274e-05
  Z: -0.1132109984755516
boundingForTraverse: 0.9428279995918274
bugMask: 1
instSizeCafe: 36632
instSizeNx: -1
sortKey: 3223131
