aabbMax:
  X: 0.5795900225639343
  Y: 1.8925800323486328
  Z: 0.2382809966802597
aabbMin:
  X: -0.5454099774360657
  Y: 1.3720699548721313
  Z: -0.17773400247097015
boundingForTraverse: 0.5205100178718567
bugMask: 3
instSizeCafe: 46324
instSizeNx: 131448
sortKey: 3721510
