aabbMax:
  X: 0.9184569716453552
  Y: 1.4931600093841553
  Z: 0.1627199947834015
aabbMin:
  X: -0.9184569716453552
  Y: 0.7705079913139343
  Z: -0.12853999435901642
boundingForTraverse: 0.722652018070221
bugMask: 1
instSizeCafe: -1
instSizeNx: 275136
sortKey: 2222170
