aabbMax:
  X: 0.14746099710464478
  Y: 1.7890599966049194
  Z: 0.21081499755382538
aabbMin:
  X: -0.14746099710464478
  Y: 1.3466800451278687
  Z: -0.24121099710464478
boundingForTraverse: 0.44238001108169556
bugMask: 3
instSizeCafe: -1
instSizeNx: 193232
sortKey: 2521031
