aabbMax:
  X: 0.22631800174713135
  Y: 0.9428709745407104
  Z: 0.2200929969549179
aabbMin:
  X: -0.22631800174713135
  Y: -0.0002209999947808683
  Z: -0.13964800536632538
boundingForTraverse: 0.9430919885635376
bugMask: 1
instSizeCafe: -1
instSizeNx: 102544
sortKey: 4223702
