aabbMax:
  X: 0.1472170054912567
  Y: 1.7939499616622925
  Z: 0.19213899970054626
aabbMin:
  X: -0.1472170054912567
  Y: 1.374019980430603
  Z: -0.5102540254592896
boundingForTraverse: 0.41993001103401184
bugMask: 1
instSizeCafe: -1
instSizeNx: 153264
sortKey: 4721021
