aabbMax:
  X: 0.19982899725437164
  Y: 1.8964799642562866
  Z: 0.20251500606536865
aabbMin:
  X: -0.19982899725437164
  Y: 1.3574199676513672
  Z: -0.26147499680519104
boundingForTraverse: 0.5390599966049194
bugMask: 3
instSizeCafe: 69316
instSizeNx: 173864
sortKey: 2321071
