aabbMax:
  X: 0.9179689884185791
  Y: 1.4931600093841553
  Z: 0.17700199782848358
aabbMin:
  X: -0.9179689884185791
  Y: 0.6513890027999878
  Z: -0.14403900504112244
boundingForTraverse: 0.8417710065841675
bugMask: 1
instSizeCafe: 97068
instSizeNx: -1
sortKey: 4622734
