aabbMax:
  X: 0.21362300217151642
  Y: 0.9428709745407104
  Z: 0.2170410007238388
aabbMin:
  X: -0.21362300217151642
  Y: 0.0005440000095404685
  Z: -0.1336670070886612
boundingForTraverse: 0.9423270225524902
bugMask: 1
instSizeCafe: -1
instSizeNx: 126552
sortKey: 4723024
