aabbMax:
  X: 0.27490198612213135
  Y: 1.8242199420928955
  Z: 0.21691900491714478
aabbMin:
  X: -0.27490198612213135
  Y: 1.1855499744415283
  Z: -0.23791499435901642
boundingForTraverse: 0.638670027256012
bugMask: 3
instSizeCafe: -1
instSizeNx: 204464
sortKey: 6421867
