aabbMax:
  X: 0.16405899822711945
  Y: 1.7929699420928955
  Z: 0.18773700296878815
aabbMin:
  X: -0.16405899822711945
  Y: 1.433590054512024
  Z: -0.6137700080871582
boundingForTraverse: 0.35938000679016113
bugMask: 1
instSizeCafe: 76444
instSizeNx: -1
sortKey: 4121200
