aabbMax:
  X: 0.22509799897670746
  Y: 1.839840054512024
  Z: 0.22680699825286865
aabbMin:
  X: -0.22509799897670746
  Y: 1.2070300579071045
  Z: -0.21106000244617462
boundingForTraverse: 0.6328099966049194
bugMask: 1
instSizeCafe: -1
instSizeNx: 152736
sortKey: 3021193
