aabbMax:
  X: 0.14721299707889557
  Y: 1.777340054512024
  Z: 0.15893599390983582
aabbMin:
  X: -0.160521999001503
  Y: 1.3740400075912476
  Z: -0.23094700276851654
boundingForTraverse: 0.4032999873161316
bugMask: 1
instSizeCafe: 54528
instSizeNx: -1
sortKey: 5921845
