aabbMax:
  X: 0.1983640044927597
  Y: 0.9428709745407104
  Z: 0.20800800621509552
aabbMin:
  X: -0.1983640044927597
  Y: -0.00039000000106170774
  Z: -0.10717800259590149
boundingForTraverse: 0.9432610273361206
bugMask: 1
instSizeCafe: 25560
instSizeNx: 82152
sortKey: 5323815
