aabbMax:
  X: 0.2243649959564209
  Y: 0.9428709745407104
  Z: 0.2391359955072403
aabbMin:
  X: -0.2243649959564209
  Y: -0.0014459999511018395
  Z: -0.13696299493312836
boundingForTraverse: 0.9443169832229614
bugMask: 1
instSizeCafe: 46884
instSizeNx: 130896
sortKey: 6023850
