aabbMax:
  X: -0.13745099306106567
  Y: 0.9936730265617371
  Z: 0.0021860001143068075
aabbMin:
  X: -0.21057100594043732
  Y: 0.8739640116691589
  Z: -0.06683400273323059
boundingForTraverse: 0.11970899999141693
bugMask: 1
instSizeCafe: 22168
instSizeNx: -1
sortKey: 0
