aabbMax:
  X: 0.1470949947834015
  Y: 1.7861299514770508
  Z: 0.1936040073633194
aabbMin:
  X: -0.13610799610614777
  Y: 1.3837900161743164
  Z: -0.2309570014476776
boundingForTraverse: 0.40233999490737915
bugMask: 1
instSizeCafe: 89952
instSizeNx: 198728
sortKey: 1721060
