aabbMax:
  X: 0.24023400247097015
  Y: 0.9428709745407104
  Z: 0.23665599524974823
aabbMin:
  X: -0.24023400247097015
  Y: 0.0005869999877177179
  Z: -0.12268099933862686
boundingForTraverse: 0.9422839879989624
bugMask: 1
instSizeCafe: 28372
instSizeNx: -1
sortKey: 5923845
