aabbMax:
  X: 0.2243649959564209
  Y: 0.9428709745407104
  Z: 0.239096999168396
aabbMin:
  X: -0.2243649959564209
  Y: -0.0014029999729245901
  Z: -0.13695000112056732
boundingForTraverse: 0.9442740082740784
bugMask: 1
instSizeCafe: 46884
instSizeNx: -1
sortKey: 6023850
