aabbMax:
  X: 0.24268099665641785
  Y: 0.9428709745407104
  Z: 0.2377929985523224
aabbMin:
  X: -0.24268099665641785
  Y: 0.0005440000095404685
  Z: -0.12829600274562836
boundingForTraverse: 0.9423270225524902
bugMask: 3
instSizeCafe: 60692
instSizeNx: 148736
sortKey: 3423164
