aabbMax:
  X: 0.9179689884185791
  Y: 1.5058599710464478
  Z: 0.2053219974040985
aabbMin:
  X: -0.9179689884185791
  Y: 0.667481005191803
  Z: -0.17431600391864777
boundingForTraverse: 0.8383790254592896
bugMask: 3
instSizeCafe: -1
instSizeNx: 274520
sortKey: 1322153
