aabbMax:
  X: 0.1514890044927597
  Y: 1.9111299514770508
  Z: 0.19775399565696716
aabbMin:
  X: -0.1514890044927597
  Y: 1.374019980430603
  Z: -0.2309570014476776
boundingForTraverse: 0.5371099710464478
bugMask: 3
instSizeCafe: -1
instSizeNx: 170168
sortKey: 1321153
