aabbMax:
  X: 0.19372500479221344
  Y: 1.9316400289535522
  Z: 0.176269993185997
aabbMin:
  X: -0.19372600317001343
  Y: 1.3886699676513672
  Z: -0.1458739936351776
boundingForTraverse: 0.5429700016975403
bugMask: 1
instSizeCafe: -1
instSizeNx: 208912
sortKey: 2221170
