aabbMax:
  X: 0.16516099870204926
  Y: 1.8437399864196777
  Z: 0.19359000027179718
aabbMin:
  X: -0.16870099306106567
  Y: 0.8086130023002625
  Z: -0.2320519983768463
boundingForTraverse: 1.03512704372406
bugMask: 1
instSizeCafe: 101044
instSizeNx: -1
sortKey: 2621080
