aabbMax:
  X: 0.1474599987268448
  Y: 1.7890599966049194
  Z: 0.21081499755382538
aabbMin:
  X: -0.1474599987268448
  Y: 1.3466999530792236
  Z: -0.2412019968032837
boundingForTraverse: 0.4423600137233734
bugMask: 3
instSizeCafe: 75968
instSizeNx: -1
sortKey: 2521031
