aabbMax:
  X: 0.9179689884185791
  Y: 1.4931600093841553
  Z: 0.16210900247097015
aabbMin:
  X: -0.9179689884185791
  Y: 0.9536129832267761
  Z: -0.11553999781608582
boundingForTraverse: 0.5395470261573792
bugMask: 1
instSizeCafe: 82912
instSizeNx: 185824
sortKey: 1022000
