aabbMax:
  X: 0.9179689884185791
  Y: 1.4931600093841553
  Z: 0.17688000202178955
aabbMin:
  X: -0.9179689884185791
  Y: 0.9042969942092896
  Z: -0.11651600152254105
boundingForTraverse: 0.5888630151748657
bugMask: 1
instSizeCafe: -1
instSizeNx: 169632
sortKey: 5322815
