aabbMax:
  X: 0.38207998871803284
  Y: 2.070310115814209
  Z: 0.48632800579071045
aabbMin:
  X: -0.36743199825286865
  Y: 1.2675800323486328
  Z: -0.17309600114822388
boundingForTraverse: 0.8027300238609314
bugMask: 3
instSizeCafe: 44592
instSizeNx: 114320
sortKey: 3821520
