aabbMax:
  X: 0.2604930102825165
  Y: 1.8886699676513672
  Z: 0.2114260047674179
aabbMin:
  X: -0.22192400693893433
  Y: 1.374019980430603
  Z: -0.2265619933605194
boundingForTraverse: 0.5146499872207642
bugMask: 3
instSizeCafe: -1
instSizeNx: 196912
sortKey: 5121805
