aabbMax:
  X: 0.19054999947547913
  Y: 1.7939499616622925
  Z: 0.1887120008468628
aabbMin:
  X: -0.19054900109767914
  Y: 1.168969988822937
  Z: -0.18944400548934937
boundingForTraverse: 0.6249799728393555
bugMask: 1
instSizeCafe: 78840
instSizeNx: -1
sortKey: 2021450
