aabbMax:
  X: 0.16552700102329254
  Y: 1.9003100395202637
  Z: 0.1978760063648224
aabbMin:
  X: -0.16552700102329254
  Y: 1.2734400033950806
  Z: -0.22033700346946716
boundingForTraverse: 0.6268699765205383
bugMask: 3
instSizeCafe: -1
instSizeNx: 208976
sortKey: 3421161
