aabbMax:
  X: 0.14721299707889557
  Y: 1.7861299514770508
  Z: 0.19359000027179718
aabbMin:
  X: -0.14721399545669556
  Y: 1.3740400075912476
  Z: -0.23094700276851654
boundingForTraverse: 0.412090003490448
bugMask: 1
instSizeCafe: 88180
instSizeNx: -1
sortKey: 1421384
