aabbMax:
  X: 0.9179689884185791
  Y: 1.4931600093841553
  Z: 0.19701099395751953
aabbMin:
  X: -0.9179689884185791
  Y: 0.6635940074920654
  Z: -0.1455029994249344
boundingForTraverse: 0.8295660018920898
bugMask: 1
instSizeCafe: 135856
instSizeNx: -1
sortKey: 1222012
