aabbMax:
  X: 0.24023400247097015
  Y: 0.9428709745407104
  Z: 0.23669399321079254
aabbMin:
  X: -0.24023400247097015
  Y: 0.0005440000095404685
  Z: -0.12268099933862686
boundingForTraverse: 0.9423270225524902
bugMask: 1
instSizeCafe: -1
instSizeNx: 85280
sortKey: 5923845
