aabbMax:
  X: 0.9179689884185791
  Y: 1.4951200485229492
  Z: 0.1632079929113388
aabbMin:
  X: -0.9179689884185791
  Y: 0.8198239803314209
  Z: -0.12951700389385223
boundingForTraverse: 0.6752960085868835
bugMask: 1
instSizeCafe: 126736
instSizeNx: -1
sortKey: 2622081
