aabbMax:
  X: 0.9189450144767761
  Y: 1.5566400289535522
  Z: 0.3012700080871582
aabbMin:
  X: -0.9189450144767761
  Y: 0.6245449781417847
  Z: -0.18651500344276428
boundingForTraverse: 0.9320949912071228
bugMask: 3
instSizeCafe: 78276
instSizeNx: -1
sortKey: 5522825
