aabbMax:
  X: 0.18603500723838806
  Y: 1.7748299837112427
  Z: 0.20019499957561493
aabbMin:
  X: -0.18603500723838806
  Y: 1.217769980430603
  Z: -0.17907699942588806
boundingForTraverse: 0.5570600032806396
bugMask: 1
instSizeCafe: 61904
instSizeNx: 160312
sortKey: 2721721
