aabbMax:
  X: 0.5795720219612122
  Y: 1.8925800323486328
  Z: 0.2382809966802597
aabbMin:
  X: -0.5454000234603882
  Y: 1.3671900033950806
  Z: -0.17773400247097015
boundingForTraverse: 0.5253900289535522
bugMask: 3
instSizeCafe: 45692
instSizeNx: -1
sortKey: -1
