aabbMax:
  X: 0.13427700102329254
  Y: 1.7929699420928955
  Z: 0.18774400651454926
aabbMin:
  X: -0.13427700102329254
  Y: 1.433590054512024
  Z: -0.6137700080871582
boundingForTraverse: 0.35938000679016113
bugMask: 1
instSizeCafe: -1
instSizeNx: 119104
sortKey: 4221702
