aabbMax:
  X: 0.2095949947834015
  Y: 0.9428709745407104
  Z: 0.22119100391864777
aabbMin:
  X: -0.2095949947834015
  Y: 0.0005440000095404685
  Z: -0.13708500564098358
boundingForTraverse: 0.9423270225524902
bugMask: 1
instSizeCafe: 36048
instSizeNx: 100008
sortKey: 1223011
