aabbMax:
  X: 0.9179689884185791
  Y: 1.4931600093841553
  Z: 0.18298299610614777
aabbMin:
  X: -0.9179689884185791
  Y: 0.6513670086860657
  Z: -0.13708500564098358
boundingForTraverse: 0.8417930006980896
bugMask: 1
instSizeCafe: -1
instSizeNx: 221400
sortKey: 4322707
