aabbMax:
  X: 0.9179689884185791
  Y: 1.53125
  Z: 0.2017820030450821
aabbMin:
  X: -0.9179689884185791
  Y: 0.15148800611495972
  Z: -0.5419409871101379
boundingForTraverse: 1.379762053489685
bugMask: 1
instSizeCafe: 188044
instSizeNx: -1
sortKey: 6022850
