aabbMax:
  X: 0.2590329945087433
  Y: 0.9428709745407104
  Z: 0.238769993185997
aabbMin:
  X: -0.2590329945087433
  Y: -0.00023400000645779073
  Z: -0.13732899725437164
boundingForTraverse: 0.9431049823760986
bugMask: 3
instSizeCafe: -1
instSizeNx: 127776
sortKey: 1323154
