aabbMax:
  X: 0.2512210011482239
  Y: 1.9277299642562866
  Z: 0.1900629997253418
aabbMin:
  X: -0.2512210011482239
  Y: 1.4238300323486328
  Z: -0.1566160023212433
boundingForTraverse: 0.5038999915122986
bugMask: 3
instSizeCafe: -1
instSizeNx: 102568
sortKey: 5521825
