aabbMax:
  X: 0.22692899405956268
  Y: 0.9428709745407104
  Z: 0.2377929985523224
aabbMin:
  X: -0.22692899405956268
  Y: 0.0
  Z: -0.12304700165987015
boundingForTraverse: 0.9428709745407104
bugMask: 1
instSizeCafe: -1
instSizeNx: 151456
sortKey: 2023450
