aabbMax:
  X: 0.2607420086860657
  Y: 2.101560115814209
  Z: 0.2239989936351776
aabbMin:
  X: -0.2607420086860657
  Y: 1.2978500127792358
  Z: -0.3459469974040985
boundingForTraverse: 0.8037099838256836
bugMask: 1
instSizeCafe: -1
instSizeNx: 145368
sortKey: 5421820
