aabbMax:
  X: 0.9184569716453552
  Y: 1.4931600093841553
  Z: 0.18432599306106567
aabbMin:
  X: -0.9184569716453552
  Y: 0.5009980201721191
  Z: -0.18029199540615082
boundingForTraverse: 0.9921619892120361
bugMask: 1
instSizeCafe: 151996
instSizeNx: -1
sortKey: 5922845
