aabbMax:
  X: 0.19433599710464478
  Y: 0.9428709745407104
  Z: 0.21020500361919403
aabbMin:
  X: -0.19433599710464478
  Y: 0.0004070000140927732
  Z: -0.10565199702978134
boundingForTraverse: 0.9424639940261841
bugMask: 1
instSizeCafe: -1
instSizeNx: 99848
sortKey: 2623083
