aabbMax:
  X: 0.22485299408435822
  Y: 0.9428709745407104
  Z: 0.2265630066394806
aabbMin:
  X: -0.2248540073633194
  Y: -0.020217999815940857
  Z: -0.1275629997253418
boundingForTraverse: 0.9630889892578125
bugMask: 1
instSizeCafe: -1
instSizeNx: 99456
sortKey: 3623510
