aabbMax:
  X: 0.30346399545669556
  Y: 1.780269980430603
  Z: 0.23645000159740448
aabbMin:
  X: -0.30346399545669556
  Y: 0.744691014289856
  Z: -0.35033801198005676
boundingForTraverse: 1.035578966140747
bugMask: 1
instSizeCafe: 67796
instSizeNx: -1
sortKey: 1221014
