aabbMax:
  X: 0.23876799643039703
  Y: 1.9882800579071045
  Z: 0.3837890028953552
aabbMin:
  X: -0.2387630045413971
  Y: 1.3994100093841553
  Z: -0.19567899405956268
boundingForTraverse: 0.5888699889183044
bugMask: 3
instSizeCafe: 47500
instSizeNx: -1
sortKey: 3921530
