aabbMax:
  X: 0.20373499393463135
  Y: 0.9428709745407104
  Z: 0.21203599870204926
aabbMin:
  X: -0.20385700464248657
  Y: 0.0004920000210404396
  Z: -0.11975099891424179
boundingForTraverse: 0.9423789978027344
bugMask: 3
instSizeCafe: 28372
instSizeNx: 85280
sortKey: 5523825
