aabbMax:
  X: 0.9189450144767761
  Y: 1.5566400289535522
  Z: 0.3012700080871582
aabbMin:
  X: -0.9189450144767761
  Y: 0.6245120167732239
  Z: -0.18652300536632538
boundingForTraverse: 0.9321280121803284
bugMask: 3
instSizeCafe: -1
instSizeNx: 170800
sortKey: 5522825
