aabbMax:
  X: 0.1666260063648224
  Y: 1.8691400289535522
  Z: 0.2846679985523224
aabbMin:
  X: -0.1666260063648224
  Y: 1.2734400033950806
  Z: -0.24987800419330597
boundingForTraverse: 0.5957000255584717
bugMask: 3
instSizeCafe: -1
instSizeNx: 188368
sortKey: 6321861
