aabbMax:
  X: 0.24243199825286865
  Y: 1.8583999872207642
  Z: 0.4631350040435791
aabbMin:
  X: -0.24243199825286865
  Y: 1.2734400033950806
  Z: -0.22168000042438507
boundingForTraverse: 0.5849599838256836
bugMask: 3
instSizeCafe: -1
instSizeNx: 188432
sortKey: 6221856
