aabbMax:
  X: 0.9179689884185791
  Y: 1.4931600093841553
  Z: 0.1813959926366806
aabbMin:
  X: -0.9179689884185791
  Y: 0.7646480202674866
  Z: -0.14270000159740448
boundingForTraverse: 0.7285119891166687
bugMask: 1
instSizeCafe: 69412
instSizeNx: -1
sortKey: 2022450
