aabbMax:
  X: 0.21325699985027313
  Y: 0.9428709745407104
  Z: 0.2170410007238388
aabbMin:
  X: -0.21325699985027313
  Y: 0.0005430000019259751
  Z: -0.11737100034952164
boundingForTraverse: 0.9423279762268066
bugMask: 1
instSizeCafe: 25200
instSizeNx: 82040
sortKey: 4523718
