aabbMax:
  X: 0.22985799610614777
  Y: 0.9428709745407104
  Z: 0.21862800419330597
aabbMin:
  X: -0.22985799610614777
  Y: -0.000526999996509403
  Z: -0.1340329945087433
boundingForTraverse: 0.9433979988098145
bugMask: 1
instSizeCafe: -1
instSizeNx: 130272
sortKey: 3023191
