aabbMax:
  X: 0.9179689884185791
  Y: 1.4931600093841553
  Z: 0.1757809966802597
aabbMin:
  X: -0.9179689884185791
  Y: 0.6425780057907104
  Z: -0.14526399970054626
boundingForTraverse: 0.8505820035934448
bugMask: 1
instSizeCafe: 129092
instSizeNx: 272512
sortKey: 1122001
