aabbMax:
  X: 0.9179689884185791
  Y: 1.5058599710464478
  Z: 0.20531100034713745
aabbMin:
  X: -0.9179689884185791
  Y: 0.6674990057945251
  Z: -0.1743140071630478
boundingForTraverse: 0.8383610248565674
bugMask: 3
instSizeCafe: 129932
instSizeNx: -1
sortKey: 1322154
