aabbMax:
  X: 0.14721299707889557
  Y: 1.7939499616622925
  Z: 0.19212499260902405
aabbMin:
  X: -0.14721399545669556
  Y: 1.3740400075912476
  Z: -0.5102540254592896
boundingForTraverse: 0.4199100136756897
bugMask: 1
instSizeCafe: 73720
instSizeNx: -1
sortKey: 4721021
