aabbMax:
  X: 0.2277829945087433
  Y: 0.9428709745407104
  Z: 0.22985799610614777
aabbMin:
  X: -0.2277829945087433
  Y: -0.010514000430703163
  Z: -0.11401399970054626
boundingForTraverse: 0.9533849954605103
bugMask: 3
instSizeCafe: 53296
instSizeNx: 140816
sortKey: 2323070
