aabbMax:
  X: 0.9179689884185791
  Y: 1.4931600093841553
  Z: 0.18469199538230896
aabbMin:
  X: -0.9179689884185791
  Y: 0.6606619954109192
  Z: -0.17052599787712097
boundingForTraverse: 0.8324980139732361
bugMask: 3
instSizeCafe: 116108
instSizeNx: -1
sortKey: 1922042
