aabbMax:
  X: 0.9179689884185791
  Y: 1.4931600093841553
  Z: 0.20251500606536865
aabbMin:
  X: -0.9179689884185791
  Y: 0.75
  Z: -0.22423900663852692
boundingForTraverse: 0.7431600093841553
bugMask: 3
instSizeCafe: 78160
instSizeNx: -1
sortKey: 6522875
