aabbMax:
  X: 0.9179689884185791
  Y: 1.4931600093841553
  Z: 0.18469199538230896
aabbMin:
  X: -0.9179689884185791
  Y: 0.6606450080871582
  Z: -0.1705320030450821
boundingForTraverse: 0.8325150012969971
bugMask: 3
instSizeCafe: 116108
instSizeNx: 258136
sortKey: 1922040
