aabbMax:
  X: 0.19371800124645233
  Y: 1.9316400289535522
  Z: 0.176269993185997
aabbMin:
  X: -0.19371800124645233
  Y: 1.388700008392334
  Z: -0.1458739936351776
boundingForTraverse: 0.5429400205612183
bugMask: 1
instSizeCafe: 86552
instSizeNx: -1
sortKey: 2221170
