aabbMax:
  X: 0.33398398756980896
  Y: 1.9271700382232666
  Z: 0.24328599870204926
aabbMin:
  X: -0.33398398756980896
  Y: 1.3518500328063965
  Z: -0.23094700276851654
boundingForTraverse: 0.5753200054168701
bugMask: 1
instSizeCafe: 84012
instSizeNx: -1
sortKey: 5221810
