aabbMax:
  X: 0.22485299408435822
  Y: 0.9428709745407104
  Z: 0.22652600705623627
aabbMin:
  X: -0.2248540073633194
  Y: -0.02017199993133545
  Z: -0.12755300104618073
boundingForTraverse: 0.9630429744720459
bugMask: 1
instSizeCafe: 35656
instSizeNx: -1
sortKey: 3623512
