aabbMax:
  X: 0.9179689884185791
  Y: 1.4931600093841553
  Z: 0.19677700102329254
aabbMin:
  X: -0.9179689884185791
  Y: 0.6586909890174866
  Z: -0.16076700389385223
boundingForTraverse: 0.8344690203666687
bugMask: 1
instSizeCafe: -1
instSizeNx: 186704
sortKey: 3122728
