aabbMax:
  X: 0.9184569716453552
  Y: 1.4931600093841553
  Z: 0.1627199947834015
aabbMin:
  X: -0.9184569716453552
  Y: 0.7705090045928955
  Z: -0.12853999435901642
boundingForTraverse: 0.7226510047912598
bugMask: 1
instSizeCafe: 120660
instSizeNx: -1
sortKey: 2222172
