aabbMax:
  X: 0.9179689884185791
  Y: 1.4931600093841553
  Z: 0.17773400247097015
aabbMin:
  X: -0.9179689884185791
  Y: 0.6772459745407104
  Z: -0.1510010063648224
boundingForTraverse: 0.8159139752388
bugMask: 1
instSizeCafe: 86652
instSizeNx: 174248
sortKey: 2922110
