aabbMax:
  X: 0.9179689884185791
  Y: 1.4931600093841553
  Z: 0.17773400247097015
aabbMin:
  X: -0.9179689884185791
  Y: 0.677262008190155
  Z: -0.15099599957466125
boundingForTraverse: 0.8158980011940002
bugMask: 1
instSizeCafe: 87196
instSizeNx: -1
sortKey: 2922111
