aabbMax:
  X: 0.9179689884185791
  Y: 1.4931600093841553
  Z: 0.19677500426769257
aabbMin:
  X: -0.9179689884185791
  Y: 0.6587110161781311
  Z: -0.16076500713825226
boundingForTraverse: 0.8344489932060242
bugMask: 1
instSizeCafe: 96484
instSizeNx: -1
sortKey: 3122729
