aabbMax:
  X: 0.1341550052165985
  Y: 1.780269980430603
  Z: 0.18211600184440613
aabbMin:
  X: -0.1795240044593811
  Y: 1.4453200101852417
  Z: -0.5117189884185791
boundingForTraverse: 0.3349500000476837
bugMask: 1
instSizeCafe: 59992
instSizeNx: -1
sortKey: 4321710
