aabbMax:
  X: -0.06567800045013428
  Y: 1.0126899480819702
  Z: -0.0403750017285347
aabbMin:
  X: -0.1806589961051941
  Y: 0.8764749765396118
  Z: -0.1583160012960434
boundingForTraverse: 0.1362150013446808
bugMask: 1
instSizeCafe: 31568
instSizeNx: -1
sortKey: 0
