aabbMax:
  X: 0.21362300217151642
  Y: 0.9428709745407104
  Z: 0.22652600705623627
aabbMin:
  X: -0.21362300217151642
  Y: -0.00044999999227002263
  Z: -0.12974999845027924
boundingForTraverse: 0.9433209896087646
bugMask: 1
instSizeCafe: 35944
instSizeNx: -1
sortKey: 1723062
