aabbMax:
  X: 0.9179689884185791
  Y: 1.4980499744415283
  Z: 0.19543500244617462
aabbMin:
  X: -0.9179689884185791
  Y: 0.6552730202674866
  Z: -0.14086900651454926
boundingForTraverse: 0.8427770137786865
bugMask: 3
instSizeCafe: 82772
instSizeNx: 168128
sortKey: 3422164
