aabbMax:
  X: 0.16551899909973145
  Y: 1.9003100395202637
  Z: 0.1978760063648224
aabbMin:
  X: -0.16551899909973145
  Y: 1.273460030555725
  Z: -0.2203270047903061
boundingForTraverse: 0.6268500089645386
bugMask: 3
instSizeCafe: 97420
instSizeNx: -1
sortKey: 3421162
