aabbMax:
  X: 0.2022700011730194
  Y: 0.9428709745407104
  Z: 0.21020500361919403
aabbMin:
  X: -0.2022709995508194
  Y: 0.0005440000095404685
  Z: -0.1241459995508194
boundingForTraverse: 0.9423270225524902
bugMask: 1
instSizeCafe: 48296
instSizeNx: 122824
sortKey: 4623731
