aabbMax:
  X: 0.12066599726676941
  Y: 1.7568399906158447
  Z: 0.167603000998497
aabbMin:
  X: -0.12451200187206268
  Y: 1.3623000383377075
  Z: -0.12658700346946716
boundingForTraverse: 0.394540011882782
bugMask: 1
instSizeCafe: 85564
instSizeNx: 187152
sortKey: 3221133
