aabbMax:
  X: 0.16405899822711945
  Y: 1.7929699420928955
  Z: 0.1735839992761612
aabbMin:
  X: -0.16405899822711945
  Y: 1.4433599710464478
  Z: -0.6137700080871582
boundingForTraverse: 0.34961000084877014
bugMask: 1
instSizeCafe: 79196
instSizeNx: -1
sortKey: 3121727
