aabbMax:
  X: 0.22631800174713135
  Y: 0.9428709745407104
  Z: 0.2200929969549179
aabbMin:
  X: -0.22631800174713135
  Y: -0.0002209999947808683
  Z: -0.1479489952325821
boundingForTraverse: 0.9430919885635376
bugMask: 1
instSizeCafe: 25200
instSizeNx: 82040
sortKey: 3123730
