aabbMax:
  X: 0.9179689884185791
  Y: 1.4931600093841553
  Z: 0.18298299610614777
aabbMin:
  X: -0.9179689884185791
  Y: 0.6513890027999878
  Z: -0.13708099722862244
boundingForTraverse: 0.8417710065841675
bugMask: 1
instSizeCafe: 105992
instSizeNx: -1
sortKey: 4322710
