aabbMax:
  X: 0.20861800014972687
  Y: 0.9790040254592896
  Z: 0.22384099662303925
aabbMin:
  X: -0.20861800014972687
  Y: -0.0013549999566748738
  Z: -0.10809300094842911
boundingForTraverse: 0.9803590178489685
bugMask: 1
instSizeCafe: 74004
instSizeNx: -1
sortKey: 2923113
