aabbMax:
  X: 0.15283100306987762
  Y: 1.7968800067901611
  Z: 0.1836940050125122
aabbMin:
  X: -0.1495320051908493
  Y: 1.4531300067901611
  Z: -0.4638670086860657
boundingForTraverse: 0.34375
bugMask: 1
instSizeCafe: 56500
instSizeNx: -1
sortKey: 4521718
