aabbMax:
  X: 0.21508799493312836
  Y: 2.109380006790161
  Z: 0.2153320014476776
aabbMin:
  X: -0.21508799493312836
  Y: 0.8203129768371582
  Z: -0.2309570014476776
boundingForTraverse: 1.289067029953003
bugMask: 1
instSizeCafe: 123348
instSizeNx: 271512
sortKey: -3
