aabbMax:
  X: 0.20373499393463135
  Y: 0.9428709745407104
  Z: 0.2120019942522049
aabbMin:
  X: -0.20385700464248657
  Y: 0.0005339999916031957
  Z: -0.11974100023508072
boundingForTraverse: 0.9423369765281677
bugMask: 3
instSizeCafe: 28372
instSizeNx: -1
sortKey: 5523825
