aabbMax:
  X: 0.1666260063648224
  Y: 1.8691400289535522
  Z: 0.2846679985523224
aabbMin:
  X: -0.1666260063648224
  Y: 1.273460030555725
  Z: -0.24987800419330597
boundingForTraverse: 0.5956799983978271
bugMask: 3
instSizeCafe: 86600
instSizeNx: -1
sortKey: 6321861
