aabbMax:
  X: 0.9179689884185791
  Y: 1.4931600093841553
  Z: 0.1757809966802597
aabbMin:
  X: -0.9179689884185791
  Y: 0.9536129832267761
  Z: -0.13134799897670746
boundingForTraverse: 0.5395470261573792
bugMask: 1
instSizeCafe: 71056
instSizeNx: 153384
sortKey: 5022800
