aabbMax:
  X: 0.14721299707889557
  Y: 1.7724599838256836
  Z: 0.15649400651454926
aabbMin:
  X: -0.14721399545669556
  Y: 1.3740400075912476
  Z: -0.19091199338436127
boundingForTraverse: 0.3984200060367584
bugMask: 1
instSizeCafe: 64288
instSizeNx: -1
sortKey: 2921110
