aabbMax:
  X: 0.5795720219612122
  Y: 1.8925800323486328
  Z: 0.2382809966802597
aabbMin:
  X: -0.5454000234603882
  Y: 1.3720699548721313
  Z: -0.17773400247097015
boundingForTraverse: 0.5205100178718567
bugMask: 3
instSizeCafe: 46828
instSizeNx: -1
sortKey: 3721510
