aabbMax:
  X: 0.203125
  Y: 0.9428709745407104
  Z: 0.24605299532413483
aabbMin:
  X: -0.203125
  Y: 4.3000000005122274e-05
  Z: -0.120107002556324
boundingForTraverse: 0.9428279995918274
bugMask: 3
instSizeCafe: 45416
instSizeNx: -1
sortKey: 2523031
