aabbMax:
  X: 0.19592300057411194
  Y: 0.9790040254592896
  Z: 0.2137109935283661
aabbMin:
  X: -0.19628900289535522
  Y: 0.0009769999887794256
  Z: -0.10504099726676941
boundingForTraverse: 0.9780269861221313
bugMask: 1
instSizeCafe: 48296
instSizeNx: -1
sortKey: 0
