aabbMax:
  X: 0.9179689884185791
  Y: 1.5
  Z: 0.18078599870204926
aabbMin:
  X: -0.9179689884185791
  Y: 0.7226560115814209
  Z: -0.1892089992761612
boundingForTraverse: 0.7773439884185791
bugMask: 3
instSizeCafe: -1
instSizeNx: 173288
sortKey: 2522034
