aabbMax:
  X: 0.13574199378490448
  Y: 1.801759958267212
  Z: 0.18176299333572388
aabbMin:
  X: -0.1536870002746582
  Y: 1.385740041732788
  Z: -0.5708010196685791
boundingForTraverse: 0.416020005941391
bugMask: 1
instSizeCafe: -1
instSizeNx: 140208
sortKey: 4621733
