aabbMax:
  X: 0.2282709926366806
  Y: 2.0067598819732666
  Z: 0.1896969974040985
aabbMin:
  X: -0.22058099508285522
  Y: 1.3740400075912476
  Z: -0.23094700276851654
boundingForTraverse: 0.6327199935913086
bugMask: 3
instSizeCafe: 67772
instSizeNx: -1
sortKey: 2821630
