aabbMax:
  X: 0.9179689884185791
  Y: 1.4931600093841553
  Z: 0.1768759936094284
aabbMin:
  X: -0.9179689884185791
  Y: 0.9042969942092896
  Z: -0.11651600152254105
boundingForTraverse: 0.5888630151748657
bugMask: 1
instSizeCafe: 74900
instSizeNx: -1
sortKey: 5322815
