aabbMax:
  X: 0.19592300057411194
  Y: 0.9790040254592896
  Z: 0.21374499797821045
aabbMin:
  X: -0.19628900289535522
  Y: 0.0009330000029876828
  Z: -0.10504099726676941
boundingForTraverse: 0.9780709743499756
bugMask: 1
instSizeCafe: -1
instSizeNx: 122824
sortKey: 0
