aabbMax:
  X: 0.3059079945087433
  Y: 0.9946290254592896
  Z: 0.25947898626327515
aabbMin:
  X: -0.3059079945087433
  Y: 0.00028700000257231295
  Z: -0.14550800621509552
boundingForTraverse: 0.994342029094696
bugMask: 3
instSizeCafe: 38072
instSizeNx: -1
sortKey: 6523875
