aabbMax:
  X: 0.2156980037689209
  Y: 0.9428709745407104
  Z: 0.22643999755382538
aabbMin:
  X: -0.2156980037689209
  Y: 0.0005440000095404685
  Z: -0.1345209926366806
boundingForTraverse: 0.9423270225524902
bugMask: 1
instSizeCafe: -1
instSizeNx: 149216
sortKey: 2223174
