aabbMax:
  X: 0.17773400247097015
  Y: 1.7861299514770508
  Z: 0.1936040073633194
aabbMin:
  X: -0.17773400247097015
  Y: 1.160159945487976
  Z: -0.4189450144767761
boundingForTraverse: 0.6259700059890747
bugMask: 3
instSizeCafe: 80188
instSizeNx: 166896
sortKey: 6521875
