aabbMax:
  X: 0.9179689884185791
  Y: 1.4931600093841553
  Z: 0.19018599390983582
aabbMin:
  X: -0.9179689884185791
  Y: 0.634788990020752
  Z: -0.14709100127220154
boundingForTraverse: 0.8583710193634033
bugMask: 1
instSizeCafe: 131724
instSizeNx: -1
sortKey: 4422714
