aabbMax:
  X: 0.9179689884185791
  Y: 1.4931600093841553
  Z: 0.18286100029945374
aabbMin:
  X: -0.9179689884185791
  Y: 0.5683590173721313
  Z: -0.1666260063648224
boundingForTraverse: 0.9248009920120239
bugMask: 1
instSizeCafe: 136412
instSizeNx: 282248
sortKey: 3022194
