aabbMax:
  X: 0.9179689884185791
  Y: 1.53125
  Z: 0.2017820030450821
aabbMin:
  X: -0.9179689884185791
  Y: 0.15124499797821045
  Z: -0.5419920086860657
boundingForTraverse: 1.3800050020217896
bugMask: 1
instSizeCafe: -1
instSizeNx: 427384
sortKey: 6022850
