aabbMax:
  X: 0.13574199378490448
  Y: 1.801759958267212
  Z: 0.18174999952316284
aabbMin:
  X: -0.1536789983510971
  Y: 1.385759949684143
  Z: -0.5708010196685791
boundingForTraverse: 0.41600000858306885
bugMask: 1
instSizeCafe: 57020
instSizeNx: -1
sortKey: 4621735
