aabbMax:
  X: 0.3632810115814209
  Y: 1.9882800579071045
  Z: 0.37646499276161194
aabbMin:
  X: -0.3632810115814209
  Y: 1.191409945487976
  Z: -0.3264159858226776
boundingForTraverse: 0.7968699932098389
bugMask: 3
instSizeCafe: 48720
instSizeNx: 121712
sortKey: 4021540
