aabbMax:
  X: 0.2022700011730194
  Y: 0.9428709745407104
  Z: 0.21017199754714966
aabbMin:
  X: -0.2022709995508194
  Y: 0.0005869999877177179
  Z: -0.12413500249385834
boundingForTraverse: 0.9422839879989624
bugMask: 1
instSizeCafe: 48292
instSizeNx: -1
sortKey: 4623732
