aabbMax:
  X: 0.19799800217151642
  Y: 0.9428709745407104
  Z: 0.21175800263881683
aabbMin:
  X: -0.19799800217151642
  Y: 0.0005039999959990382
  Z: -0.1103380024433136
boundingForTraverse: 0.9423670172691345
bugMask: 1
instSizeCafe: 25200
instSizeNx: -1
sortKey: 4323707
