aabbMax:
  X: 0.3632729947566986
  Y: 1.9882800579071045
  Z: 0.3764500021934509
aabbMin:
  X: -0.3632729947566986
  Y: 1.1914299726486206
  Z: -0.32640698552131653
boundingForTraverse: 0.7968500256538391
bugMask: 3
instSizeCafe: 48720
instSizeNx: -1
sortKey: 4021540
