aabbMax:
  X: 0.1905519962310791
  Y: 1.7939499616622925
  Z: 0.18872100114822388
aabbMin:
  X: -0.1905519962310791
  Y: 1.1689499616622925
  Z: -0.18945300579071045
boundingForTraverse: 0.625
bugMask: 1
instSizeCafe: -1
instSizeNx: 159792
sortKey: 2021450
