aabbMax:
  X: 0.3820649981498718
  Y: 2.070310115814209
  Z: 0.48630601167678833
aabbMin:
  X: -0.36741700768470764
  Y: 1.2675800323486328
  Z: -0.17309600114822388
boundingForTraverse: 0.8027300238609314
bugMask: 3
instSizeCafe: 45000
instSizeNx: -1
sortKey: 3821520
