aabbMax:
  X: 0.921875
  Y: 1.4931600093841553
  Z: 0.22766099870204926
aabbMin:
  X: -0.921875
  Y: 0.6875
  Z: -0.19262699782848358
boundingForTraverse: 0.8056600093841553
bugMask: 3
instSizeCafe: 80444
instSizeNx: 167928
sortKey: 2322071
