aabbMax:
  X: 0.9179689884185791
  Y: 1.4931600093841553
  Z: 0.19323700666427612
aabbMin:
  X: -0.9184569716453552
  Y: 0.6128309965133667
  Z: -0.17149999737739563
boundingForTraverse: 0.8803290128707886
bugMask: 1
instSizeCafe: 101356
instSizeNx: -1
sortKey: 1722064
