aabbMax:
  X: 0.9194340109825134
  Y: 1.4931600093841553
  Z: 0.19518999755382538
aabbMin:
  X: -0.9194340109825134
  Y: 0.7089840173721313
  Z: -0.1440429985523224
boundingForTraverse: 0.7841759920120239
bugMask: 1
instSizeCafe: -1
instSizeNx: 218040
sortKey: 1522001
