aabbMax:
  X: 0.22692899405956268
  Y: 0.9428709745407104
  Z: 0.23242199420928955
aabbMin:
  X: -0.22692899405956268
  Y: -0.0005089999758638442
  Z: -0.12304700165987015
boundingForTraverse: 0.9433799982070923
bugMask: 3
instSizeCafe: -1
instSizeNx: 171656
sortKey: 1923044
