aabbMax:
  X: 0.9179689884185791
  Y: 1.5
  Z: 0.18078599870204926
aabbMin:
  X: -0.9179689884185791
  Y: 0.7226700186729431
  Z: -0.18920400738716125
boundingForTraverse: 0.7773299813270569
bugMask: 3
instSizeCafe: 82604
instSizeNx: -1
sortKey: 2522030
