aabbMax:
  X: 0.20861800014972687
  Y: 0.9790040254592896
  Z: 0.22387699782848358
aabbMin:
  X: -0.20861800014972687
  Y: -0.001398000051267445
  Z: -0.10809300094842911
boundingForTraverse: 0.9804019927978516
bugMask: 1
instSizeCafe: -1
instSizeNx: 175192
sortKey: 2923110
