aabbMax:
  X: 0.1983640044927597
  Y: 0.9428709745407104
  Z: 0.20797500014305115
aabbMin:
  X: -0.1983640044927597
  Y: -0.00034699999378062785
  Z: -0.10717800259590149
boundingForTraverse: 0.9432179927825928
bugMask: 1
instSizeCafe: 25560
instSizeNx: -1
sortKey: 5323815
