aabbMax:
  X: 0.14721299707889557
  Y: 1.9189399480819702
  Z: 0.19359000027179718
aabbMin:
  X: -0.14721399545669556
  Y: 1.3740400075912476
  Z: -0.20995700359344482
boundingForTraverse: 0.5449000000953674
bugMask: 1
instSizeCafe: 78728
instSizeNx: -1
sortKey: 1921042
