aabbMax:
  X: 0.9194340109825134
  Y: 1.4931600093841553
  Z: 0.19518999755382538
aabbMin:
  X: -0.9194340109825134
  Y: 0.7089909911155701
  Z: -0.1440410017967224
boundingForTraverse: 0.7841690182685852
bugMask: 1
instSizeCafe: 101644
instSizeNx: -1
sortKey: 1522001
