aabbMax:
  X: 0.12066099792718887
  Y: 1.7568399906158447
  Z: 0.167603000998497
aabbMin:
  X: -0.12450499832630157
  Y: 1.3623100519180298
  Z: -0.12658600509166718
boundingForTraverse: 0.3945299983024597
bugMask: 1
instSizeCafe: 85560
instSizeNx: -1
sortKey: 3221134
