aabbMax:
  X: 0.2277829945087433
  Y: 0.9428709745407104
  Z: 0.22982099652290344
aabbMin:
  X: -0.2277829945087433
  Y: -0.010467000305652618
  Z: -0.11400400102138519
boundingForTraverse: 0.9533380270004272
bugMask: 3
instSizeCafe: 53296
instSizeNx: -1
sortKey: 2323073
