aabbMax:
  X: 0.2604849934577942
  Y: 1.888659954071045
  Z: 0.2114260047674179
aabbMin:
  X: -0.22192400693893433
  Y: 1.3740400075912476
  Z: -0.2265540063381195
boundingForTraverse: 0.5146200060844421
bugMask: 3
instSizeCafe: 102716
instSizeNx: -1
sortKey: 5121805
