aabbMax:
  X: 0.1472170054912567
  Y: 1.777340054512024
  Z: 0.15893599390983582
aabbMin:
  X: -0.16052299737930298
  Y: 1.374019980430603
  Z: -0.2309570014476776
boundingForTraverse: 0.4033200144767761
bugMask: 1
instSizeCafe: 54528
instSizeNx: 128040
sortKey: 5921845
