aabbMax:
  X: 0.22631800174713135
  Y: 0.9428709745407104
  Z: 0.22005699574947357
aabbMin:
  X: -0.22631800174713135
  Y: -0.00017800000205170363
  Z: -0.13963699340820312
boundingForTraverse: 0.9430490136146545
bugMask: 1
instSizeCafe: 33904
instSizeNx: -1
sortKey: 4223701
