aabbMax:
  X: 0.9179689884185791
  Y: 1.4931600093841553
  Z: 0.19018599390983582
aabbMin:
  X: -0.9179689884185791
  Y: 0.6347659826278687
  Z: -0.1470949947834015
boundingForTraverse: 0.8583940267562866
bugMask: 1
instSizeCafe: -1
instSizeNx: 282760
sortKey: 4422712
