aabbMax:
  X: 0.1470949947834015
  Y: 1.7861299514770508
  Z: 0.19359000027179718
aabbMin:
  X: -0.13610699772834778
  Y: 1.3838000297546387
  Z: -0.23094700276851654
boundingForTraverse: 0.4023300111293793
bugMask: 1
instSizeCafe: 89948
instSizeNx: -1
sortKey: 1721062
