aabbMax:
  X: 0.1514890044927597
  Y: 1.9111299514770508
  Z: 0.19775399565696716
aabbMin:
  X: -0.1514890044927597
  Y: 1.3740400075912476
  Z: -0.23094700276851654
boundingForTraverse: 0.537090003490448
bugMask: 3
instSizeCafe: 80384
instSizeNx: -1
sortKey: 1321153
