aabbMax:
  X: 0.24268099665641785
  Y: 0.9428709745407104
  Z: 0.2377540022134781
aabbMin:
  X: -0.24268099665641785
  Y: 0.0005869999877177179
  Z: -0.1282770037651062
boundingForTraverse: 0.9422839879989624
bugMask: 3
instSizeCafe: 60688
instSizeNx: -1
sortKey: 3423163
