aabbMax:
  X: -0.06567399948835373
  Y: 1.0126999616622925
  Z: -0.0403750017285347
aabbMin:
  X: -0.18066400289535522
  Y: 0.8764650225639343
  Z: -0.15832500159740448
boundingForTraverse: 0.13623499870300293
bugMask: 1
instSizeCafe: -1
instSizeNx: 101312
sortKey: 0
