aabbMax:
  X: 0.21325699985027313
  Y: 0.9428709745407104
  Z: 0.21700599789619446
aabbMin:
  X: -0.21325699985027313
  Y: 0.0005859999801032245
  Z: -0.11736100167036057
boundingForTraverse: 0.9422850012779236
bugMask: 1
instSizeCafe: 25196
instSizeNx: -1
sortKey: 4523718
