aabbMax:
  X: 0.21118199825286865
  Y: 0.9428709745407104
  Z: 0.21737200021743774
aabbMin:
  X: -0.21118199825286865
  Y: 0.0005859999801032245
  Z: -0.12199900299310684
boundingForTraverse: 0.9422850012779236
bugMask: 1
instSizeCafe: 25200
instSizeNx: -1
sortKey: 4423713
