aabbMax:
  X: 0.22692899405956268
  Y: 0.9428709745407104
  Z: 0.23238399624824524
aabbMin:
  X: -0.22692899405956268
  Y: -0.00046499999007210135
  Z: -0.12304399907588959
boundingForTraverse: 0.943336009979248
bugMask: 3
instSizeCafe: 67632
instSizeNx: -1
sortKey: 1923040
