aabbMax:
  X: 0.20288099348545074
  Y: 0.9428709745407104
  Z: 0.21887199580669403
aabbMin:
  X: -0.20288099348545074
  Y: 0.0004870000120718032
  Z: -0.11743199825286865
boundingForTraverse: 0.9423840045928955
bugMask: 1
instSizeCafe: 49700
instSizeNx: 126528
sortKey: 1023000
