aabbMax:
  X: 0.3059079945087433
  Y: 0.9946290254592896
  Z: 0.2595219910144806
aabbMin:
  X: -0.3059079945087433
  Y: 0.00024399999529123306
  Z: -0.14550800621509552
boundingForTraverse: 0.9943850040435791
bugMask: 3
instSizeCafe: -1
instSizeNx: 106752
sortKey: 6523875
