aabbMax:
  X: 0.14514200389385223
  Y: 1.8007800579071045
  Z: 0.18420399725437164
aabbMin:
  X: -0.1445309966802597
  Y: 1.4189499616622925
  Z: -0.6147459745407104
boundingForTraverse: 0.38183000683784485
bugMask: 1
instSizeCafe: -1
instSizeNx: 163664
sortKey: 4421715
