aabbMax:
  X: 0.9179689884185791
  Y: 1.4931600093841553
  Z: 0.16857899725437164
aabbMin:
  X: -0.9179689884185791
  Y: 0.828125
  Z: -0.12951700389385223
boundingForTraverse: 0.6650350093841553
bugMask: 1
instSizeCafe: 117692
instSizeNx: -1
sortKey: 3222134
