aabbMax:
  X: 0.203125
  Y: 0.9428709745407104
  Z: 0.2460940033197403
aabbMin:
  X: -0.203125
  Y: 0.0
  Z: -0.12011700123548508
boundingForTraverse: 0.9428709745407104
bugMask: 3
instSizeCafe: -1
instSizeNx: 120352
sortKey: 2523034
