aabbMax:
  X: 0.9179689884185791
  Y: 1.4931600093841553
  Z: 0.1744379997253418
aabbMin:
  X: -0.9179689884185791
  Y: 0.6411129832267761
  Z: -0.1470949947834015
boundingForTraverse: 0.8520470261573792
bugMask: 1
instSizeCafe: 153484
instSizeNx: 335928
sortKey: 4522718
