aabbMax:
  X: 0.21508799493312836
  Y: 2.1093599796295166
  Z: 0.2153320014476776
aabbMin:
  X: -0.21508799493312836
  Y: 0.8203499913215637
  Z: -0.23094700276851654
boundingForTraverse: 1.2890100479125977
bugMask: 1
instSizeCafe: 123348
instSizeNx: -1
sortKey: -3
