aabbMax:
  X: 0.2678219974040985
  Y: 1.842769980430603
  Z: 0.32958999276161194
aabbMin:
  X: -0.2678219974040985
  Y: 1.273460030555725
  Z: -0.24890099465847015
boundingForTraverse: 0.5693100094795227
bugMask: 3
instSizeCafe: 70700
instSizeNx: -1
sortKey: 6121854
