aabbMax:
  X: 0.16516099870204926
  Y: 1.84375
  Z: 0.1936040073633194
aabbMin:
  X: -0.16870099306106567
  Y: 0.8085939884185791
  Z: -0.23205600678920746
boundingForTraverse: 1.035156011581421
bugMask: 1
instSizeCafe: 100124
instSizeNx: 206232
sortKey: 2621084
