aabbMax:
  X: 0.2095949947834015
  Y: 0.9428709745407104
  Z: 0.22115600109100342
aabbMin:
  X: -0.2095949947834015
  Y: 0.0005869999877177179
  Z: -0.13707399368286133
boundingForTraverse: 0.9422839879989624
bugMask: 1
instSizeCafe: 36044
instSizeNx: -1
sortKey: 1223010
