aabbMax:
  X: 0.2027589976787567
  Y: 0.9428709745407104
  Z: 0.22457300126552582
aabbMin:
  X: -0.2027589976787567
  Y: 0.0005869999877177179
  Z: -0.12767499685287476
boundingForTraverse: 0.9422839879989624
bugMask: 1
instSizeCafe: 35904
instSizeNx: -1
sortKey: 3523412
