aabbMax:
  X: 0.3034670054912567
  Y: 1.780269980430603
  Z: 0.23645000159740448
aabbMin:
  X: -0.3034670054912567
  Y: 0.7446290254592896
  Z: -0.3503420054912567
boundingForTraverse: 1.0356409549713135
bugMask: 1
instSizeCafe: -1
instSizeNx: 146392
sortKey: -1
