aabbMax:
  X: 0.24243199825286865
  Y: 1.8583999872207642
  Z: 0.4631350040435791
aabbMin:
  X: -0.24243199825286865
  Y: 1.273460030555725
  Z: -0.22168000042438507
boundingForTraverse: 0.5849400162696838
bugMask: 3
instSizeCafe: 86824
instSizeNx: -1
sortKey: 6221859
