aabbMax:
  X: 0.23876899480819702
  Y: 1.9882800579071045
  Z: 0.3837890028953552
aabbMin:
  X: -0.238769993185997
  Y: 1.3994100093841553
  Z: -0.19567899405956268
boundingForTraverse: 0.5888699889183044
bugMask: 3
instSizeCafe: 47500
instSizeNx: 133256
sortKey: 3921530
