aabbMax:
  X: 0.21362300217151642
  Y: 0.9428709745407104
  Z: 0.2265630066394806
aabbMin:
  X: -0.21362300217151642
  Y: -0.0004939999780617654
  Z: -0.1297609955072403
boundingForTraverse: 0.9433649778366089
bugMask: 1
instSizeCafe: 35948
instSizeNx: 99848
sortKey: 1723061
