aabbMax:
  X: 0.21362300217151642
  Y: 0.9428709745407104
  Z: 0.21700599789619446
aabbMin:
  X: -0.21362300217151642
  Y: 0.0005869999877177179
  Z: -0.13365599513053894
boundingForTraverse: 0.9422839879989624
bugMask: 1
instSizeCafe: 49712
instSizeNx: -1
sortKey: 4723022
