aabbMax:
  X: 0.9179689884185791
  Y: 1.4931600093841553
  Z: 0.17773400247097015
aabbMin:
  X: -0.9179689884185791
  Y: 0.6513670086860657
  Z: -0.1440429985523224
boundingForTraverse: 0.8417930006980896
bugMask: 1
instSizeCafe: -1
instSizeNx: 324408
sortKey: 4222702
