aabbMax:
  X: 0.1528320014476776
  Y: 1.7968800067901611
  Z: 0.18371599912643433
aabbMin:
  X: -0.14953599870204926
  Y: 1.4531300067901611
  Z: -0.4638670086860657
boundingForTraverse: 0.34375
bugMask: 1
instSizeCafe: 55836
instSizeNx: 130976
sortKey: 4521717
