aabbMax:
  X: 0.9179689884185791
  Y: 1.4931600093841553
  Z: 0.1760219931602478
aabbMin:
  X: -0.9179689884185791
  Y: 0.7334129810333252
  Z: -0.14049899578094482
boundingForTraverse: 0.7597470283508301
bugMask: 1
instSizeCafe: 89684
instSizeNx: -1
sortKey: 5622830
