aabbMax:
  X: 0.19799800217151642
  Y: 0.9428709745407104
  Z: 0.2117920070886612
aabbMin:
  X: -0.19799800217151642
  Y: 0.00046099998871795833
  Z: -0.11035200208425522
boundingForTraverse: 0.9424099922180176
bugMask: 1
instSizeCafe: 25200
instSizeNx: 82040
sortKey: 4323706
