aabbMax:
  X: 0.16943399608135223
  Y: 1.8710800409317017
  Z: 0.17955900728702545
aabbMin:
  X: -0.16943399608135223
  Y: 1.4345699548721313
  Z: -0.11828599870204926
boundingForTraverse: 0.43650999665260315
bugMask: 1
instSizeCafe: 55568
instSizeNx: -1
sortKey: 5321815
