aabbMax:
  X: 0.9179689884185791
  Y: 1.4931600093841553
  Z: 0.19323700666427612
aabbMin:
  X: -0.9184569716453552
  Y: 0.6127930283546448
  Z: -0.1715089976787567
boundingForTraverse: 0.8803669810295105
bugMask: 1
instSizeCafe: -1
instSizeNx: 204424
sortKey: 1722060
