aabbMax:
  X: 0.17773400247097015
  Y: 1.7861299514770508
  Z: 0.19359000027179718
aabbMin:
  X: -0.17773400247097015
  Y: 1.1601699590682983
  Z: -0.41892799735069275
boundingForTraverse: 0.6259599924087524
bugMask: 3
instSizeCafe: 80184
instSizeNx: -1
sortKey: 6521875
