aabbMax:
  X: 0.19433599710464478
  Y: 0.9428709745407104
  Z: 0.21017199754714966
aabbMin:
  X: -0.19433599710464478
  Y: 0.00044999999227002263
  Z: -0.10564299672842026
boundingForTraverse: 0.942421019077301
bugMask: 1
instSizeCafe: 36452
instSizeNx: -1
sortKey: 2623082
