aabbMax:
  X: 0.5795900225639343
  Y: 1.8925800323486328
  Z: 0.2382809966802597
aabbMin:
  X: -0.5454099774360657
  Y: 1.3671900033950806
  Z: -0.17773400247097015
boundingForTraverse: 0.5253900289535522
bugMask: 3
instSizeCafe: -1
instSizeNx: 130904
sortKey: -1
