aabbMax:
  X: 0.20288099348545074
  Y: 0.9428709745407104
  Z: 0.21883699297904968
aabbMin:
  X: -0.20288099348545074
  Y: 0.0005300000193528831
  Z: -0.11742199957370758
boundingForTraverse: 0.9423410296440125
bugMask: 1
instSizeCafe: 50108
instSizeNx: -1
sortKey: 1023000
