aabbMax:
  X: 0.9179689884185791
  Y: 1.4931600093841553
  Z: 0.1757809966802597
aabbMin:
  X: -0.9179689884185791
  Y: 0.6425999999046326
  Z: -0.14525899291038513
boundingForTraverse: 0.8505600094795227
bugMask: 1
instSizeCafe: 130180
instSizeNx: -1
sortKey: 1122004
