aabbMax:
  X: 0.1472170054912567
  Y: 1.7724599838256836
  Z: 0.15649400651454926
aabbMin:
  X: -0.1472170054912567
  Y: 1.374019980430603
  Z: -0.1909179985523224
boundingForTraverse: 0.39844000339508057
bugMask: 1
instSizeCafe: -1
instSizeNx: 143192
sortKey: 2921113
