aabbMax:
  X: 0.18603500723838806
  Y: 1.7748299837112427
  Z: 0.20019499957561493
aabbMin:
  X: -0.18603500723838806
  Y: 1.2177799940109253
  Z: -0.15466199815273285
boundingForTraverse: 0.5570499897003174
bugMask: 1
instSizeCafe: 61904
instSizeNx: -1
sortKey: 2721723
