aabbMax:
  X: 0.27490198612213135
  Y: 1.8242199420928955
  Z: 0.21691900491714478
aabbMin:
  X: -0.27490198612213135
  Y: 1.1856000423431396
  Z: -0.23791499435901642
boundingForTraverse: 0.6386200189590454
bugMask: 3
instSizeCafe: 92492
instSizeNx: -1
sortKey: 6421869
