aabbMax:
  X: 0.2156980037689209
  Y: 0.9428709745407104
  Z: 0.22640399634838104
aabbMin:
  X: -0.2156980037689209
  Y: 0.0005869999877177179
  Z: -0.13450999557971954
boundingForTraverse: 0.9422839879989624
bugMask: 1
instSizeCafe: 48764
instSizeNx: -1
sortKey: 2223170
