aabbMax:
  X: 0.16943399608135223
  Y: 1.871090054512024
  Z: 0.17956499755382538
aabbMin:
  X: -0.16943399608135223
  Y: 1.4345699548721313
  Z: -0.11828599870204926
boundingForTraverse: 0.4365200102329254
bugMask: 1
instSizeCafe: -1
instSizeNx: 140824
sortKey: 5321815
