aabbMax:
  X: 0.2607420086860657
  Y: 2.101560115814209
  Z: 0.2239989936351776
aabbMin:
  X: -0.2607420086860657
  Y: 1.2978899478912354
  Z: -0.3459379971027374
boundingForTraverse: 0.8036699891090393
bugMask: 1
instSizeCafe: 59312
instSizeNx: -1
sortKey: 5421820
