aabbMax:
  X: 0.16613799333572388
  Y: 1.4248000383377075
  Z: 0.16650399565696716
aabbMin:
  X: -0.15747100114822388
  Y: 1.0156300067901611
  Z: -0.11450199782848358
boundingForTraverse: 0.409170001745224
bugMask: 1
instSizeCafe: -1
instSizeNx: 81032
sortKey: 0
