aabbMax:
  X: 0.22509799897670746
  Y: 1.839840054512024
  Z: 0.22680699825286865
aabbMin:
  X: -0.22509799897670746
  Y: 1.207069993019104
  Z: -0.21105900406837463
boundingForTraverse: 0.6327700018882751
bugMask: 1
instSizeCafe: 74536
instSizeNx: -1
sortKey: 3021194
