aabbMax:
  X: 0.2282709926366806
  Y: 2.0067598819732666
  Z: 0.1896969974040985
aabbMin:
  X: -0.22058099508285522
  Y: 1.374019980430603
  Z: -0.2309570014476776
boundingForTraverse: 0.6327400207519531
bugMask: 3
instSizeCafe: -1
instSizeNx: 153536
sortKey: 2821630
