aabbMax:
  X: 0.9179689884185791
  Y: 1.4931600093841553
  Z: 0.1970209926366806
aabbMin:
  X: -0.9179689884185791
  Y: 0.6635739803314209
  Z: -0.14550800621509552
boundingForTraverse: 0.8295860290527344
bugMask: 1
instSizeCafe: 135860
instSizeNx: 280064
sortKey: 1222013
