aabbMax:
  X: 0.1472170054912567
  Y: 1.9189499616622925
  Z: 0.1936040073633194
aabbMin:
  X: -0.1472170054912567
  Y: 1.374019980430603
  Z: -0.20996099710464478
boundingForTraverse: 0.5449299812316895
bugMask: 1
instSizeCafe: -1
instSizeNx: 174272
sortKey: 1921041
