aabbMax:
  X: 0.1705320030450821
  Y: 2.1424999237060547
  Z: 0.20495599508285522
aabbMin:
  X: -0.1705320030450821
  Y: 1.4355499744415283
  Z: -0.144896999001503
boundingForTraverse: 0.7069500088691711
bugMask: 1
instSizeCafe: 73844
instSizeNx: -1
sortKey: 6021850
