aabbMax:
  X: 0.22692899405956268
  Y: 0.9428709745407104
  Z: 0.2377540022134781
aabbMin:
  X: -0.22692899405956268
  Y: 4.3000000005122274e-05
  Z: -0.12304399907588959
boundingForTraverse: 0.9428279995918274
bugMask: 1
instSizeCafe: 59928
instSizeNx: -1
sortKey: 2023450
