aabbMax:
  X: 0.1472170054912567
  Y: 1.7861299514770508
  Z: 0.1936040073633194
aabbMin:
  X: -0.1472170054912567
  Y: 1.374019980430603
  Z: -0.2309570014476776
boundingForTraverse: 0.41211000084877014
bugMask: 1
instSizeCafe: -1
instSizeNx: 188864
sortKey: 2421372
