aabbMax:
  X: 0.1341550052165985
  Y: 1.780269980430603
  Z: 0.18212899565696716
aabbMin:
  X: -0.17956499755382538
  Y: 1.4453099966049194
  Z: -0.5117189884185791
boundingForTraverse: 0.334960013628006
bugMask: 1
instSizeCafe: -1
instSizeNx: 147584
sortKey: 4321708
