aabbMax:
  X: 0.2590329945087433
  Y: 0.9428709745407104
  Z: 0.2387309968471527
aabbMin:
  X: -0.2590329945087433
  Y: -0.00019099999917671084
  Z: -0.13731800019741058
boundingForTraverse: 0.9430620074272156
bugMask: 3
instSizeCafe: 48176
instSizeNx: -1
sortKey: 1323151
