aabbMax:
  X: 0.1978760063648224
  Y: 2.072190046310425
  Z: 0.24987800419330597
aabbMin:
  X: -0.1978760063648224
  Y: 1.3119399547576904
  Z: -0.2335209995508194
boundingForTraverse: 0.7602499723434448
bugMask: 3
instSizeCafe: -1
instSizeNx: 110168
sortKey: 5821840
