aabbMax:
  X: 0.13427700102329254
  Y: 1.7929699420928955
  Z: 0.18773700296878815
aabbMin:
  X: -0.13427700102329254
  Y: 1.433590054512024
  Z: -0.6137700080871582
boundingForTraverse: 0.35938000679016113
bugMask: 1
instSizeCafe: 47864
instSizeNx: -1
sortKey: 4221704
