aabbMax:
  X: 2.248460054397583
  Y: 2.249160051345825
  Z: 1.6821500062942505
aabbMin:
  X: -2.248460054397583
  Y: -2.2491700649261475
  Z: -1.6821500062942505
boundingForTraverse: 4.498330116271973
bugMask: 3
instSizeCafe: 142560
instSizeNx: -1
sortKey: 0
traverseDist: 99999.0
