aabbMax:
  X: 1.1409300565719604
  Y: 1.0675100088119507
  Z: 1.265030026435852
aabbMin:
  X: -1.1533900499343872
  Y: -1.3101500272750854
  Z: -1.1756900548934937
boundingForTraverse: 2.377660036087036
bugMask: 3
instSizeCafe: -1
instSizeNx: 293832
sortKey: 0
traverseDist: 99999.0
