aabbMax:
  X: 2.24849009513855
  Y: 2.2492098808288574
  Z: 1.68218994140625
aabbMin:
  X: -2.24849009513855
  Y: -2.2492098808288574
  Z: -1.68218994140625
boundingForTraverse: 4.498419761657715
bugMask: 3
instSizeCafe: -1
instSizeNx: 229328
sortKey: 0
traverseDist: 99999.0
