aabbMax:
  X: 1.1408499479293823
  Y: 1.0673999786376953
  Z: 1.2649999856948853
aabbMin:
  X: -1.153309941291809
  Y: -1.3100199699401855
  Z: -1.1756500005722046
boundingForTraverse: 2.377419948577881
bugMask: 3
instSizeCafe: 196808
instSizeNx: -1
sortKey: 0
traverseDist: 99999.0
