aabbMax:
  X: 0.8474799990653992
  Y: 1.1999399662017822
  Z: 0.9661870002746582
aabbMin:
  X: -0.43133699893951416
  Y: -0.355540007352829
  Z: -0.17336800694465637
boundingForTraverse: 1.5554800033569336
bugMask: 1
cursorOffsetY: 0.5
instSizeCafe: -1
instSizeNx: 275232
sortKey: 0
