aabbMax:
  X: 0.8475379943847656
  Y: 1.1999399662017822
  Z: 0.9661279916763306
aabbMin:
  X: -0.4312779903411865
  Y: -0.35552000999450684
  Z: -0.17336800694465637
boundingForTraverse: 1.555459976196289
bugMask: 1
cursorOffsetY: 0.5
instSizeCafe: -1
instSizeNx: 275232
sortKey: 0
