aabbMax:
  X: 0.8474799990653992
  Y: 1.4308099746704102
  Z: 0.9661870002746582
aabbMin:
  X: -0.4312779903411865
  Y: -0.355540007352829
  Z: -0.17336800694465637
boundingForTraverse: 1.7863500118255615
bugMask: 1
cursorOffsetY: 0.5
instSizeCafe: 108376
instSizeNx: 275240
sortKey: 0
