aabbMax:
  X: 0.8474010229110718
  Y: 1.1997699737548828
  Z: 0.9660000205039978
aabbMin:
  X: -0.43122398853302
  Y: -0.35544198751449585
  Z: -0.17333999276161194
boundingForTraverse: 1.5552120208740234
bugMask: 1
cursorOffsetY: 0.5
instSizeCafe: 107796
instSizeNx: -1
sortKey: 0
