aabbMax:
  X: 0.8473430275917053
  Y: 1.1997699737548828
  Z: 0.9660599827766418
aabbMin:
  X: -0.43122398853302
  Y: -0.3554610013961792
  Z: -0.17333999276161194
boundingForTraverse: 1.555230975151062
bugMask: 1
cursorOffsetY: 0.5
instSizeCafe: 107796
instSizeNx: -1
sortKey: 0
