aabbMax:
  X: 4.06850004196167
  Y: 0.5104169845581055
  Z: 4.079259872436523
aabbMin:
  X: -4.0914998054504395
  Y: -14.0
  Z: -4.080739974975586
boundingForTraverse: 14.510416984558105
bugMask: 2
instSizeCafe: 45436
instSizeNx: -1
locators:
- pos_x: 0.0
  pos_y: 7.0
  pos_z: 0.0
  rot_x: 0.0
  rot_y: 0.0
  rot_z: 0.0
  type: StopTimerPos
sortKey: 0
