aabbMax:
  X: 0.5197439789772034
  Y: 1.0205399990081787
  Z: 0.5197439789772034
aabbMin:
  X: -0.5197439789772034
  Y: 0.0
  Z: -0.5197439789772034
boundingForTraverse: 1.0205399990081787
bugMask: 3
instSizeCafe: 42584
instSizeNx: -1
rigidBodyCenterY: 0.5132480263710022
sortKey: -2
