aabbMax:
  X: 0.439628005027771
  Y: 0.717972993850708
  Z: 0.4369190037250519
aabbMin:
  X: -0.4360640048980713
  Y: -0.012126999907195568
  Z: -0.4496600031852722
boundingForTraverse: 0.7300999760627747
bugMask: 3
cursorOffsetY: 0.5
homeArea:
- name: CentralHyrule
- name: TabantaFrontier
- name: EastHateru
instSizeCafe: 65344
instSizeNx: -1
rigidBodyCenterY: 0.30028200149536133
sortKey: 33090
