aabbMax:
  X: 4.989960193634033
  Y: 1.0303000211715698
  Z: 4.989960193634033
aabbMin:
  X: -4.989960193634033
  Y: -0.5
  Z: -4.989960193634033
boundingForTraverse: 1.5303000211715698
bugMask: 3
instSizeCafe: 52144
instSizeNx: -1
rigidBodyCenterY: 0.4419249892234802
sortKey: -36
traverseDist: 200.0
