aabbMax:
  X: 2.3968799114227295
  Y: 3.778830051422119
  Z: 1.490779995918274
aabbMin:
  X: -2.2711400985717773
  Y: -0.6232079863548279
  Z: -1.5089399814605713
boundingForTraverse: 4.402038097381592
bugMask: 1
instSizeCafe: 23060
instSizeNx: -1
sortKey: -24
traverseDist: 100.0
