aabbMax:
  X: 0.9015740156173706
  Y: 2.3794798851013184
  Z: 0.47753000259399414
aabbMin:
  X: -0.9483669996261597
  Y: 1.159559965133667
  Z: -0.45611000061035156
boundingForTraverse: 1.219920039176941
bugMask: 1
instSizeCafe: 23636
instSizeNx: 84688
lookAtOffsetY: 2.0
sortKey: -25
traverseDist: 100.0
