aabbMax:
  X: 0.4213869869709015
  Y: 0.3940429985523224
  Z: 0.21850599348545074
aabbMin:
  X: -0.06982400268316269
  Y: -0.1219479963183403
  Z: -0.14868199825286865
boundingForTraverse: 0.5159909725189209
bugMask: 3
instSizeCafe: 45564
instSizeNx: 113280
rigidBodyCenterY: 0.30000001192092896
sortKey: 0
