aabbMax:
  X: 0.4213460087776184
  Y: 0.3940010070800781
  Z: 0.21848900616168976
aabbMin:
  X: -0.06981600075960159
  Y: -0.12194299697875977
  Z: -0.14866499602794647
boundingForTraverse: 0.5159440040588379
bugMask: 3
instSizeCafe: 45812
instSizeNx: -1
rigidBodyCenterY: 0.30000001192092896
sortKey: 0
