aabbMax:
  X: 0.06333500146865845
  Y: 0.06221099942922592
  Z: 0.8925489783287048
aabbMin:
  X: -0.06221099942922592
  Y: -0.06221099942922592
  Z: -0.08547800034284592
boundingForTraverse: 0.12442299723625183
bugMask: 3
cursorOffsetY: 0.20000000298023224
homeArea:
- name: CentralHyrule
- name: EastHateru
- name: WestHateru
instSizeCafe: 51184
instSizeNx: 125504
sortKey: 14604
