aabbMax:
  X: 3.0318799018859863
  Y: 5.778470039367676
  Z: 0.39313799142837524
aabbMin:
  X: -2.9287900924682617
  Y: -0.1422789990901947
  Z: -0.4536600112915039
boundingForTraverse: 5.920749187469482
bugMask: 2
cursorOffsetY: 0.5
instSizeCafe: -1
instSizeNx: 140520
rigidBodyCenterY: 2.652509927749634
sortKey: -18
traverseDist: 200.0
