aabbMax:
  X: 1.1543500423431396
  Y: 9.28853988647461
  Z: 1.572309970855713
aabbMin:
  X: -1.1513099670410156
  Y: -0.004341000225394964
  Z: -1.3064099550247192
boundingForTraverse: 9.29288101196289
bugMask: 3
cursorOffsetY: 0.5
instSizeCafe: 79408
instSizeNx: -1
rigidBodyCenterY: 4.632719993591309
sortKey: -6
traverseDist: 1000.0
