aabbMax:
  X: 1.2291799783706665
  Y: 9.34883975982666
  Z: 1.6440600156784058
aabbMin:
  X: -1.1844899654388428
  Y: -0.03177399933338165
  Z: -1.3436599969863892
boundingForTraverse: 9.380614280700684
bugMask: 0
cursorOffsetY: 0.5
instSizeCafe: 17140
instSizeNx: -1
sortKey: 0
traverseDist: 1000.0
