aabbMax:
  X: 0.0798880010843277
  Y: 0.04612300172448158
  Z: 1.1486599445343018
aabbMin:
  X: -0.0798880010843277
  Y: -0.09224700182676315
  Z: -0.0465719997882843
boundingForTraverse: 0.13837000727653503
bugMask: 3
cursorOffsetY: 0.20000000298023224
instSizeCafe: 49992
instSizeNx: -1
sortKey: 14701
