aabbMax:
  X: 0.042107999324798584
  Y: 0.06991100311279297
  Z: 0.9564459919929504
aabbMin:
  X: -0.042107999324798584
  Y: -0.06991100311279297
  Z: -0.08457200229167938
boundingForTraverse: 0.13982300460338593
bugMask: 3
cursorOffsetY: 0.20000000298023224
instSizeCafe: 48636
instSizeNx: -1
sortKey: 14700
