aabbMax:
  X: 1.0088000297546387
  Y: 0.9966250061988831
  Z: 0.9935020208358765
aabbMin:
  X: -0.9866970181465149
  Y: -0.9976080060005188
  Z: -1.0156899690628052
boundingForTraverse: 1.9942330121994019
bugMask: 3
instSizeCafe: 51404
instSizeNx: -1
sortKey: -8
terrainTextures:
- !u 0xffffff24
traverseDist: 200.0
