aabbMax:
  X: 2.3952999114990234
  Y: 8.909549713134766
  Z: 1.06413996219635
aabbMin:
  X: -2.25462007522583
  Y: -0.301131010055542
  Z: -1.2717399597167969
boundingForTraverse: 9.210680961608887
bugMask: 3
cursorOffsetY: 0.5
instSizeCafe: 39524
instSizeNx: -1
rigidBodyCenterY: 3.727180004119873
sortKey: 0
terrainTextures:
- !u 0xffff1e12
traverseDist: 1000.0
