aabbMax:
  X: 2.4125399589538574
  Y: 5.714049816131592
  Z: 1.0763399600982666
aabbMin:
  X: -2.258769989013672
  Y: -0.33223098516464233
  Z: -1.2538000345230103
boundingForTraverse: 6.046280860900879
bugMask: 3
cursorOffsetY: 0.5
instSizeCafe: 49780
instSizeNx: -1
rigidBodyCenterY: 2.90939998626709
sortKey: 0
terrainTextures:
- 522064384
- !u 0xffffff4c
traverseDist: 1000.0
