aabbMax:
  X: 2.2822699546813965
  Y: 7.404510021209717
  Z: 1.0846999883651733
aabbMin:
  X: -2.3896899223327637
  Y: -0.2350749969482422
  Z: -1.0846999883651733
boundingForTraverse: 7.639585018157959
bugMask: 3
cursorOffsetY: 0.5
instSizeCafe: 50036
instSizeNx: -1
rigidBodyCenterY: 2.90939998626709
sortKey: -9
terrainTextures:
- 522064384
- !u 0xffffff4c
traverseDist: 505.15106201171875
