aabbMax:
  X: 2.3359999656677246
  Y: 5.891329765319824
  Z: 1.0199400186538696
aabbMin:
  X: -2.2913100719451904
  Y: -0.23996999859809875
  Z: -1.1501699686050415
boundingForTraverse: 6.13129997253418
bugMask: 3
cursorOffsetY: 0.5
instSizeCafe: -1
instSizeNx: 137648
rigidBodyCenterY: 3.0056700706481934
sortKey: 0
terrainTextures:
- 522064384
- !u 0xffffff4c
traverseDist: 1000.0
