aabbMax:
  X: 2.2822699546813965
  Y: 8.818559646606445
  Z: 1.0846999883651733
aabbMin:
  X: -2.3896899223327637
  Y: -0.2350749969482422
  Z: -1.0846999883651733
boundingForTraverse: 9.053634643554688
bugMask: 3
cursorOffsetY: 0.5
instSizeCafe: 39112
instSizeNx: -1
rigidBodyCenterY: 3.6687700748443604
sortKey: -3
terrainTextures:
- !u 0xffff1e12
traverseDist: 505.15106201171875
