aabbMax:
  X: 2.3627500534057617
  Y: 8.913969993591309
  Z: 1.0432100296020508
aabbMin:
  X: -2.2223000526428223
  Y: -0.31046798825263977
  Z: -1.1779099702835083
boundingForTraverse: 9.224437713623047
bugMask: 3
cursorOffsetY: 0.5
instSizeCafe: 38872
instSizeNx: 113016
rigidBodyCenterY: 3.6687700748443604
sortKey: 0
terrainTextures:
- !u 0xffff1e12
traverseDist: 1000.0
