aabbMax:
  X: 2.336129903793335
  Y: 5.931000232696533
  Z: 1.0152499675750732
aabbMin:
  X: -2.246340036392212
  Y: -0.2825450003147125
  Z: -1.1448800563812256
boundingForTraverse: 6.213544845581055
bugMask: 3
cursorOffsetY: 0.5
instSizeCafe: 49048
instSizeNx: 137624
rigidBodyCenterY: 3.504539966583252
sortKey: 0
terrainTextures:
- 522064384
- !u 0xffffff4c
traverseDist: 1000.0
