aabbMax:
  X: 2.2822699546813965
  Y: 8.818559646606445
  Z: 1.0846999883651733
aabbMin:
  X: -2.3896899223327637
  Y: -0.2350749969482422
  Z: -1.0846999883651733
boundingForTraverse: 9.053634643554688
bugMask: 3
cursorOffsetY: 0.5
instSizeCafe: -1
instSizeNx: 137584
rigidBodyCenterY: 3.504539966583252
sortKey: -5
terrainTextures:
- 522064384
- !u 0xffffff4c
traverseDist: 505.15106201171875
