aabbMax:
  X: 3.7557499408721924
  Y: 3.7557499408721924
  Z: 3.226749897003174
aabbMin:
  X: -3.7557499408721924
  Y: -3.7557499408721924
  Z: -3.226749897003174
boundingForTraverse: 7.511499881744385
bugMask: 3
cursorOffsetY: 0.5
instSizeCafe: 42408
instSizeNx: 117272
sortKey: 0
