aabbMax:
  X: 116.4000015258789
  Y: 34.536598205566406
  Z: 116.4000015258789
aabbMin:
  X: -116.4000015258789
  Y: -0.25513699650764465
  Z: -116.4000015258789
boundingForTraverse: 34.7917366027832
bugMask: 1
instSizeCafe: 562256
instSizeNx: -1
sortKey: 2
