aabbMax:
  X: 84.4000015258789
  Y: 31.53660011291504
  Z: 114.0
aabbMin:
  X: -148.39999389648438
  Y: -103.00499725341797
  Z: -274.0
boundingForTraverse: 134.54159545898438
bugMask: 1
instSizeCafe: 533440
instSizeNx: -1
sortKey: 7
