aabbMax:
  X: 124.4000015258789
  Y: 39.0
  Z: 171.5
aabbMin:
  X: -108.4000015258789
  Y: -96.00499725341797
  Z: -216.5
boundingForTraverse: 135.0050048828125
bugMask: 1
instSizeCafe: -1
instSizeNx: 1575704
sortKey: 47
