aabbMax:
  X: 116.4000015258789
  Y: 34.522300720214844
  Z: 116.9000015258789
aabbMin:
  X: -116.4000015258789
  Y: -2.0
  Z: -115.9000015258789
boundingForTraverse: 36.522300720214844
bugMask: 1
instSizeCafe: -1
instSizeNx: 1277080
sortKey: 0
