aabbMax:
  X: 116.9000015258789
  Y: 115.02200317382812
  Z: 104.9000015258789
aabbMin:
  X: -115.9000015258789
  Y: -85.5
  Z: -127.9000015258789
boundingForTraverse: 200.52200317382812
bugMask: 1
instSizeCafe: -1
instSizeNx: 1584320
sortKey: 59
