aabbMax:
  X: 118.4000015258789
  Y: 64.52230072021484
  Z: 112.4000015258789
aabbMin:
  X: -114.4000015258789
  Y: -0.25513699650764465
  Z: -120.4000015258789
boundingForTraverse: 64.77743530273438
bugMask: 1
instSizeCafe: 527196
instSizeNx: -1
sortKey: 66
