aabbMax:
  X: 116.4000015258789
  Y: 54.536598205566406
  Z: 134.0
aabbMin:
  X: -116.4000015258789
  Y: -80.00499725341797
  Z: -254.0
boundingForTraverse: 134.54159545898438
bugMask: 1
instSizeCafe: -1
instSizeNx: 1145560
sortKey: 50
