aabbMax:
  X: 112.4000015258789
  Y: 76.52230072021484
  Z: 120.4000015258789
aabbMin:
  X: -120.4000015258789
  Y: -108.0
  Z: -112.4000015258789
boundingForTraverse: 184.52230834960938
bugMask: 1
instSizeCafe: -1
instSizeNx: 1276784
sortKey: -30
