aabbMax:
  X: 116.4000015258789
  Y: 34.536598205566406
  Z: 138.0
aabbMin:
  X: -116.4000015258789
  Y: -0.5
  Z: -250.0
boundingForTraverse: 35.036598205566406
bugMask: 1
instSizeCafe: 710248
instSizeNx: -1
sortKey: 23
