aabbMax:
  X: 116.4000015258789
  Y: 64.5365982055664
  Z: 116.4000015258789
aabbMin:
  X: -116.4000015258789
  Y: -120.125
  Z: -116.4000015258789
boundingForTraverse: 184.66159057617188
bugMask: 1
instSizeCafe: -1
instSizeNx: 964896
sortKey: 53
