aabbMax:
  X: 116.4000015258789
  Y: 67.5
  Z: 134.0
aabbMin:
  X: -116.4000015258789
  Y: -71.00499725341797
  Z: -254.0
boundingForTraverse: 138.5050048828125
bugMask: 1
instSizeCafe: 589740
instSizeNx: -1
sortKey: 64
