aabbMax:
  X: 105.9000015258789
  Y: 34.536598205566406
  Z: 188.0
aabbMin:
  X: -126.9000015258789
  Y: -0.30959099531173706
  Z: -200.0
boundingForTraverse: 34.846187591552734
bugMask: 1
instSizeCafe: -1
instSizeNx: 1280808
sortKey: 6
