aabbMax:
  X: 176.78799438476562
  Y: 109.0
  Z: 194.28799438476562
aabbMin:
  X: -153.78799438476562
  Y: -162.67799377441406
  Z: -136.28799438476562
boundingForTraverse: 271.677978515625
bugMask: 1
instSizeCafe: -1
instSizeNx: 1838648
sortKey: -30
