aabbMax:
  X: 94.9000015258789
  Y: 40.536598205566406
  Z: 111.4000015258789
aabbMin:
  X: -137.89999389648438
  Y: -144.125
  Z: -121.4000015258789
boundingForTraverse: 184.66159057617188
bugMask: 1
instSizeCafe: 641036
instSizeNx: -1
sortKey: 10
