aabbMax:
  X: 116.4000015258789
  Y: 134.52200317382812
  Z: 123.4000015258789
aabbMin:
  X: -116.4000015258789
  Y: -50.125
  Z: -109.4000015258789
boundingForTraverse: 184.64700317382812
bugMask: 1
instSizeCafe: 632396
instSizeNx: -1
sortKey: 68
