aabbMax:
  X: 120.4000015258789
  Y: 43.536598205566406
  Z: 112.4000015258789
aabbMin:
  X: -112.4000015258789
  Y: -141.125
  Z: -120.4000015258789
boundingForTraverse: 184.66159057617188
bugMask: 1
instSizeCafe: 859136
instSizeNx: -1
sortKey: 48
