aabbMax:
  X: 116.4000015258789
  Y: 84.52230072021484
  Z: 100.4000015258789
aabbMin:
  X: -116.4000015258789
  Y: -4.0
  Z: -132.39999389648438
boundingForTraverse: 88.52230072021484
bugMask: 1
instSizeCafe: -1
instSizeNx: 1235720
sortKey: 22
