aabbMax:
  X: 150.5
  Y: 32.522300720214844
  Z: 117.4000015258789
aabbMin:
  X: -237.5
  Y: -6.0
  Z: -115.4000015258789
boundingForTraverse: 38.522300720214844
bugMask: 1
instSizeCafe: 552520
instSizeNx: -1
sortKey: 67
