aabbMax:
  X: 116.4000015258789
  Y: 34.522300720214844
  Z: 116.4000015258789
aabbMin:
  X: -116.4000015258789
  Y: -0.25513699650764465
  Z: -116.4000015258789
boundingForTraverse: 34.77743911743164
bugMask: 1
instSizeCafe: 434620
instSizeNx: 1001928
sortKey: -26
