aabbMax:
  X: 119.95999908447266
  Y: 108.53700256347656
  Z: 241.4600067138672
aabbMin:
  X: -205.9600067138672
  Y: -150.1750030517578
  Z: -84.45999908447266
boundingForTraverse: 258.7120056152344
bugMask: 1
instSizeCafe: -1
instSizeNx: 2017112
sortKey: -30
