aabbMax:
  X: 116.4000015258789
  Y: 51.536598205566406
  Z: 116.4000015258789
aabbMin:
  X: -116.4000015258789
  Y: -13.25510025024414
  Z: -116.4000015258789
boundingForTraverse: 64.79170227050781
bugMask: 1
instSizeCafe: 544452
instSizeNx: -1
sortKey: 17
