aabbMax:
  X: 117.9000015258789
  Y: 84.5365982055664
  Z: 116.4000015258789
aabbMin:
  X: -114.9000015258789
  Y: -100.125
  Z: -116.4000015258789
boundingForTraverse: 184.66159057617188
bugMask: 1
instSizeCafe: 574872
instSizeNx: -1
sortKey: 1
