aabbMax:
  X: 360.8999938964844
  Y: 21.03660011291504
  Z: 162.89999389648438
aabbMin:
  X: 128.10000610351562
  Y: -167.625
  Z: -69.9000015258789
boundingForTraverse: 188.66160583496094
bugMask: 1
instSizeCafe: -1
instSizeNx: 1490304
sortKey: -30
