aabbMax:
  X: 116.4000015258789
  Y: 34.536598205566406
  Z: 107.9000015258789
aabbMin:
  X: -116.4000015258789
  Y: -0.25513699650764465
  Z: -124.9000015258789
boundingForTraverse: 34.7917366027832
bugMask: 1
instSizeCafe: 502996
instSizeNx: 1170272
sortKey: 60
