aabbMax:
  X: 116.4000015258789
  Y: 64.52230072021484
  Z: 116.4000015258789
aabbMin:
  X: -116.4000015258789
  Y: -1.0
  Z: -116.4000015258789
boundingForTraverse: 65.52230072021484
bugMask: 1
instSizeCafe: 556400
instSizeNx: -1
sortKey: 69
