aabbMax:
  X: 119.4000015258789
  Y: 84.5365982055664
  Z: 116.4000015258789
aabbMin:
  X: -113.4000015258789
  Y: -0.004997000098228455
  Z: -116.4000015258789
boundingForTraverse: 84.54159545898438
bugMask: 1
instSizeCafe: 589720
instSizeNx: -1
sortKey: 38
