aabbMax:
  X: 116.4000015258789
  Y: 64.52230072021484
  Z: 116.4000015258789
aabbMin:
  X: -116.4000015258789
  Y: -0.7126880288124084
  Z: -116.4000015258789
boundingForTraverse: 65.2349853515625
bugMask: 1
instSizeCafe: -1
instSizeNx: 1186408
sortKey: 42
