aabbMax:
  X: 112.4000015258789
  Y: 49.536598205566406
  Z: 117.4000015258789
aabbMin:
  X: -120.4000015258789
  Y: -135.125
  Z: -115.4000015258789
boundingForTraverse: 184.66159057617188
bugMask: 1
instSizeCafe: -1
instSizeNx: 1592488
sortKey: -30
