aabbMax:
  X: 116.4000015258789
  Y: 84.52230072021484
  Z: 116.4000015258789
aabbMin:
  X: -116.4000015258789
  Y: -23.0
  Z: -116.4000015258789
boundingForTraverse: 107.52230072021484
bugMask: 1
instSizeCafe: -1
instSizeNx: 1437768
sortKey: 28
