aabbMax:
  X: 116.4000015258789
  Y: 65.0
  Z: 108.4000015258789
aabbMin:
  X: -116.4000015258789
  Y: -124.125
  Z: -124.4000015258789
boundingForTraverse: 189.125
bugMask: 1
instSizeCafe: 568104
instSizeNx: -1
sortKey: 39
