aabbMax:
  X: 234.5
  Y: 62.036598205566406
  Z: 91.9000015258789
aabbMin:
  X: -153.5
  Y: -73.5
  Z: -140.89999389648438
boundingForTraverse: 135.53659057617188
bugMask: 1
instSizeCafe: -1
instSizeNx: 1149744
sortKey: -30
