aabbMax:
  X: 116.4000015258789
  Y: 34.036598205566406
  Z: 134.0
aabbMin:
  X: -116.4000015258789
  Y: -2.251420021057129
  Z: -254.0
boundingForTraverse: 36.28801727294922
bugMask: 1
instSizeCafe: 497488
instSizeNx: 1120984
sortKey: 61
