aabbMax:
  X: 116.4000015258789
  Y: 97.5365982055664
  Z: 80.4000015258789
aabbMin:
  X: -116.4000015258789
  Y: -87.125
  Z: -152.39999389648438
boundingForTraverse: 184.66159057617188
bugMask: 1
instSizeCafe: 695688
instSizeNx: -1
sortKey: 15
