aabbMax:
  X: 116.4000015258789
  Y: 34.536598205566406
  Z: 214.0
aabbMin:
  X: -116.4000015258789
  Y: -100.00499725341797
  Z: -174.0
boundingForTraverse: 134.54159545898438
bugMask: 1
instSizeCafe: 526356
instSizeNx: -1
sortKey: 29
