aabbMax:
  X: 68.4000015258789
  Y: 199.53700256347656
  Z: 199.0
aabbMin:
  X: -164.39999389648438
  Y: 64.99500274658203
  Z: -189.0
boundingForTraverse: 134.5419921875
bugMask: 1
instSizeCafe: 581716
instSizeNx: 1318064
sortKey: 32
