aabbMax:
  X: 116.4000015258789
  Y: 41.0
  Z: 194.0
aabbMin:
  X: -116.4000015258789
  Y: -94.00499725341797
  Z: -194.0
boundingForTraverse: 135.0050048828125
bugMask: 1
instSizeCafe: 539920
instSizeNx: -1
sortKey: 9
