aabbMax:
  X: 116.4000015258789
  Y: 36.0
  Z: 242.0
aabbMin:
  X: -116.4000015258789
  Y: -100.00499725341797
  Z: -146.0
boundingForTraverse: 136.0050048828125
bugMask: 1
instSizeCafe: -1
instSizeNx: 1604296
sortKey: 20
