aabbMax:
  X: 172.5
  Y: 34.536598205566406
  Z: 115.4000015258789
aabbMin:
  X: -215.5
  Y: -100.00499725341797
  Z: -117.4000015258789
boundingForTraverse: 134.54159545898438
bugMask: 1
instSizeCafe: 619260
instSizeNx: -1
sortKey: 55
