aabbMax:
  X: 153.67999267578125
  Y: 73.5365982055664
  Z: 137.67999267578125
aabbMin:
  X: -125.68000030517578
  Y: -173.0
  Z: -141.67999267578125
boundingForTraverse: 246.53659057617188
bugMask: 1
instSizeCafe: -1
instSizeNx: 1745928
sortKey: -30
