aabbMax:
  X: 116.4000015258789
  Y: 84.5365982055664
  Z: 116.4000015258789
aabbMin:
  X: -116.4000015258789
  Y: -105.0
  Z: -116.4000015258789
boundingForTraverse: 189.53659057617188
bugMask: 1
instSizeCafe: 627112
instSizeNx: -1
sortKey: 8
