aabbMax:
  X: 88.19999694824219
  Y: 63.036598205566406
  Z: 205.6999969482422
aabbMin:
  X: -319.20001220703125
  Y: -260.0
  Z: -201.6999969482422
boundingForTraverse: 323.0365905761719
bugMask: 1
instSizeCafe: 706772
instSizeNx: -1
sortKey: 56
