aabbMax:
  X: 116.4000015258789
  Y: 34.522300720214844
  Z: 116.4000015258789
aabbMin:
  X: -116.4000015258789
  Y: -4.115930080413818
  Z: -116.4000015258789
boundingForTraverse: 38.63822937011719
bugMask: 1
instSizeCafe: 515636
instSizeNx: -1
sortKey: 65
