aabbMax:
  X: 116.4000015258789
  Y: 64.52230072021484
  Z: 116.4000015258789
aabbMin:
  X: -116.4000015258789
  Y: -1.212689995765686
  Z: -116.4000015258789
boundingForTraverse: 65.73499298095703
bugMask: 1
instSizeCafe: 473264
instSizeNx: -1
sortKey: 57
