aabbMax:
  X: 116.4000015258789
  Y: 64.52230072021484
  Z: 114.4000015258789
aabbMin:
  X: -116.4000015258789
  Y: -1.712689995765686
  Z: -118.4000015258789
boundingForTraverse: 66.23499298095703
bugMask: 1
instSizeCafe: -1
instSizeNx: 1223536
sortKey: 21
