aabbMax:
  X: 180.39999389648438
  Y: 68.0365982055664
  Z: 97.5
aabbMin:
  X: -52.400001525878906
  Y: -121.0
  Z: -138.89999389648438
boundingForTraverse: 189.03659057617188
bugMask: 1
instSizeCafe: -1
instSizeNx: 1301320
sortKey: -30
