aabbMax:
  X: 108.4000015258789
  Y: 65.00740051269531
  Z: 169.39999389648438
aabbMin:
  X: -124.4000015258789
  Y: -188.0
  Z: -176.0
boundingForTraverse: 253.0074005126953
bugMask: 1
instSizeCafe: -1
instSizeNx: 1649560
sortKey: -30
