aabbMax:
  X: 254.0
  Y: 64.5365982055664
  Z: 111.9000015258789
aabbMin:
  X: -134.0
  Y: -79.5
  Z: -120.9000015258789
boundingForTraverse: 144.03659057617188
bugMask: 1
instSizeCafe: -1
instSizeNx: 1211104
sortKey: 45
