aabbMax:
  X: 112.9000015258789
  Y: 47.022300720214844
  Z: 190.5
aabbMin:
  X: -119.9000015258789
  Y: -87.50499725341797
  Z: -197.5
boundingForTraverse: 134.5272979736328
bugMask: 1
instSizeCafe: 644976
instSizeNx: -1
sortKey: 14
