aabbMax:
  X: 116.4000015258789
  Y: 34.536598205566406
  Z: 194.0
aabbMin:
  X: -116.4000015258789
  Y: -182.5
  Z: -194.0
boundingForTraverse: 217.03659057617188
bugMask: 1
instSizeCafe: 659948
instSizeNx: 1441024
sortKey: -30
