aabbMax:
  X: 134.39999389648438
  Y: 72.50740051269531
  Z: 126.4000015258789
aabbMin:
  X: -98.4000015258789
  Y: -120.0
  Z: -106.4000015258789
boundingForTraverse: 192.5074005126953
bugMask: 1
instSizeCafe: -1
instSizeNx: 1145544
sortKey: -30
