aabbMax:
  X: 134.0
  Y: 34.522300720214844
  Z: 116.4000015258789
aabbMin:
  X: -254.0
  Y: -0.30959099531173706
  Z: -116.4000015258789
boundingForTraverse: 34.83189010620117
bugMask: 1
instSizeCafe: -1
instSizeNx: 1294048
sortKey: 16
