aabbMax:
  X: 65.4000015258789
  Y: 132.53700256347656
  Z: 121.4000015258789
aabbMin:
  X: -167.39999389648438
  Y: -147.5
  Z: -111.4000015258789
boundingForTraverse: 280.0369873046875
bugMask: 1
instSizeCafe: -1
instSizeNx: 1305416
sortKey: -30
