aabbMax:
  X: 116.4000015258789
  Y: 64.5365982055664
  Z: 116.4000015258789
aabbMin:
  X: -116.4000015258789
  Y: -120.125
  Z: -116.4000015258789
boundingForTraverse: 184.66159057617188
bugMask: 1
instSizeCafe: 427264
instSizeNx: -1
sortKey: 53
