aabbMax:
  X: 116.4000015258789
  Y: 64.52230072021484
  Z: 116.4000015258789
aabbMin:
  X: -116.4000015258789
  Y: -23.5
  Z: -116.4000015258789
boundingForTraverse: 88.02230072021484
bugMask: 1
instSizeCafe: -1
instSizeNx: 1473408
sortKey: 43
