aabbMax:
  X: 154.32000732421875
  Y: 108.0
  Z: 151.82000732421875
aabbMin:
  X: -148.32000732421875
  Y: -168.35800170898438
  Z: -150.82000732421875
boundingForTraverse: 276.3580017089844
bugMask: 1
instSizeCafe: -1
instSizeNx: 1732096
sortKey: -30
