aabbMax:
  X: 209.39999389648438
  Y: -45.977699279785156
  Z: 163.39999389648438
aabbMin:
  X: -23.399999618530273
  Y: -152.5
  Z: -69.4000015258789
boundingForTraverse: 106.52230072021484
bugMask: 1
instSizeCafe: 731948
instSizeNx: 1639160
sortKey: -30
