aabbMax:
  X: 115.9000015258789
  Y: 40.522300720214844
  Z: 177.0
aabbMin:
  X: -116.9000015258789
  Y: -94.00499725341797
  Z: -211.0
boundingForTraverse: 134.5272979736328
bugMask: 1
instSizeCafe: 529604
instSizeNx: -1
sortKey: 58
