aabbMax:
  X: 116.4000015258789
  Y: 82.0
  Z: 116.4000015258789
aabbMin:
  X: -116.4000015258789
  Y: -7.005000114440918
  Z: -116.4000015258789
boundingForTraverse: 89.00499725341797
bugMask: 1
instSizeCafe: 541836
instSizeNx: -1
sortKey: 12
