aabbMax:
  X: 116.4000015258789
  Y: 51.522300720214844
  Z: 116.4000015258789
aabbMin:
  X: -116.4000015258789
  Y: -13.25510025024414
  Z: -116.4000015258789
boundingForTraverse: 64.77740478515625
bugMask: 1
instSizeCafe: 527536
instSizeNx: -1
sortKey: 44
