aabbMax:
  X: 307.32000732421875
  Y: 47.50740051269531
  Z: 343.70001220703125
aabbMin:
  X: 4.679989814758301
  Y: -129.18600463867188
  Z: -160.6999969482422
boundingForTraverse: 176.6934051513672
bugMask: 1
instSizeCafe: -1
instSizeNx: 1470096
sortKey: -30
