aabbMax:
  X: 252.5
  Y: 34.536598205566406
  Z: 116.4000015258789
aabbMin:
  X: -135.5
  Y: -0.30959099531173706
  Z: -116.4000015258789
boundingForTraverse: 34.846187591552734
bugMask: 1
instSizeCafe: -1
instSizeNx: 1165936
sortKey: 52
