aabbMax:
  X: 116.4000015258789
  Y: 30.6875
  Z: 116.4000015258789
aabbMin:
  X: -116.4000015258789
  Y: -9.653579711914062
  Z: -116.4000015258789
boundingForTraverse: 40.34107971191406
bugMask: 1
instSizeCafe: 464964
instSizeNx: 1067608
sortKey: 19
