aabbMax:
  X: 157.99000549316406
  Y: 34.536598205566406
  Z: 116.4000015258789
aabbMin:
  X: -230.00999450683594
  Y: -1.0
  Z: -116.4000015258789
boundingForTraverse: 35.536598205566406
bugMask: 1
instSizeCafe: -1
instSizeNx: 1532216
sortKey: 24
