aabbMax:
  X: 116.4000015258789
  Y: 76.0365982055664
  Z: 116.4000015258789
aabbMin:
  X: -116.4000015258789
  Y: -80.0
  Z: -116.4000015258789
boundingForTraverse: 156.03659057617188
bugMask: 1
instSizeCafe: -1
instSizeNx: 1461192
sortKey: 40
