aabbMax:
  X: 116.4000015258789
  Y: 39.50740051269531
  Z: 194.0
aabbMin:
  X: -116.4000015258789
  Y: -0.30959099531173706
  Z: -194.0
boundingForTraverse: 39.81698989868164
bugMask: 1
instSizeCafe: 506704
instSizeNx: -1
sortKey: 84
