aabbMax:
  X: 116.4000015258789
  Y: 34.522300720214844
  Z: 194.0
aabbMin:
  X: -116.4000015258789
  Y: -0.7126889824867249
  Z: -194.0
boundingForTraverse: 35.234989166259766
bugMask: 1
instSizeCafe: 1096228
instSizeNx: -1
sortKey: 35
