aabbMax:
  X: 116.4000015258789
  Y: 52.036598205566406
  Z: 116.4000015258789
aabbMin:
  X: -116.4000015258789
  Y: -12.75510025024414
  Z: -116.4000015258789
boundingForTraverse: 64.79170227050781
bugMask: 1
instSizeCafe: 712820
instSizeNx: 1655584
sortKey: 27
