aabbMax:
  X: 116.4000015258789
  Y: 34.536598205566406
  Z: 194.0
aabbMin:
  X: -116.4000015258789
  Y: -4.0
  Z: -194.0
boundingForTraverse: 38.536598205566406
bugMask: 1
instSizeCafe: -1
instSizeNx: 1911496
sortKey: 30
