aabbMax:
  X: 120.4000015258789
  Y: 68.5365982055664
  Z: 118.4000015258789
aabbMin:
  X: -112.4000015258789
  Y: -116.125
  Z: -114.4000015258789
boundingForTraverse: 184.66159057617188
bugMask: 1
instSizeCafe: -1
instSizeNx: 1252048
sortKey: 13
