aabbMax:
  X: 110.4000015258789
  Y: 60.522300720214844
  Z: 116.4000015258789
aabbMin:
  X: -122.4000015258789
  Y: -4.497809886932373
  Z: -116.4000015258789
boundingForTraverse: 65.02011108398438
bugMask: 1
instSizeCafe: 502916
instSizeNx: -1
sortKey: 46
