aabbMax:
  X: 116.9000015258789
  Y: 35.0
  Z: 190.0
aabbMin:
  X: -115.9000015258789
  Y: -104.5
  Z: -198.0
boundingForTraverse: 139.5
bugMask: 1
instSizeCafe: -1
instSizeNx: 1381280
sortKey: 5
