aabbMax:
  X: 116.4000015258789
  Y: 14.070300102233887
  Z: 192.02000427246094
aabbMin:
  X: -116.4000015258789
  Y: -124.00499725341797
  Z: -195.97999572753906
boundingForTraverse: 138.07530212402344
bugMask: 1
instSizeCafe: -1
instSizeNx: 1795328
sortKey: -30
