aabbMax:
  X: 116.4000015258789
  Y: 34.536598205566406
  Z: 116.4000015258789
aabbMin:
  X: -116.4000015258789
  Y: -2.0
  Z: -116.4000015258789
boundingForTraverse: 36.536598205566406
bugMask: 1
instSizeCafe: 573372
instSizeNx: 1337240
sortKey: 33
