aabbMax:
  X: 116.4000015258789
  Y: 34.536598205566406
  Z: 134.0
aabbMin:
  X: -116.4000015258789
  Y: -1.3891899585723877
  Z: -254.0
boundingForTraverse: 35.92578887939453
bugMask: 1
instSizeCafe: 553052
instSizeNx: 1256520
sortKey: 34
