aabbMax:
  X: 116.4000015258789
  Y: 64.5365982055664
  Z: 107.4000015258789
aabbMin:
  X: -116.4000015258789
  Y: -1.2498500347137451
  Z: -125.4000015258789
boundingForTraverse: 65.78644561767578
bugMask: 1
instSizeCafe: 594024
instSizeNx: -1
sortKey: 37
