aabbMax:
  X: 117.4000015258789
  Y: 37.5
  Z: 239.5
aabbMin:
  X: -115.4000015258789
  Y: -0.30959099531173706
  Z: -148.5
boundingForTraverse: 37.80958938598633
bugMask: 1
instSizeCafe: -1
instSizeNx: 1305560
sortKey: 26
