aabbMax:
  X: 174.60000610351562
  Y: 149.7830047607422
  Z: 157.5
aabbMin:
  X: -174.60000610351562
  Y: -52.0
  Z: -424.5
boundingForTraverse: 201.7830047607422
bugMask: 1
instSizeCafe: 787556
instSizeNx: 1787136
sortKey: 25
