aabbMax:
  X: 68.4000015258789
  Y: 84.52230072021484
  Z: 126.9000015258789
aabbMin:
  X: -164.39999389648438
  Y: -10.0
  Z: -105.9000015258789
boundingForTraverse: 94.52230072021484
bugMask: 1
instSizeCafe: 564340
instSizeNx: 1256200
sortKey: 54
