aabbMax:
  X: 124.4000015258789
  Y: 34.536598205566406
  Z: 191.0
aabbMin:
  X: -108.4000015258789
  Y: -100.00499725341797
  Z: -197.0
boundingForTraverse: 134.54159545898438
bugMask: 1
instSizeCafe: -1
instSizeNx: 1372064
sortKey: 51
