aabbMax:
  X: 116.4000015258789
  Y: 34.522300720214844
  Z: 134.0
aabbMin:
  X: -116.4000015258789
  Y: -0.30959099531173706
  Z: -254.0
boundingForTraverse: 34.83189010620117
bugMask: 1
instSizeCafe: 537236
instSizeNx: 1219296
sortKey: 41
