aabbMax:
  X: 116.4000015258789
  Y: 43.036598205566406
  Z: 130.5
aabbMin:
  X: -116.4000015258789
  Y: -93.0
  Z: -257.5
boundingForTraverse: 136.03659057617188
bugMask: 1
instSizeCafe: -1
instSizeNx: 1235648
sortKey: 49
