aabbMax:
  X: 122.9000015258789
  Y: 85.00740051269531
  Z: 150.0
aabbMin:
  X: -109.9000015258789
  Y: -50.005001068115234
  Z: -238.0
boundingForTraverse: 135.0124053955078
bugMask: 1
instSizeCafe: 569272
instSizeNx: -1
sortKey: 31
