aabbMax:
  X: 114.9000015258789
  Y: 31.53660011291504
  Z: 250.0
aabbMin:
  X: -117.9000015258789
  Y: -4.0
  Z: -138.0
boundingForTraverse: 35.536598205566406
bugMask: 1
instSizeCafe: 735428
instSizeNx: -1
sortKey: 11
