aabbMax:
  X: 0.5279639959335327
  Y: 1.334280014038086
  Z: 0.5101010203361511
aabbMin:
  X: -0.5240939855575562
  Y: -0.6644179821014404
  Z: -1.1455600261688232
boundingForTraverse: 1.9986979961395264
bugMask: 1
instSizeCafe: 62932
instSizeNx: -1
rigidBodyCenterY: 0.4172990024089813
sortKey: 0
traverseDist: 1000.0
