aabbMax:
  X: 7.505469799041748
  Y: 13.827699661254883
  Z: 14.605799674987793
aabbMin:
  X: -7.543650150299072
  Y: -1.523959994316101
  Z: -9.456250190734863
boundingForTraverse: 15.351659774780273
bugMask: 0
cursorOffsetY: 0.5
instSizeCafe: 17644
instSizeNx: -1
sortKey: 0
