aabbMax:
  X: 7.484119892120361
  Y: 13.814299583435059
  Z: 14.594799995422363
aabbMin:
  X: -7.529990196228027
  Y: -1.523959994316101
  Z: -9.443670272827148
boundingForTraverse: 15.33825969696045
bugMask: 1
instSizeCafe: 98296
instSizeNx: -1
rigidBodyCenterY: 4.140120029449463
sortKey: 0
traverseDist: 528.342041015625
