aabbMax:
  X: 17.034900665283203
  Y: 17.04050064086914
  Z: 1.1638599634170532
aabbMin:
  X: -17.0314998626709
  Y: -17.025999069213867
  Z: -1.1058599948883057
boundingForTraverse: 34.066497802734375
bugMask: 1
cursorOffsetY: 0.5
instSizeCafe: 117320
instSizeNx: -1
sortKey: 10
traverseDist: 500.0
