aabbMax:
  X: 2.51200008392334
  Y: 1.2357900142669678
  Z: 3.75
aabbMin:
  X: -5.300000190734863
  Y: -19.987499237060547
  Z: -3.75
boundingForTraverse: 21.223289489746094
bugMask: 1
cursorOffsetY: 0.5
instSizeCafe: 48532
instSizeNx: 122128
rigidBodyCenterY: -17.238399505615234
sortKey: 0
