aabbMax:
  X: 0.6118710041046143
  Y: 1.6998200416564941
  Z: 1.668779969215393
aabbMin:
  X: -0.5720070004463196
  Y: -0.5635380148887634
  Z: -0.3663179874420166
boundingForTraverse: 2.2633581161499023
bugMask: 1
cursorOffsetY: 0.5
instSizeCafe: 40772
instSizeNx: -1
rigidBodyCenterY: 0.6924309730529785
sortKey: 0
traverseDist: 200.0
