aabbMax:
  X: 45.83639907836914
  Y: -8.393219947814941
  Z: -16.256799697875977
aabbMin:
  X: -45.83639907836914
  Y: -35.61040115356445
  Z: -118.5510025024414
boundingForTraverse: 27.217182159423828
bugMask: 1
instSizeCafe: 102032
instSizeNx: -1
rigidBodyCenterY: -21.962200164794922
sortKey: -18
traverseDist: 1000.0
