aabbMax:
  X: 1.9997999668121338
  Y: 3.9995999336242676
  Z: 1.9997999668121338
aabbMin:
  X: -1.9997999668121338
  Y: 0.0
  Z: -1.9997999668121338
boundingForTraverse: 3.9995999336242676
bugMask: 3
instSizeCafe: -1
instSizeNx: 107336
rigidBodyCenterY: 2.0
sortKey: 9
terrainTextures:
- !u 0xffff1d11
traverseDist: 99999.0
