aabbMax:
  X: 28.69339942932129
  Y: 26.516199111938477
  Z: 28.69339942932129
aabbMin:
  X: -28.69339942932129
  Y: 4.202889919281006
  Z: -28.69339942932129
boundingForTraverse: 22.313308715820312
bugMask: 0
cursorOffsetY: 0.5
instSizeCafe: 32600
instSizeNx: -1
sortKey: -5
traverseDist: 800.0
