aabbMax:
  X: 0.5618429780006409
  Y: 1.1711900234222412
  Z: 0.5618429780006409
aabbMin:
  X: -0.5618429780006409
  Y: -0.135686993598938
  Z: -0.5618429780006409
boundingForTraverse: 1.3068770170211792
bugMask: 3
instSizeCafe: 40684
instSizeNx: -1
rigidBodyCenterY: 0.30000001192092896
sortKey: -20
