aabbMax:
  X: 15.708700180053711
  Y: 33.0
  Z: 15.708700180053711
aabbMin:
  X: -15.712400436401367
  Y: 8.693770408630371
  Z: -15.708700180053711
boundingForTraverse: 24.306228637695312
bugMask: 1
cursorOffsetY: 0.5
instSizeCafe: -1
instSizeNx: 467352
rigidBodyCenterY: 16.08169937133789
sortKey: 2
traverseDist: 800.0
