aabbMax:
  X: 39.54999923706055
  Y: 69.00640106201172
  Z: 39.650001525878906
aabbMin:
  X: -39.54999923706055
  Y: 0.0
  Z: -39.650001525878906
boundingForTraverse: 69.00640106201172
bugMask: 1
cursorOffsetY: 0.5
instSizeCafe: 152072
instSizeNx: 382072
rigidBodyCenterY: 44.65909957885742
sortKey: -2
traverseDist: 800.0
