aabbMax:
  X: 4.0
  Y: 4.000070095062256
  Z: 4.0
aabbMin:
  X: -4.0
  Y: 0.0
  Z: -4.0
boundingForTraverse: 4.000070095062256
bugMask: 2
instSizeCafe: 30636
instSizeNx: 92648
rigidBodyCenterY: 2.0
sortKey: 0
