aabbMax:
  X: 1.8119499683380127
  Y: 6.357789993286133
  Z: 5.0785698890686035
aabbMin:
  X: -7.4606499671936035
  Y: -3.3435299396514893
  Z: -2.0785698890686035
boundingForTraverse: 9.701319694519043
bugMask: 1
cursorOffsetY: 0.5
instSizeCafe: 94560
instSizeNx: 225400
rigidBodyCenterY: 0.041026998311281204
sortKey: 84
traverseDist: 100.0
