aabbMax:
  X: 24.399999618530273
  Y: 24.368600845336914
  Z: 5.010000228881836
aabbMin:
  X: -24.399999618530273
  Y: -24.399999618530273
  Z: -2.6013500690460205
boundingForTraverse: 48.76860046386719
bugMask: 1
cursorOffsetY: 0.5
instSizeCafe: 99144
instSizeNx: -1
rigidBodyCenterY: 0.04086500033736229
sortKey: -3
traverseDist: 99999.0
