aabbMax:
  X: 1.0
  Y: 9.5
  Z: 1.0
aabbMin:
  X: -1.0
  Y: -0.20000000298023224
  Z: -1.0
boundingForTraverse: 9.699999809265137
bugMask: 3
instSizeCafe: 37248
instSizeNx: 105848
rigidBodyCenterY: 4.893400192260742
sortKey: 19
traverseDist: 99999.0
