aabbMax:
  X: 110.0
  Y: 110.0
  Z: 110.0
aabbMin:
  X: -110.0
  Y: -3.005000114440918
  Z: -110.0
boundingForTraverse: 113.00499725341797
bugMask: 0
cursorOffsetY: 0.5
instSizeCafe: -1
instSizeNx: 280696
sortKey: 0
traverseDist: 500.0
