aabbMax:
  X: 6.0
  Y: 1.5
  Z: 3.0002601146698
aabbMin:
  X: -6.0
  Y: -0.7169640064239502
  Z: -3.0
boundingForTraverse: 2.21696400642395
bugMask: 2
cursorOffsetY: 0.5
instSizeCafe: 32252
instSizeNx: 92696
locators:
- pos_x: 0.0
  pos_y: 0.0
  pos_z: -2.200000047683716
  rot_x: 0.0
  rot_y: 0.0
  rot_z: 0.0
  type: MagnePos
rigidBodyCenterY: 0.20000000298023224
sortKey: -9
traverseDist: 99999.0
