aabbMax:
  X: 25.0
  Y: 25.0
  Z: 14.5
aabbMin:
  X: -25.0
  Y: -25.0
  Z: -15.300000190734863
boundingForTraverse: 50.0
bugMask: 1
cursorOffsetY: 0.5
instSizeCafe: 168072
instSizeNx: -1
rigidBodyCenterY: -1.771049976348877
sortKey: -8
traverseDist: 99999.0
