aabbMax:
  X: 1.1253700256347656
  Y: 1.399999976158142
  Z: 1.0564500093460083
aabbMin:
  X: -0.68756502866745
  Y: -1.637120008468628
  Z: -1.0624500513076782
boundingForTraverse: 3.0371201038360596
bugMask: 0
cursorOffsetY: 0.5
instSizeCafe: 17860
instSizeNx: -1
sortKey: 62
traverseDist: 200.0
