aabbMax:
  X: 1.0371099710464478
  Y: 2.5
  Z: 0.3070310056209564
aabbMin:
  X: -1.0371099710464478
  Y: 0.11059100180864334
  Z: -0.3070310056209564
boundingForTraverse: 2.389409065246582
bugMask: 3
cursorOffsetY: 0.5
instSizeCafe: -1
instSizeNx: 135584
rigidBodyCenterY: 1.399999976158142
sortKey: 7
traverseDist: 99999.0
