aabbMax:
  X: 2.450000047683716
  Y: 57.75
  Z: 8.5
aabbMin:
  X: -2.450000047683716
  Y: 47.650001525878906
  Z: -8.5
boundingForTraverse: 10.099998474121094
bugMask: 3
cursorOffsetY: 0.5
instSizeCafe: 58784
instSizeNx: -1
rigidBodyCenterY: 54.793800354003906
sortKey: 0
traverseDist: 99999.0
