aabbMax:
  X: 4.5
  Y: 10.0
  Z: 0.4000000059604645
aabbMin:
  X: -4.5
  Y: -23.0
  Z: -0.4000000059604645
boundingForTraverse: 33.0
bugMask: 0
cursorOffsetY: 0.5
instSizeCafe: 18228
instSizeNx: 75656
sortKey: -12
