aabbMax:
  X: 0.4722970128059387
  Y: 2.960900068283081
  Z: 0.4722970128059387
aabbMin:
  X: -0.4722970128059387
  Y: 0.2791999876499176
  Z: -0.4722970128059387
boundingForTraverse: 2.6816999912261963
bugMask: 0
cursorOffsetY: 0.5
instSizeCafe: -1
instSizeNx: 116672
sortKey: -2
