aabbMax:
  X: 2.0
  Y: 12.0
  Z: 2.0984699726104736
aabbMin:
  X: -2.0
  Y: -1.9999999949504854e-06
  Z: -2.0984699726104736
boundingForTraverse: 12.000001907348633
bugMask: 3
instSizeCafe: -1
instSizeNx: 129400
rigidBodyCenterY: 6.0
sortKey: -20
