aabbMax:
  X: 0.949999988079071
  Y: 4.0
  Z: 1.0499999523162842
aabbMin:
  X: -0.949999988079071
  Y: 0.0
  Z: -1.0499999523162842
boundingForTraverse: 4.0
bugMask: 3
cursorOffsetY: 0.5
instSizeCafe: 53004
instSizeNx: -1
rigidBodyCenterY: 0.5601400136947632
sortKey: 17
traverseDist: 99999.0
