aabbMax:
  X: 1.9510300159454346
  Y: 0.651868999004364
  Z: 1.3552299737930298
aabbMin:
  X: -1.9510200023651123
  Y: 0.0
  Z: -2.148669958114624
boundingForTraverse: 0.651868999004364
bugMask: 2
cursorOffsetY: 0.5
instSizeCafe: -1
instSizeNx: 79992
sortKey: -29
traverseDist: 99999.0
