aabbMax:
  X: 13.490500450134277
  Y: 60.80229949951172
  Z: 1.806249976158142
aabbMin:
  X: -19.43320083618164
  Y: -1.806249976158142
  Z: -1.806249976158142
boundingForTraverse: 62.608551025390625
bugMask: 0
cursorOffsetY: 0.5
instSizeCafe: -1
instSizeNx: 97184
sortKey: -2
traverseDist: 2000.0
