aabbMax:
  X: 24.34440040588379
  Y: -2.4591000080108643
  Z: 8.447879791259766
aabbMin:
  X: -1.0649700164794922
  Y: -24.793800354003906
  Z: -8.478540420532227
boundingForTraverse: 22.334699630737305
bugMask: 0
cursorOffsetY: 0.5
instSizeCafe: 49168
instSizeNx: -1
sortKey: -5
traverseDist: 2000.0
