aabbMax:
  X: 9.99668025970459
  Y: 9.99668025970459
  Z: 2.8936400413513184
aabbMin:
  X: -9.99668025970459
  Y: -9.99668025970459
  Z: -2.9179599285125732
boundingForTraverse: 19.99336051940918
bugMask: 3
cursorOffsetY: 0.5
instSizeCafe: -1
instSizeNx: 431448
sortKey: 0
traverseDist: 99999.0
