aabbMax:
  X: 61.12329864501953
  Y: 24.84950065612793
  Z: 54.25019836425781
aabbMin:
  X: -55.75
  Y: -38.92580032348633
  Z: -54.248199462890625
boundingForTraverse: 63.775299072265625
bugMask: 1
cursorOffsetY: 0.5
instSizeCafe: 257076
instSizeNx: 605008
sortKey: 178
terrainTextures:
- !u 0xffff0b0a
