aabbMax:
  X: 1.4851200580596924
  Y: 0.10000000149011612
  Z: 0.48512300848960876
aabbMin:
  X: 0.0
  Y: 0.0
  Z: -0.48512300848960876
boundingForTraverse: 0.10000000149011612
bugMask: 3
cursorOffsetY: 0.5
instSizeCafe: 28864
instSizeNx: -1
sortKey: -2
