aabbMax:
  X: 8.0
  Y: 16.034900665283203
  Z: 8.0
aabbMin:
  X: -8.0
  Y: 0.0
  Z: -8.0
boundingForTraverse: 16.034900665283203
bugMask: 3
cursorOffsetY: 0.5
instSizeCafe: 55204
instSizeNx: -1
rigidBodyCenterY: 8.0
sortKey: -23
traverseDist: 200.0
