aabbMax:
  X: 2.700000047683716
  Y: 2.700000047683716
  Z: 1.1110399961471558
aabbMin:
  X: -2.700000047683716
  Y: -2.700000047683716
  Z: -1.149999976158142
boundingForTraverse: 5.400000095367432
bugMask: 0
cursorOffsetY: 0.5
instSizeCafe: -1
instSizeNx: 129752
sortKey: 16
traverseDist: 99999.0
