aabbMax:
  X: 2.1262400150299072
  Y: 0.8999999761581421
  Z: 2.176219940185547
aabbMin:
  X: -2.1268999576568604
  Y: 0.0
  Z: 1.8767399787902832
boundingForTraverse: 0.8999999761581421
bugMask: 1
cursorOffsetY: 0.5
instSizeCafe: -1
instSizeNx: 107568
sortKey: -10
traverseDist: 200.0
