aabbMax:
  X: 0.582518994808197
  Y: 1.7363300323486328
  Z: 0.5683590173721313
aabbMin:
  X: -0.5942379832267761
  Y: -0.019912999123334885
  Z: -0.5917969942092896
boundingForTraverse: 1.7562429904937744
bugMask: 3
cursorOffsetY: 0.10000000149011612
instSizeCafe: -1
instSizeNx: 132920
lookAtOffsetY: 0.4000000059604645
rigidBodyCenterY: 0.601610004901886
sortKey: 0
