aabbMax:
  X: 2.156049966812134
  Y: 2.156049966812134
  Z: 0.2822459936141968
aabbMin:
  X: -2.156049966812134
  Y: -2.156049966812134
  Z: -0.1599999964237213
boundingForTraverse: 4.312099933624268
bugMask: 1
cursorOffsetY: 0.5
instSizeCafe: -1
instSizeNx: 88712
sortKey: 8
