aabbMax:
  X: 0.9995700120925903
  Y: 0.6613889932632446
  Z: 1.0303499698638916
aabbMin:
  X: -1.004770040512085
  Y: -0.20000000298023224
  Z: -1.016700029373169
boundingForTraverse: 0.8613889813423157
bugMask: 0
cursorOffsetY: 0.5
instSizeCafe: 27608
instSizeNx: 96160
sortKey: -37
traverseDist: 99999.0
