aabbMax:
  X: 5.285160064697266
  Y: 1.4795700311660767
  Z: 5.246089935302734
aabbMin:
  X: -5.242189884185791
  Y: -1.3827300071716309
  Z: -5.246089935302734
boundingForTraverse: 2.862299919128418
bugMask: 3
instSizeCafe: -1
instSizeNx: 101776
sortKey: 2
