aabbMax:
  X: 3.015860080718994
  Y: 0.8999999761581421
  Z: 1.0542399883270264
aabbMin:
  X: -3.0
  Y: -0.30000001192092896
  Z: -1.0307300090789795
boundingForTraverse: 1.2000000476837158
bugMask: 0
cursorOffsetY: 0.5
instSizeCafe: 27604
instSizeNx: -1
sortKey: -42
traverseDist: 99999.0
