aabbMax:
  X: 24.149700164794922
  Y: 23.633800506591797
  Z: -0.8250049948692322
aabbMin:
  X: -24.149700164794922
  Y: -23.633800506591797
  Z: -1.225000023841858
boundingForTraverse: 47.267601013183594
bugMask: 3
cursorOffsetY: 0.5
instSizeCafe: -1
instSizeNx: 95632
rigidBodyCenterY: 3.000000106112566e-06
sortKey: 0
traverseDist: 99999.0
