aabbMax:
  X: 27.263599395751953
  Y: 19.37579917907715
  Z: 17.057100296020508
aabbMin:
  X: -27.263599395751953
  Y: -4.921040058135986
  Z: -6.459350109100342
boundingForTraverse: 24.296838760375977
bugMask: 1
cursorOffsetY: 0.5
instSizeCafe: -1
instSizeNx: 365104
rigidBodyCenterY: 7.398930072784424
sortKey: -22
