aabbMax:
  X: 50.599998474121094
  Y: 12.0
  Z: 50.79999923706055
aabbMin:
  X: -50.599998474121094
  Y: 0.0
  Z: -50.79999923706055
boundingForTraverse: 12.0
bugMask: 1
cursorOffsetY: 0.5
instSizeCafe: 26880
instSizeNx: -1
sortKey: 0
traverseDist: 500.0
