aabbMax:
  X: 15.5
  Y: 15.5
  Z: 29.850000381469727
aabbMin:
  X: -15.5
  Y: -15.5
  Z: -10.600000381469727
boundingForTraverse: 31.0
bugMask: 1
cursorOffsetY: 0.5
instSizeCafe: -1
instSizeNx: 328600
rigidBodyCenterY: 0.10139399766921997
sortKey: -22
traverseDist: 500.0
