aabbMax:
  X: 0.5
  Y: 2.2649600505828857
  Z: 1.792580008506775
aabbMin:
  X: -0.5
  Y: -0.9434409737586975
  Z: -0.9372429847717285
boundingForTraverse: 3.2084009647369385
bugMask: 3
cursorOffsetY: 0.5
instSizeCafe: 42648
instSizeNx: -1
rigidBodyCenterY: 0.40373900532722473
sortKey: -3
traverseDist: 200.0
