aabbMax:
  X: 20.967500686645508
  Y: 14.711899757385254
  Z: 20.969999313354492
aabbMin:
  X: -20.967500686645508
  Y: -0.12249000370502472
  Z: -20.967500686645508
boundingForTraverse: 14.834389686584473
bugMask: 0
cursorOffsetY: 0.5
instSizeCafe: -1
instSizeNx: 530552
sortKey: -4
traverseDist: 300.0
