aabbMax:
  X: 34.24800109863281
  Y: 63.849998474121094
  Z: 28.077699661254883
aabbMin:
  X: -34.24800109863281
  Y: -2.239989995956421
  Z: -19.65559959411621
boundingForTraverse: 66.0899887084961
bugMask: 1
cursorOffsetY: 0.5
instSizeCafe: 888208
instSizeNx: 1683312
rigidBodyCenterY: 17.193099975585938
sortKey: 136
