aabbMax:
  X: 1.5324900150299072
  Y: 0.14496900141239166
  Z: 2.0286600589752197
aabbMin:
  X: -1.5324900150299072
  Y: -0.6036580204963684
  Z: 0.0
boundingForTraverse: 0.7486270070075989
bugMask: 2
instSizeCafe: 30996
instSizeNx: 92712
sortKey: 0
