aabbMax:
  X: 24.399999618530273
  Y: 24.399999618530273
  Z: 2.5
aabbMin:
  X: -24.399999618530273
  Y: -24.399999618530273
  Z: -8.5
boundingForTraverse: 48.79999923706055
bugMask: 1
cursorOffsetY: 0.5
instSizeCafe: 97616
instSizeNx: 231920
rigidBodyCenterY: -0.11196500062942505
sortKey: -5
traverseDist: 99999.0
