aabbMax:
  X: 2.486299991607666
  Y: 2.5
  Z: 2.47268009185791
aabbMin:
  X: -2.4319698810577393
  Y: -2.5
  Z: -2.47268009185791
boundingForTraverse: 5.0
bugMask: 2
instSizeCafe: 29788
instSizeNx: -1
sortKey: 0
