aabbMax:
  X: 1.2931400537490845
  Y: 1.8169000148773193
  Z: 1.2931400537490845
aabbMin:
  X: -1.2931400537490845
  Y: -1.8652199506759644
  Z: -1.2931499481201172
boundingForTraverse: 3.6821200847625732
bugMask: 3
cursorOffsetY: 0.5
instSizeCafe: -1
instSizeNx: 113928
sortKey: 86
