aabbMax:
  X: 2.1538500785827637
  Y: 7.431869983673096
  Z: 2.1538500785827637
aabbMin:
  X: -2.1538500785827637
  Y: 0.0
  Z: -2.1538500785827637
boundingForTraverse: 7.431869983673096
bugMask: 1
instSizeCafe: 96584
instSizeNx: -1
rigidBodyCenterY: 3.01488995552063
sortKey: 0
