aabbMax:
  X: 5.300000190734863
  Y: 60.0
  Z: 25.399999618530273
aabbMin:
  X: -5.300000190734863
  Y: 24.75
  Z: 24.600000381469727
boundingForTraverse: 35.25
bugMask: 3
cursorOffsetY: 0.5
instSizeCafe: -1
instSizeNx: 140744
rigidBodyCenterY: 42.38750076293945
sortKey: 0
traverseDist: 99999.0
