aabbMax:
  X: 6.0
  Y: 7.545330047607422
  Z: 7.495329856872559
aabbMin:
  X: 0.0
  Y: 0.1914220005273819
  Z: 0.14142100512981415
boundingForTraverse: 7.353908061981201
bugMask: 3
cursorOffsetY: 0.5
instSizeCafe: 26596
instSizeNx: -1
rigidBodyCenterY: 3.700000047683716
sortKey: -3
traverseDist: 99999.0
