aabbMax:
  X: 9.960350036621094
  Y: 9.960350036621094
  Z: 3.447279930114746
aabbMin:
  X: -9.960350036621094
  Y: -9.960350036621094
  Z: -6.371920108795166
boundingForTraverse: 19.920700073242188
bugMask: 3
cursorOffsetY: 0.5
instSizeCafe: -1
instSizeNx: 277976
rigidBodyCenterY: 0.0009319999953731894
sortKey: 145
traverseDist: 99999.0
