aabbMax:
  X: 60.15840148925781
  Y: 74.12079620361328
  Z: 49.44260025024414
aabbMin:
  X: -60.15840148925781
  Y: -30.79829978942871
  Z: -23.365400314331055
boundingForTraverse: 104.91909790039062
bugMask: 1
cursorOffsetY: 0.5
instSizeCafe: -1
instSizeNx: 926144
rigidBodyCenterY: 32.86690139770508
sortKey: -27
