aabbMax:
  X: 5.625
  Y: 4.0
  Z: 0.20000000298023224
aabbMin:
  X: -5.625
  Y: 0.0
  Z: -0.20000000298023224
boundingForTraverse: 4.0
bugMask: 3
instSizeCafe: 27644
instSizeNx: -1
rigidBodyCenterY: 2.123150110244751
sortKey: 4
