aabbMax:
  X: 0.004999999888241291
  Y: 4.750579833984375
  Z: 1.4380099773406982
aabbMin:
  X: -0.004999999888241291
  Y: 4.750579833984375
  Z: 1.4280099868774414
boundingForTraverse: 0.007071000058203936
bugMask: 1
cursorOffsetY: 0.5
instSizeCafe: 39292
instSizeNx: -1
rigidBodyCenterY: 6.005740165710449
sortKey: 85
traverseDist: 100.0
