aabbMax:
  X: 8.75
  Y: 25.24519920349121
  Z: 61.398399353027344
aabbMin:
  X: -8.75
  Y: 7.0
  Z: 33.099998474121094
boundingForTraverse: 18.24519920349121
bugMask: 3
cursorOffsetY: 0.5
instSizeCafe: 51176
instSizeNx: -1
rigidBodyCenterY: 24.04450035095215
sortKey: 0
traverseDist: 99999.0
