aabbMax:
  X: 19.07379913330078
  Y: 19.07379913330078
  Z: 3.707550048828125
aabbMin:
  X: -19.07379913330078
  Y: -19.07379913330078
  Z: -1.7337100505828857
boundingForTraverse: 38.14759826660156
bugMask: 0
cursorOffsetY: 0.5
instSizeCafe: 55988
instSizeNx: -1
rigidBodyCenterY: -0.00010900000052060932
sortKey: 49
traverseDist: 500.0
