aabbMax:
  X: 0.44999998807907104
  Y: 0.8400009870529175
  Z: 0.5
aabbMin:
  X: -0.44999998807907104
  Y: -0.5
  Z: -35.099998474121094
boundingForTraverse: 1.3400009870529175
bugMask: 3
cursorOffsetY: 0.5
instSizeCafe: 38072
instSizeNx: -1
sortKey: 0
traverseDist: 99999.0
