aabbMax:
  X: 1.7999999523162842
  Y: 3.75
  Z: 0.20000000298023224
aabbMin:
  X: -1.7999999523162842
  Y: 0.0
  Z: -0.20000000298023224
boundingForTraverse: 3.75
bugMask: 3
cursorOffsetY: 0.5
instSizeCafe: 28596
instSizeNx: 91008
rigidBodyCenterY: 1.8354400396347046
sortKey: 2
traverseDist: 99999.0
