aabbMax:
  X: 0.48732998967170715
  Y: 0.0
  Z: 0.48732998967170715
aabbMin:
  X: -0.48732998967170715
  Y: -1.188420057296753
  Z: -0.48732998967170715
boundingForTraverse: 1.188420057296753
bugMask: 3
instSizeCafe: 38776
instSizeNx: -1
rigidBodyCenterY: -0.75
sortKey: 0
