aabbMax:
  X: 6.0
  Y: 0.0
  Z: 3.5253899097442627
aabbMin:
  X: -6.0
  Y: -1.0
  Z: -3.5351600646972656
boundingForTraverse: 1.0
bugMask: 3
instSizeCafe: -1
instSizeNx: 170384
rigidBodyCenterY: -0.25
sortKey: 8
