aabbMax:
  X: 9.296830177307129
  Y: 67.4000015258789
  Z: 32.24250030517578
aabbMin:
  X: -9.296830177307129
  Y: -9.199999809265137
  Z: -8.026180267333984
boundingForTraverse: 76.5999984741211
bugMask: 1
cursorOffsetY: 0.5
instSizeCafe: 272908
instSizeNx: -1
rigidBodyCenterY: 28.17799949645996
sortKey: -20
