aabbMax:
  X: 3.0620601177215576
  Y: 0.30000001192092896
  Z: 3.0620601177215576
aabbMin:
  X: -3.0620501041412354
  Y: -0.10000000149011612
  Z: -3.0620501041412354
boundingForTraverse: 0.4000000059604645
bugMask: 3
instSizeCafe: 33744
instSizeNx: 98616
rigidBodyCenterY: 0.020407000556588173
sortKey: -5
traverseDist: 1000.0
