aabbMax:
  X: 1.8727500438690186
  Y: 8.033550262451172
  Z: 1.9425599575042725
aabbMin:
  X: -1.8727500438690186
  Y: 0.0
  Z: -1.9425599575042725
boundingForTraverse: 8.033550262451172
bugMask: 3
cursorOffsetY: 0.5
instSizeCafe: 50308
instSizeNx: 134224
sortKey: 179
traverseDist: 99999.0
