aabbMax:
  X: 42.424198150634766
  Y: 63.39179992675781
  Z: -7.930819988250732
aabbMin:
  X: -42.424198150634766
  Y: -32.03499984741211
  Z: -149.5
boundingForTraverse: 95.42680358886719
bugMask: 1
instSizeCafe: 482088
instSizeNx: -1
rigidBodyCenterY: 13.05720043182373
sortKey: -25
traverseDist: 1000.0
