aabbMax:
  X: 15.133399963378906
  Y: 4.400000095367432
  Z: 4.400000095367432
aabbMin:
  X: -15.199999809265137
  Y: -4.400000095367432
  Z: -4.400000095367432
boundingForTraverse: 8.800000190734863
bugMask: 0
cursorOffsetY: 0.5
instSizeCafe: -1
instSizeNx: 191272
rigidBodyCenterY: -0.00014200000441633165
sortKey: 117
