aabbMax:
  X: 27.92650032043457
  Y: 28.476900100708008
  Z: 5.921189785003662
aabbMin:
  X: -13.85669994354248
  Y: 0.0
  Z: -6.070950031280518
boundingForTraverse: 28.476900100708008
bugMask: 0
cursorOffsetY: 0.5
instSizeCafe: -1
instSizeNx: 117968
sortKey: -2
traverseDist: 2000.0
