aabbMax:
  X: 2.908519983291626
  Y: 15.899999618530273
  Z: 0.3299950063228607
aabbMin:
  X: -2.908519983291626
  Y: 0.12743699550628662
  Z: -0.3299950063228607
boundingForTraverse: 15.772562980651855
bugMask: 3
instSizeCafe: 27660
instSizeNx: 86976
rigidBodyCenterY: 7.949999809265137
sortKey: -11
