aabbMax:
  X: 1.9510400295257568
  Y: 0.651868999004364
  Z: 1.355239987373352
aabbMin:
  X: -1.9510300159454346
  Y: 0.0
  Z: -2.1486799716949463
boundingForTraverse: 0.651868999004364
bugMask: 2
cursorOffsetY: 0.5
instSizeCafe: 19772
instSizeNx: -1
sortKey: -29
traverseDist: 99999.0
