aabbMax:
  X: 2.930459976196289
  Y: 1.2625199556350708
  Z: 2.930459976196289
aabbMin:
  X: -2.930459976196289
  Y: 0.0
  Z: -3.0
boundingForTraverse: 1.2625199556350708
bugMask: 0
cursorOffsetY: 0.5
instSizeCafe: 59684
instSizeNx: -1
sortKey: -18
