aabbMax:
  X: 0.48512300848960876
  Y: 0.12503699958324432
  Z: 9.53512954711914
aabbMin:
  X: -0.48512300848960876
  Y: 3.5000000934815034e-05
  Z: 5.5
boundingForTraverse: 0.12500199675559998
bugMask: 3
cursorOffsetY: 0.5
instSizeCafe: 41868
instSizeNx: -1
rigidBodyCenterY: 0.05701500177383423
sortKey: 0
traverseDist: 99999.0
