aabbMax:
  X: 70.5999984741211
  Y: 70.0
  Z: 70.5999984741211
aabbMin:
  X: -70.5999984741211
  Y: 0.0
  Z: -70.5999984741211
boundingForTraverse: 70.0
bugMask: 0
cursorOffsetY: 0.5
instSizeCafe: -1
instSizeNx: 96160
sortKey: -1
traverseDist: 500.0
