aabbMax:
  X: 49.992401123046875
  Y: -0.2621079981327057
  Z: 65.66190338134766
aabbMin:
  X: -49.992401123046875
  Y: -72.03109741210938
  Z: -59.57709884643555
boundingForTraverse: 71.76898956298828
bugMask: 1
cursorOffsetY: 0.5
instSizeCafe: 140896
instSizeNx: -1
rigidBodyCenterY: -29.69260025024414
sortKey: -17
