aabbMax:
  X: 5.963890075683594
  Y: 5.963890075683594
  Z: 2.095669984817505
aabbMin:
  X: -5.963890075683594
  Y: -5.963890075683594
  Z: -0.9075869917869568
boundingForTraverse: 11.927780151367188
bugMask: 3
cursorOffsetY: 0.5
instSizeCafe: 85756
instSizeNx: -1
rigidBodyCenterY: -3.999999989900971e-06
sortKey: -8
traverseDist: 99999.0
