aabbMax:
  X: 2.156049966812134
  Y: 2.156049966812134
  Z: 0.5
aabbMin:
  X: -2.156049966812134
  Y: -2.156049966812134
  Z: -0.9361180067062378
boundingForTraverse: 4.312099933624268
bugMask: 1
cursorOffsetY: 0.5
instSizeCafe: 37980
instSizeNx: -1
sortKey: 10
