aabbMax:
  X: 153.32899475097656
  Y: 43.60850143432617
  Z: 152.18099975585938
aabbMin:
  X: -153.2100067138672
  Y: -4.44182014465332
  Z: -152.58599853515625
boundingForTraverse: 48.050323486328125
bugMask: 0
cursorOffsetY: 0.5
instSizeCafe: -1
instSizeNx: 117664
sortKey: -3
traverseDist: 99999.0
