aabbMax:
  X: 1.5
  Y: 0.05000000074505806
  Z: 1.5
aabbMin:
  X: -1.5
  Y: -0.05000000074505806
  Z: -1.5
boundingForTraverse: 0.10000000149011612
bugMask: 3
instSizeCafe: -1
instSizeNx: 97528
sortKey: 0
