aabbMax:
  X: 18.006900787353516
  Y: 7.5015997886657715
  Z: 11.030699729919434
aabbMin:
  X: -17.563800811767578
  Y: -0.42681199312210083
  Z: -11.38029956817627
boundingForTraverse: 7.928411960601807
bugMask: 0
cursorOffsetY: 0.5
instSizeCafe: 32680
instSizeNx: 97088
sortKey: 34
traverseDist: 200.0
