aabbMax:
  X: 5.663730144500732
  Y: 19.116100311279297
  Z: 13.308099746704102
aabbMin:
  X: -5.78125
  Y: -1.523959994316101
  Z: -4.529240131378174
boundingForTraverse: 20.640060424804688
bugMask: 3
cursorOffsetY: 0.5
instSizeCafe: -1
instSizeNx: 274984
rigidBodyCenterY: 4.826869964599609
sortKey: -2
traverseDist: 1500.0
