aabbMax:
  X: 0.7939500212669373
  Y: 7.031620025634766
  Z: 0.7939500212669373
aabbMin:
  X: -0.7939500212669373
  Y: -0.001921999966725707
  Z: -0.7939500212669373
boundingForTraverse: 7.033542156219482
bugMask: 1
cursorOffsetY: 0.5
instSizeCafe: 60884
instSizeNx: 159112
rigidBodyCenterY: 2.8364100456237793
sortKey: 5
traverseDist: 1000.0
