aabbMax:
  X: 109.78099822998047
  Y: 109.78099822998047
  Z: 109.78099822998047
aabbMin:
  X: -109.78099822998047
  Y: -3.005000114440918
  Z: -109.78099822998047
boundingForTraverse: 112.78599548339844
bugMask: 0
cursorOffsetY: 0.5
instSizeCafe: 99116
instSizeNx: -1
sortKey: 0
traverseDist: 500.0
