aabbMax:
  X: 0.5214840173721313
  Y: 1.6596599817276
  Z: 0.5694130063056946
aabbMin:
  X: -0.5375980138778687
  Y: -9.999999974752427e-07
  Z: -0.5707229971885681
boundingForTraverse: 1.659661054611206
bugMask: 3
cursorOffsetY: 0.5
instSizeCafe: 86588
instSizeNx: -1
rigidBodyCenterY: 0.8999999761581421
sortKey: 14
traverseDist: 99999.0
