aabbMax:
  X: -21.999900817871094
  Y: 31.50659942626953
  Z: -21.999799728393555
aabbMin:
  X: -39.0
  Y: 12.00160026550293
  Z: -39.45009994506836
boundingForTraverse: 19.5049991607666
bugMask: 1
cursorOffsetY: 0.5
instSizeCafe: 28988
instSizeNx: -1
rigidBodyCenterY: 20.3976993560791
sortKey: 0
traverseDist: 800.0
