aabbMax:
  X: 94.4000015258789
  Y: 68.95580291748047
  Z: 94.4000015258789
aabbMin:
  X: -94.4000015258789
  Y: 0.0
  Z: -94.40019989013672
boundingForTraverse: 68.95580291748047
bugMask: 1
cursorOffsetY: 0.5
instSizeCafe: 173808
instSizeNx: -1
rigidBodyCenterY: 55.610198974609375
sortKey: -2
traverseDist: 500.0
