aabbMax:
  X: 43.0
  Y: 144.18499755859375
  Z: 80.33709716796875
aabbMin:
  X: -41.34700012207031
  Y: 64.0
  Z: -69.5
boundingForTraverse: 80.18499755859375
bugMask: 1
cursorOffsetY: 0.5
instSizeCafe: -1
instSizeNx: 1061608
rigidBodyCenterY: 101.64199829101562
sortKey: -17
traverseDist: 99999.0
