aabbMax:
  X: 4.0
  Y: 0.0
  Z: 4.0
aabbMin:
  X: -4.0
  Y: -1.2642300128936768
  Z: -4.0
boundingForTraverse: 1.2642300128936768
bugMask: 3
cursorOffsetY: 0.5
instSizeCafe: 40108
instSizeNx: 114960
rigidBodyCenterY: -0.1993499994277954
sortKey: -8
traverseDist: 99999.0
