aabbMax:
  X: 4.007959842681885
  Y: 0.30000001192092896
  Z: 0.9941099882125854
aabbMin:
  X: -4.0
  Y: 0.0
  Z: -1.0058900117874146
boundingForTraverse: 0.30000001192092896
bugMask: 2
instSizeCafe: 30140
instSizeNx: 93544
rigidBodyCenterY: 0.15000000596046448
sortKey: 0
