aabbMax:
  X: 1.6962699890136719
  Y: 5.404910087585449
  Z: 0.0931129977107048
aabbMin:
  X: -1.6718300580978394
  Y: -1.212689995765686
  Z: -0.00027099999715574086
boundingForTraverse: 6.617599964141846
bugMask: 1
cursorOffsetY: 0.5
instSizeCafe: 27880
instSizeNx: -1
sortKey: 0
traverseDist: 200.0
