aabbMax:
  X: 19.14229965209961
  Y: 1.708799958229065
  Z: 20.2283992767334
aabbMin:
  X: -18.99209976196289
  Y: -3.950000047683716
  Z: -19.459800720214844
boundingForTraverse: 5.65880012512207
bugMask: 1
cursorOffsetY: 0.5
instSizeCafe: 224356
instSizeNx: -1
rigidBodyCenterY: -0.5276079773902893
sortKey: -4
terrainTextures:
- 1378494729
traverseDist: 1000.0
