aabbMax:
  X: 50.12689971923828
  Y: 0.8999999761581421
  Z: 50.12689971923828
aabbMin:
  X: -50.12689971923828
  Y: 0.0
  Z: -50.12689971923828
boundingForTraverse: 0.8999999761581421
bugMask: 1
cursorOffsetY: 0.5
instSizeCafe: 36284
instSizeNx: -1
sortKey: 0
traverseDist: 800.0
