aabbMax:
  X: 7.11283016204834
  Y: 7.11283016204834
  Z: 2.9460999965667725
aabbMin:
  X: -7.11283016204834
  Y: -7.11283016204834
  Z: -1.489799976348877
boundingForTraverse: 14.22566032409668
bugMask: 1
cursorOffsetY: 0.5
instSizeCafe: 81660
instSizeNx: -1
rigidBodyCenterY: -3.999999989900971e-06
sortKey: -7
traverseDist: 99999.0
