aabbMax:
  X: 3.926409959793091
  Y: 3.926409959793091
  Z: 1.0928900241851807
aabbMin:
  X: -3.926409959793091
  Y: -5.103579998016357
  Z: -0.9484310150146484
boundingForTraverse: 9.029990196228027
bugMask: 0
cursorOffsetY: 0.5
instSizeCafe: -1
instSizeNx: 155960
rigidBodyCenterY: -0.05540100112557411
sortKey: 1
traverseDist: 99999.0
