aabbMax:
  X: 0.7132009863853455
  Y: 0.7360079884529114
  Z: 0.7132009863853455
aabbMin:
  X: -0.7132009863853455
  Y: 0.0
  Z: -0.7132009863853455
boundingForTraverse: 0.7360079884529114
bugMask: 0
cursorOffsetY: 0.5
instSizeCafe: 17140
instSizeNx: -1
sortKey: -2
traverseDist: 99999.0
