aabbMax:
  X: 2.0608699321746826
  Y: 0.0
  Z: 2.450000047683716
aabbMin:
  X: -2.0608699321746826
  Y: -1.6322599649429321
  Z: -2.450000047683716
boundingForTraverse: 1.6322599649429321
bugMask: 3
cursorOffsetY: 0.5
instSizeCafe: 25920
instSizeNx: 86448
rigidBodyCenterY: -0.75
sortKey: 7
