aabbMax:
  X: 6.633430004119873
  Y: 9.213839530944824
  Z: 6.040800094604492
aabbMin:
  X: -6.5425801277160645
  Y: -6.530710220336914
  Z: -7.137909889221191
boundingForTraverse: 15.744549751281738
bugMask: 1
cursorOffsetY: 0.5
instSizeCafe: 155760
instSizeNx: -1
rigidBodyCenterY: 0.9845690131187439
sortKey: 60
traverseDist: 200.0
