aabbMax:
  X: 57.24850082397461
  Y: 80.80000305175781
  Z: 81.72730255126953
aabbMin:
  X: -50.5
  Y: -15.8996000289917
  Z: -118.93499755859375
boundingForTraverse: 96.69960021972656
bugMask: 1
cursorOffsetY: 0.5
instSizeCafe: -1
instSizeNx: 817744
rigidBodyCenterY: 5.8495001792907715
sortKey: -24
