aabbMax:
  X: 1.9276100397109985
  Y: 1.9276000261306763
  Z: 4.478919982910156
aabbMin:
  X: -1.9276000261306763
  Y: -1.9276000261306763
  Z: -9.14818000793457
boundingForTraverse: 3.8552000522613525
bugMask: 1
cursorOffsetY: 0.5
instSizeCafe: 27412
instSizeNx: -1
sortKey: -42
traverseDist: 99999.0
