aabbMax:
  X: 2.0
  Y: 0.0
  Z: 2.0
aabbMin:
  X: -2.0
  Y: -0.10000000149011612
  Z: 0.0
boundingForTraverse: 0.10000000149011612
bugMask: 3
instSizeCafe: 25636
instSizeNx: 84872
sortKey: -6
