aabbMax:
  X: 47.79999923706055
  Y: 70.0
  Z: 47.79999923706055
aabbMin:
  X: -47.79999923706055
  Y: 0.0
  Z: -47.79999923706055
boundingForTraverse: 70.0
bugMask: 0
cursorOffsetY: 0.5
instSizeCafe: 32600
instSizeNx: -1
sortKey: -3
traverseDist: 500.0
