aabbMax:
  X: 0.6195160150527954
  Y: 0.8999999761581421
  Z: 0.6763929724693298
aabbMin:
  X: -0.6195160150527954
  Y: 0.0
  Z: 0.37690699100494385
boundingForTraverse: 0.8999999761581421
bugMask: 1
cursorOffsetY: 0.5
instSizeCafe: 36272
instSizeNx: -1
sortKey: -7
traverseDist: 200.0
