aabbMax:
  X: 11.680800437927246
  Y: 29.068500518798828
  Z: -74.4000015258789
aabbMin:
  X: -11.680800437927246
  Y: -24.700000762939453
  Z: -164.79200744628906
boundingForTraverse: 53.76850128173828
bugMask: 1
cursorOffsetY: 0.5
instSizeCafe: 155588
instSizeNx: -1
rigidBodyCenterY: 1.1310499906539917
sortKey: -18
traverseDist: 99999.0
