aabbMax:
  X: 2.4907500743865967
  Y: 3.9847800731658936
  Z: 0.7209380269050598
aabbMin:
  X: -2.4838500022888184
  Y: -0.015111999586224556
  Z: -0.7813869714736938
boundingForTraverse: 3.999891996383667
bugMask: 3
instSizeCafe: 48592
instSizeNx: -1
rigidBodyCenterY: 2.248159885406494
sortKey: 0
