aabbMax:
  X: 1.533619999885559
  Y: 8.0
  Z: 1.533619999885559
aabbMin:
  X: -1.533619999885559
  Y: 0.0
  Z: -1.533619999885559
boundingForTraverse: 8.0
bugMask: 1
cursorOffsetY: 0.5
instSizeCafe: -1
instSizeNx: 204992
rigidBodyCenterY: 4.346370220184326
sortKey: 5
traverseDist: 900.0
