aabbMax:
  X: 11.006600379943848
  Y: 0.5538560152053833
  Z: 8.84121036529541
aabbMin:
  X: -15.102399826049805
  Y: -0.16153299808502197
  Z: -16.749399185180664
boundingForTraverse: 0.7153890132904053
bugMask: 0
cursorOffsetY: 0.5
instSizeCafe: 17268
instSizeNx: 75656
sortKey: -24
traverseDist: 1000.0
