aabbMax:
  X: 9.911540031433105
  Y: 3.05676007270813
  Z: 5.957220077514648
aabbMin:
  X: -9.911540031433105
  Y: -1.4272799491882324
  Z: -5.957220077514648
boundingForTraverse: 4.484039783477783
bugMask: 3
instSizeCafe: -1
instSizeNx: 210096
rigidBodyCenterY: 0.01637299917638302
sortKey: -43
