aabbMax:
  X: 0.4516820013523102
  Y: 0.18000000715255737
  Z: 0.2926819920539856
aabbMin:
  X: -0.4516800045967102
  Y: -0.13020600378513336
  Z: -0.48965200781822205
boundingForTraverse: 0.31020599603652954
bugMask: 1
cursorOffsetY: 0.5
instSizeCafe: 34952
instSizeNx: -1
rigidBodyCenterY: 0.01167299970984459
sortKey: -7
traverseDist: 200.0
