aabbMax:
  X: 2.0197999477386475
  Y: 0.8464930057525635
  Z: 1.9937599897384644
aabbMin:
  X: -2.0043299198150635
  Y: -0.30000001192092896
  Z: -1.9702999591827393
boundingForTraverse: 1.1464929580688477
bugMask: 0
cursorOffsetY: 0.5
instSizeCafe: 27608
instSizeNx: -1
sortKey: -39
traverseDist: 99999.0
