aabbMax:
  X: 61.12329864501953
  Y: 24.84950065612793
  Z: 54.249000549316406
aabbMin:
  X: -55.75
  Y: -38.92580032348633
  Z: -54.247100830078125
boundingForTraverse: 63.775299072265625
bugMask: 1
cursorOffsetY: 0.5
instSizeCafe: 261860
instSizeNx: -1
sortKey: 177
terrainTextures:
- !u 0xffff0b0a
