aabbMax:
  X: 0.4894390106201172
  Y: 3.885890007019043
  Z: 0.4894390106201172
aabbMin:
  X: -0.4894390106201172
  Y: -0.0011530000483617187
  Z: -0.489437997341156
boundingForTraverse: 3.887042999267578
bugMask: 1
instSizeCafe: 64464
instSizeNx: -1
rigidBodyCenterY: 1.7310600280761719
sortKey: 0
