aabbMax:
  X: 6.0
  Y: 7.5
  Z: 0.4000000059604645
aabbMin:
  X: -6.0
  Y: 0.0
  Z: -0.4000000059604645
boundingForTraverse: 7.5
bugMask: 0
cursorOffsetY: 0.5
instSizeCafe: -1
instSizeNx: 75656
sortKey: 4
