aabbMax:
  X: 4.0
  Y: 0.03750000149011612
  Z: 0.30000001192092896
aabbMin:
  X: 0.0
  Y: 0.0
  Z: -0.30000001192092896
boundingForTraverse: 0.03750000149011612
bugMask: 3
cursorOffsetY: 0.5
instSizeCafe: 28864
instSizeNx: -1
sortKey: -6
