aabbMax:
  X: 2.1649999618530273
  Y: -1.649999976158142
  Z: -5.587500095367432
aabbMin:
  X: -0.32499998807907104
  Y: -14.5
  Z: -33.04999923706055
boundingForTraverse: 12.850000381469727
bugMask: 1
cursorOffsetY: 0.5
instSizeCafe: -1
instSizeNx: 117064
rigidBodyCenterY: -11.86970043182373
sortKey: -17
traverseDist: 99999.0
