aabbMax:
  X: 4.0
  Y: 0.30000001192092896
  Z: 2.0
aabbMin:
  X: -4.0
  Y: 0.0
  Z: -2.0
boundingForTraverse: 0.30000001192092896
bugMask: 2
instSizeCafe: 29884
instSizeNx: 89448
rigidBodyCenterY: 0.15000000596046448
sortKey: 0
