aabbMax:
  X: 0.5252429842948914
  Y: 1.7101199626922607
  Z: 0.5252429842948914
aabbMin:
  X: -0.5252429842948914
  Y: 0.0
  Z: -0.5252429842948914
boundingForTraverse: 1.7101199626922607
bugMask: 3
instSizeCafe: 34324
instSizeNx: -1
rigidBodyCenterY: 0.7359229922294617
sortKey: -6
traverseDist: 500.0
