aabbMax:
  X: 1.6214699745178223
  Y: 0.4880079925060272
  Z: 4.013969898223877
aabbMin:
  X: -1.6146199703216553
  Y: -0.15446899831295013
  Z: -0.17912499606609344
boundingForTraverse: 0.6424769759178162
bugMask: 3
instSizeCafe: -1
instSizeNx: 97896
sortKey: 0
