aabbMax:
  X: 2.1763999462127686
  Y: 2.8008499145507812
  Z: 8.5764799118042
aabbMin:
  X: -2.1763999462127686
  Y: 0.0
  Z: -2.916520118713379
boundingForTraverse: 2.8008499145507812
bugMask: 1
instSizeCafe: -1
instSizeNx: 159792
rigidBodyCenterY: 0.5745390057563782
sortKey: 0
