aabbMax:
  X: 3.0
  Y: 7.956870079040527
  Z: 0.5
aabbMin:
  X: -3.0
  Y: -0.8999999761581421
  Z: -0.5
boundingForTraverse: 8.8568696975708
bugMask: 3
cursorOffsetY: 0.5
instSizeCafe: 37104
instSizeNx: -1
rigidBodyCenterY: 4.245950222015381
sortKey: -8
traverseDist: 99999.0
