aabbMax:
  X: 2.0608699321746826
  Y: 4.062290191650391
  Z: 1.5572600364685059
aabbMin:
  X: -2.0608699321746826
  Y: -0.06228699907660484
  Z: -0.07500000298023224
boundingForTraverse: 4.124577045440674
bugMask: 1
instSizeCafe: 22168
instSizeNx: -1
sortKey: 6668
