aabbMax:
  X: 6.1839599609375
  Y: 50.29999923706055
  Z: -18.828500747680664
aabbMin:
  X: -6.1839599609375
  Y: 24.75
  Z: -36.0172004699707
boundingForTraverse: 25.549999237060547
bugMask: 3
cursorOffsetY: 0.5
instSizeCafe: 68428
instSizeNx: -1
rigidBodyCenterY: 37.617000579833984
sortKey: 0
traverseDist: 99999.0
