aabbMax:
  X: 0.9311490058898926
  Y: 1.7016199827194214
  Z: 0.40623700618743896
aabbMin:
  X: -0.8188509941101074
  Y: 0.0
  Z: -0.46544700860977173
boundingForTraverse: 1.7016199827194214
bugMask: 1
instSizeCafe: 32308
instSizeNx: -1
rigidBodyCenterY: 0.800000011920929
sortKey: -13
