aabbMax:
  X: 2.1762399673461914
  Y: 0.8999999761581421
  Z: 2.176219940185547
aabbMin:
  X: -2.1268999576568604
  Y: 0.0
  Z: -2.1263999938964844
boundingForTraverse: 0.8999999761581421
bugMask: 1
cursorOffsetY: 0.5
instSizeCafe: 36524
instSizeNx: -1
sortKey: -9
traverseDist: 200.0
