aabbMax:
  X: 1.25
  Y: 3.978440046310425
  Z: 0.16500000655651093
aabbMin:
  X: -1.25
  Y: 0.0
  Z: -0.16500000655651093
boundingForTraverse: 3.978440046310425
bugMask: 3
cursorOffsetY: 0.5
instSizeCafe: 27120
instSizeNx: -1
rigidBodyCenterY: 2.048719882965088
sortKey: -3
traverseDist: 99999.0
