aabbMax:
  X: 1.4617700576782227
  Y: 0.013984999619424343
  Z: 2.0634500980377197
aabbMin:
  X: -1.4617600440979004
  Y: -0.24541999399662018
  Z: -0.8577409982681274
boundingForTraverse: 0.2594049870967865
bugMask: 3
instSizeCafe: 36644
instSizeNx: 109544
sortKey: 36
traverseDist: 200.0
