aabbMax:
  X: 2.1762399673461914
  Y: 0.5683950185775757
  Z: 2.176219940185547
aabbMin:
  X: -2.1768999099731445
  Y: 0.0
  Z: -2.1763999462127686
boundingForTraverse: 0.5683950185775757
bugMask: 1
instSizeCafe: 41492
instSizeNx: -1
rigidBodyCenterY: 0.2702080011367798
sortKey: 0
