aabbMax:
  X: 6.1839599609375
  Y: 26.639999389648438
  Z: 36.0172004699707
aabbMin:
  X: -6.1839599609375
  Y: 24.852500915527344
  Z: 25.0
boundingForTraverse: 1.7874979972839355
bugMask: 3
cursorOffsetY: 0.5
instSizeCafe: -1
instSizeNx: 103824
rigidBodyCenterY: 25.464500427246094
sortKey: 0
traverseDist: 99999.0
