aabbMax:
  X: 0.4735009968280792
  Y: 0.4735009968280792
  Z: 15.188799858093262
aabbMin:
  X: -0.4735009968280792
  Y: -0.4735009968280792
  Z: -1.4888399839401245
boundingForTraverse: 0.9470019936561584
bugMask: 0
cursorOffsetY: 0.5
instSizeCafe: 18480
instSizeNx: -1
sortKey: 0
