aabbMax:
  X: 0.8005269765853882
  Y: 5.450500011444092
  Z: 0.05894500017166138
aabbMin:
  X: -1.9608099460601807
  Y: -0.2232690006494522
  Z: 0.0
boundingForTraverse: 5.673768997192383
bugMask: 1
instSizeCafe: 26004
instSizeNx: -1
sortKey: 0
