aabbMax:
  X: 2.6500000953674316
  Y: 6.978439807891846
  Z: 0.20000000298023224
aabbMin:
  X: -2.6500000953674316
  Y: 0.0
  Z: -0.20000000298023224
boundingForTraverse: 6.978439807891846
bugMask: 3
instSizeCafe: 27404
instSizeNx: 86976
rigidBodyCenterY: 3.2504100799560547
sortKey: 4
