aabbMax:
  X: 13.84939956665039
  Y: 0.5538560152053833
  Z: 26.971900939941406
aabbMin:
  X: -14.777299880981445
  Y: -0.16153299808502197
  Z: -4.43080997467041
boundingForTraverse: 0.7153890132904053
bugMask: 0
cursorOffsetY: 0.5
instSizeCafe: -1
instSizeNx: 75656
sortKey: -21
traverseDist: 1000.0
