aabbMax:
  X: 1.399999976158142
  Y: 0.9952329993247986
  Z: 6.900000095367432
aabbMin:
  X: -1.399999976158142
  Y: -0.4000000059604645
  Z: -5.785120010375977
boundingForTraverse: 1.3952330350875854
bugMask: 3
cursorOffsetY: 0.5
instSizeCafe: -1
instSizeNx: 95656
rigidBodyCenterY: -0.10602699965238571
sortKey: 0
traverseDist: 99999.0
