aabbMax:
  X: 1.7200000286102295
  Y: 1.7200000286102295
  Z: 4.368159770965576
aabbMin:
  X: -1.7200000286102295
  Y: -1.7200000286102295
  Z: -1.881369948387146
boundingForTraverse: 3.440000057220459
bugMask: 3
cursorOffsetY: 0.5
instSizeCafe: 42268
instSizeNx: 108664
locators:
- pos_x: 0.0
  pos_y: 0.0
  pos_z: 1.0
  rot_x: 0.0
  rot_y: 0.0
  rot_z: 0.0
  type: MagnePos
rigidBodyCenterY: -1.9999999949504854e-06
sortKey: 159
traverseDist: 99999.0
