aabbMax:
  X: 2.732100009918213
  Y: 1.2625199556350708
  Z: 2.732100009918213
aabbMin:
  X: -2.732100009918213
  Y: 0.0
  Z: -3.0
boundingForTraverse: 1.2625199556350708
bugMask: 3
instSizeCafe: 88900
instSizeNx: -1
rigidBodyCenterY: 0.23383499681949615
sortKey: 0
traverseDist: 1000.0
