aabbMax:
  X: 2.231600046157837
  Y: 0.661080002784729
  Z: 0.9820989966392517
aabbMin:
  X: -2.231600046157837
  Y: -0.7273319959640503
  Z: -0.5492449998855591
boundingForTraverse: 1.3884119987487793
bugMask: 0
cursorOffsetY: 0.5
instSizeCafe: 17908
instSizeNx: 75656
sortKey: 0
