aabbMax:
  X: 17.525400161743164
  Y: 32.84880065917969
  Z: 2.393199920654297
aabbMin:
  X: -17.525400161743164
  Y: -3.999999989900971e-06
  Z: -1.1387100219726562
boundingForTraverse: 32.84880447387695
bugMask: 3
cursorOffsetY: 0.5
instSizeCafe: 94132
instSizeNx: -1
rigidBodyCenterY: 16.024200439453125
sortKey: 144
traverseDist: 200.0
