aabbMax:
  X: 0.8999999761581421
  Y: 10.96500015258789
  Z: 7.829040050506592
aabbMin:
  X: -0.8999999761581421
  Y: -0.5
  Z: -7.829040050506592
boundingForTraverse: 11.46500015258789
bugMask: 1
cursorOffsetY: 0.5
instSizeCafe: 28404
instSizeNx: -1
rigidBodyCenterY: 6.509980201721191
sortKey: -2
