aabbMax:
  X: 1.5
  Y: 1.5
  Z: 1.5057300329208374
aabbMin:
  X: -1.5
  Y: -1.5
  Z: -1.5057300329208374
boundingForTraverse: 3.0
bugMask: 3
cursorOffsetY: 0.5
instSizeCafe: -1
instSizeNx: 154264
sortKey: -25
