aabbMax:
  X: 4.989960193634033
  Y: 1.0303000211715698
  Z: 4.989960193634033
aabbMin:
  X: -4.989960193634033
  Y: -0.5
  Z: -4.989960193634033
boundingForTraverse: 1.5303000211715698
bugMask: 3
cursorOffsetY: 0.5
farModelCulling:
  center:
    X: 0.0
    Y: 1.5303000211715698
    Z: 0.0
  height: 3.0606000423431396
  radius: 1.5303000211715698
instSizeCafe: 62824
instSizeNx: -1
rigidBodyCenterY: 0.43610599637031555
sortKey: -14
traverseDist: 200.0
