aabbMax:
  X: 1.5820300579071045
  Y: 4.480100154876709
  Z: 1.6214300394058228
aabbMin:
  X: -1.5820300579071045
  Y: 0.0
  Z: -1.6214300394058228
boundingForTraverse: 4.480100154876709
bugMask: 2
instSizeCafe: -1
instSizeNx: 145264
rigidBodyCenterY: 1.374019980430603
sortKey: 0
