aabbMax:
  X: 2.0
  Y: 13.10099983215332
  Z: 2.0
aabbMin:
  X: -2.0
  Y: 0.0010000000474974513
  Z: -2.0
boundingForTraverse: 13.09999942779541
bugMask: 3
cursorOffsetY: 0.5
instSizeCafe: 68456
instSizeNx: -1
rigidBodyCenterY: 2.828900098800659
sortKey: -9
traverseDist: 99999.0
