aabbMax:
  X: 38.599998474121094
  Y: 70.0
  Z: 38.599998474121094
aabbMin:
  X: -38.599998474121094
  Y: 0.0
  Z: -38.599998474121094
boundingForTraverse: 70.0
bugMask: 0
cursorOffsetY: 0.5
instSizeCafe: 33128
instSizeNx: -1
sortKey: 0
traverseDist: 500.0
