aabbMax:
  X: 7.464540004730225
  Y: 13.874799728393555
  Z: 14.624300003051758
aabbMin:
  X: -7.507070064544678
  Y: -1.532829999923706
  Z: -9.37283992767334
boundingForTraverse: 15.40762996673584
bugMask: 1
instSizeCafe: 96448
instSizeNx: -1
rigidBodyCenterY: 4.140120029449463
sortKey: 0
traverseDist: 1500.0
