aabbMax:
  X: 1.0
  Y: 9.5
  Z: 1.0
aabbMin:
  X: -1.0
  Y: -0.20000000298023224
  Z: -1.0
boundingForTraverse: 9.699999809265137
bugMask: 3
instSizeCafe: 35692
instSizeNx: -1
rigidBodyCenterY: 3.9918899536132812
sortKey: 19
traverseDist: 99999.0
