aabbMax:
  X: 1.0
  Y: 1.3127199411392212
  Z: 0.6203479766845703
aabbMin:
  X: -1.000059962272644
  Y: 0.0035550000611692667
  Z: -0.6311900019645691
boundingForTraverse: 1.3091650009155273
bugMask: 3
cursorOffsetY: 0.5
instSizeCafe: -1
instSizeNx: 89432
rigidBodyCenterY: 0.6721460223197937
sortKey: 156
traverseDist: 99999.0
