aabbMax:
  X: 6.0
  Y: 4.0
  Z: 0.4000000059604645
aabbMin:
  X: -6.0
  Y: 0.0
  Z: -0.4000000059604645
boundingForTraverse: 4.0
bugMask: 0
cursorOffsetY: 0.5
instSizeCafe: 18484
instSizeNx: 75656
sortKey: 4
