aabbMax:
  X: 235.54100036621094
  Y: 169.6699981689453
  Z: 197.19000244140625
aabbMin:
  X: -233.17599487304688
  Y: -40.10810089111328
  Z: -197.19000244140625
boundingForTraverse: 209.77810668945312
bugMask: 0
cursorOffsetY: 0.5
instSizeCafe: -1
instSizeNx: 120640
sortKey: -37
terrainTextures:
- !u 0xffff1d11
traverseDist: 200.0
