aabbMax:
  X: 1.0326600074768066
  Y: 1.6134300231933594
  Z: 0.09847400337457657
aabbMin:
  X: -0.8029369711875916
  Y: -0.7292829751968384
  Z: -0.0005830000154674053
boundingForTraverse: 2.3427131175994873
bugMask: 1
cursorOffsetY: 0.5
instSizeCafe: 27876
instSizeNx: -1
sortKey: -5
traverseDist: 200.0
