aabbMax:
  X: 4.269999980926514
  Y: 2.9000000953674316
  Z: 1.6490000486373901
aabbMin:
  X: -3.5414199829101562
  Y: 0.07500000298023224
  Z: -1.6490000486373901
boundingForTraverse: 2.825000047683716
bugMask: 2
cursorOffsetY: 0.5
instSizeCafe: 53580
instSizeNx: 131352
rigidBodyCenterY: 1.4511499404907227
sortKey: -14
