aabbMax:
  X: 137.7969970703125
  Y: 0.5636990070343018
  Z: 17.002700805664062
aabbMin:
  X: 23.999000549316406
  Y: -0.31153300404548645
  Z: -39.650299072265625
boundingForTraverse: 0.8752319812774658
bugMask: 0
cursorOffsetY: 0.5
instSizeCafe: 18160
instSizeNx: -1
sortKey: -33
traverseDist: 1000.0
