aabbMax:
  X: 1.759529948234558
  Y: -1.9293099641799927
  Z: 2.2130699157714844
aabbMin:
  X: -1.7595499753952026
  Y: -14.949999809265137
  Z: -0.025067999958992004
boundingForTraverse: 13.020689964294434
bugMask: 3
cursorOffsetY: 0.5
instSizeCafe: -1
instSizeNx: 188456
rigidBodyCenterY: -0.8891559839248657
sortKey: 146
traverseDist: 1000.0
