aabbMax:
  X: 18.587200164794922
  Y: 18.587200164794922
  Z: 50.31639862060547
aabbMin:
  X: -18.587200164794922
  Y: -18.587200164794922
  Z: -42.779998779296875
boundingForTraverse: 37.174400329589844
bugMask: 1
cursorOffsetY: 0.5
instSizeCafe: -1
instSizeNx: 909208
rigidBodyCenterY: -1.3428399562835693
sortKey: 11
traverseDist: 500.0
