aabbMax:
  X: 1.0262700319290161
  Y: 1.0262700319290161
  Z: 10.45300006866455
aabbMin:
  X: -1.0262700319290161
  Y: -1.0262700319290161
  Z: 0.0
boundingForTraverse: 2.0525400638580322
bugMask: 0
cursorOffsetY: 0.5
instSizeCafe: 17972
instSizeNx: 75656
sortKey: 121
