aabbMax:
  X: 2.0
  Y: 4.0
  Z: 0.4000000059604645
aabbMin:
  X: -2.0
  Y: -0.019999999552965164
  Z: -0.4000000059604645
boundingForTraverse: 4.019999980926514
bugMask: 0
cursorOffsetY: 0.5
instSizeCafe: 17648
instSizeNx: -1
sortKey: 4
