aabbMax:
  X: 5.010000228881836
  Y: 10.010000228881836
  Z: 5.010000228881836
aabbMin:
  X: -5.010000228881836
  Y: -0.009999999776482582
  Z: -5.010000228881836
boundingForTraverse: 10.020000457763672
bugMask: 2
cursorOffsetY: 0.5
instSizeCafe: -1
instSizeNx: 118792
rigidBodyCenterY: 5.0
sortKey: 0
