aabbMax:
  X: 6.0
  Y: 0.375
  Z: 3.0
aabbMin:
  X: -6.0
  Y: -0.07500000298023224
  Z: -3.0
boundingForTraverse: 0.44999998807907104
bugMask: 2
instSizeCafe: 31548
instSizeNx: 93544
rigidBodyCenterY: 0.15000000596046448
sortKey: 0
