aabbMax:
  X: 90.5999984741211
  Y: 70.0
  Z: 90.5999984741211
aabbMin:
  X: -90.5999984741211
  Y: 0.0
  Z: -90.5999984741211
boundingForTraverse: 70.0
bugMask: 0
cursorOffsetY: 0.5
instSizeCafe: 32600
instSizeNx: -1
sortKey: -2
traverseDist: 500.0
