aabbMax:
  X: 12.89009952545166
  Y: 0.0
  Z: 14.695300102233887
aabbMin:
  X: -12.891300201416016
  Y: -4.906660079956055
  Z: -7.920209884643555
boundingForTraverse: 4.906660079956055
bugMask: 3
cursorOffsetY: 0.5
instSizeCafe: 31564
instSizeNx: -1
rigidBodyCenterY: -2.5
sortKey: 5
traverseDist: 99999.0
