aabbMax:
  X: 7.634130001068115
  Y: 7.634130001068115
  Z: 2.3032500743865967
aabbMin:
  X: -7.634130001068115
  Y: -7.634130001068115
  Z: -1.0
boundingForTraverse: 15.26826000213623
bugMask: 1
cursorOffsetY: 0.5
instSizeCafe: 94188
instSizeNx: 214248
rigidBodyCenterY: -0.00010099999781232327
sortKey: 2
traverseDist: 99999.0
