aabbMax:
  X: -3.5000000934815034e-05
  Y: 27.607799530029297
  Z: 6.5
aabbMin:
  X: -15.156100273132324
  Y: 16.91200065612793
  Z: -7.0
boundingForTraverse: 10.695798873901367
bugMask: 2
cursorOffsetY: 0.5
instSizeCafe: 131600
instSizeNx: -1
sortKey: -17
traverseDist: 99999.0
