aabbMax:
  X: 0.4722970128059387
  Y: 4.037930011749268
  Z: 0.4722970128059387
aabbMin:
  X: -0.4722970128059387
  Y: 0.2791999876499176
  Z: -0.4722970128059387
boundingForTraverse: 3.758729934692383
bugMask: 0
cursorOffsetY: 0.5
instSizeCafe: 39000
instSizeNx: -1
sortKey: -1
