aabbMax:
  X: 3.700000047683716
  Y: 2.978440046310425
  Z: 0.20000000298023224
aabbMin:
  X: -3.700000047683716
  Y: 0.0
  Z: -0.20000000298023224
boundingForTraverse: 2.978440046310425
bugMask: 3
instSizeCafe: 27404
instSizeNx: 86976
rigidBodyCenterY: 1.3722599744796753
sortKey: 2
