aabbMax:
  X: 1.9500000476837158
  Y: 1.5499999523162842
  Z: 1.5
aabbMin:
  X: -1.5
  Y: -0.05000000074505806
  Z: -1.5
boundingForTraverse: 1.600000023841858
bugMask: 2
cursorOffsetY: 0.5
instSizeCafe: 43904
instSizeNx: -1
rigidBodyCenterY: 0.75
sortKey: -1
traverseDist: 99999.0
