aabbMax:
  X: 1.8175300359725952
  Y: 9.650010108947754
  Z: 2.450000047683716
aabbMin:
  X: -1.8175300359725952
  Y: -0.21117299795150757
  Z: -3.200000047683716
boundingForTraverse: 9.861183166503906
bugMask: 3
instSizeCafe: -1
instSizeNx: 149488
rigidBodyCenterY: 4.555990219116211
sortKey: 113
traverseDist: 99999.0
