aabbMax:
  X: 0.8999999761581421
  Y: 2.0
  Z: 2.0
aabbMin:
  X: -5.75
  Y: -3.4000000953674316
  Z: -2.0
boundingForTraverse: 5.400000095367432
bugMask: 2
instSizeCafe: 54668
instSizeNx: -1
rigidBodyCenterY: -0.41238200664520264
sortKey: -54
traverseDist: 99999.0
