aabbMax:
  X: 61.1349983215332
  Y: 24.872299194335938
  Z: 54.26100158691406
aabbMin:
  X: -55.77560043334961
  Y: -36.63710021972656
  Z: -54.25979995727539
boundingForTraverse: 61.5093994140625
bugMask: 3
cursorOffsetY: 0.5
instSizeCafe: 502488
instSizeNx: 778544
sortKey: 183
terrainTextures:
- !u 0xffff0b0a
traverseDist: 99999.0
