aabbMax:
  X: 14.001799583435059
  Y: 14.001799583435059
  Z: 4.566579818725586
aabbMin:
  X: -14.001799583435059
  Y: -14.001799583435059
  Z: -4.585949897766113
boundingForTraverse: 28.003599166870117
bugMask: 3
cursorOffsetY: 0.5
instSizeCafe: -1
instSizeNx: 370392
sortKey: -13
traverseDist: 99999.0
