aabbMax:
  X: 12.950499534606934
  Y: 0.10000000149011612
  Z: 12.950499534606934
aabbMin:
  X: -12.950499534606934
  Y: 0.0
  Z: -12.950499534606934
boundingForTraverse: 0.10000000149011612
bugMask: 0
cursorOffsetY: 0.5
instSizeCafe: 59872
instSizeNx: -1
sortKey: -14
traverseDist: 99999.0
