aabbMax:
  X: 7.336060047149658
  Y: 7.336060047149658
  Z: 0.8125010132789612
aabbMin:
  X: -7.336060047149658
  Y: -7.336060047149658
  Z: -1.1500699520111084
boundingForTraverse: 14.672120094299316
bugMask: 3
cursorOffsetY: 0.5
instSizeCafe: 48508
instSizeNx: 123128
rigidBodyCenterY: 1.2999999853491317e-05
sortKey: -8
traverseDist: 99999.0
