aabbMax:
  X: 2.0999999046325684
  Y: 7.509109973907471
  Z: 2.0999999046325684
aabbMin:
  X: -2.4999899864196777
  Y: -0.30000001192092896
  Z: -2.4999899864196777
boundingForTraverse: 7.809110164642334
bugMask: 3
cursorOffsetY: 0.5
instSizeCafe: 34588
instSizeNx: -1
rigidBodyCenterY: 3.8467700481414795
sortKey: -41
traverseDist: 99999.0
