aabbMax:
  X: 1.7114399671554565
  Y: 4.750189781188965
  Z: 1.7114399671554565
aabbMin:
  X: -1.7114399671554565
  Y: 0.0
  Z: -1.7114399671554565
boundingForTraverse: 4.750189781188965
bugMask: 3
cursorOffsetY: 0.5
instSizeCafe: 49836
instSizeNx: 128504
rigidBodyCenterY: 2.6696600914001465
sortKey: -53
traverseDist: 99999.0
