aabbMax:
  X: 12.9375
  Y: 20.86720085144043
  Z: 7.730710029602051
aabbMin:
  X: -12.56309986114502
  Y: -7.579659938812256
  Z: -32.6057014465332
boundingForTraverse: 28.446861267089844
bugMask: 0
cursorOffsetY: 0.5
instSizeCafe: -1
instSizeNx: 549136
rigidBodyCenterY: 10.912199974060059
sortKey: -62
traverseDist: 150.0
