aabbMax:
  X: 1.5
  Y: 1.5
  Z: 1.5057300329208374
aabbMin:
  X: -1.5
  Y: -1.5
  Z: -1.5057300329208374
boundingForTraverse: 3.0
bugMask: 3
cursorOffsetY: 0.5
instSizeCafe: 61164
instSizeNx: 150168
sortKey: -25
