aabbMax:
  X: 6.062459945678711
  Y: 1.2000000476837158
  Z: 6.062459945678711
aabbMin:
  X: -6.062459945678711
  Y: -1.9919400215148926
  Z: -6.062459945678711
boundingForTraverse: 3.1919400691986084
bugMask: 3
instSizeCafe: 60916
instSizeNx: -1
rigidBodyCenterY: -0.6761220097541809
sortKey: 0
