aabbMax:
  X: 1.2000000476837158
  Y: 0.10000099986791611
  Z: 0.30000001192092896
aabbMin:
  X: 0.0
  Y: -1.0
  Z: -0.30000001192092896
boundingForTraverse: 1.1000009775161743
bugMask: 3
cursorOffsetY: 0.5
instSizeCafe: 28616
instSizeNx: -1
sortKey: -8
