aabbMax:
  X: 34.830101013183594
  Y: 36.76919937133789
  Z: 163.28199768066406
aabbMin:
  X: -34.830101013183594
  Y: -24.0
  Z: 52.0
boundingForTraverse: 60.76919937133789
bugMask: 1
instSizeCafe: 356132
instSizeNx: -1
rigidBodyCenterY: -2.800139904022217
sortKey: -40
traverseDist: 1000.0
