aabbMax:
  X: 6.0
  Y: 1.5
  Z: 3.0
aabbMin:
  X: -6.0
  Y: -0.7169650197029114
  Z: -3.0002601146698
boundingForTraverse: 2.2169649600982666
bugMask: 2
cursorOffsetY: 0.5
instSizeCafe: 33036
instSizeNx: -1
locators:
- pos_x: 0.0
  pos_y: 0.0
  pos_z: 2.200000047683716
  rot_x: 0.0
  rot_y: 0.0
  rot_z: 0.0
  type: MagnePos
rigidBodyCenterY: 0.17234300076961517
sortKey: 8
traverseDist: 99999.0
