aabbMax:
  X: 1.3331300020217896
  Y: 9.40758991241455
  Z: 0.14191199839115143
aabbMin:
  X: -1.5145100355148315
  Y: -0.6535840034484863
  Z: -0.005874000024050474
boundingForTraverse: 10.061174392700195
bugMask: 1
cursorOffsetY: 0.5
instSizeCafe: 27876
instSizeNx: -1
sortKey: -4
traverseDist: 200.0
