aabbMax:
  X: 31.89929962158203
  Y: 1.1339199542999268
  Z: 99.0999984741211
aabbMin:
  X: -113.89900207519531
  Y: -2.035290002822876
  Z: -53.89929962158203
boundingForTraverse: 3.1692099571228027
bugMask: 1
cursorOffsetY: 0.5
instSizeCafe: -1
instSizeNx: 106784
rigidBodyCenterY: -0.18749099969863892
sortKey: 0
traverseDist: 99999.0
