aabbMax:
  X: 2.0
  Y: 4.000999927520752
  Z: 2.0
aabbMin:
  X: -2.0
  Y: 0.0010000000474974513
  Z: -2.0
boundingForTraverse: 4.0
bugMask: 0
instSizeCafe: 30524
instSizeNx: 93544
rigidBodyCenterY: 2.0
sortKey: 0
