aabbMax:
  X: 0.8666489720344543
  Y: 4.382619857788086
  Z: 0.6552240252494812
aabbMin:
  X: -0.8666499853134155
  Y: 0.0
  Z: -0.928551971912384
boundingForTraverse: 4.382619857788086
bugMask: 1
cursorOffsetY: 0.5
instSizeCafe: -1
instSizeNx: 116864
rigidBodyCenterY: 1.6297199726104736
sortKey: -12
traverseDist: 99999.0
