aabbMax:
  X: 33.010398864746094
  Y: 102.40399932861328
  Z: 43.60649871826172
aabbMin:
  X: -33.010398864746094
  Y: -10.993200302124023
  Z: -43.010398864746094
boundingForTraverse: 113.39720153808594
bugMask: 3
cursorOffsetY: 0.5
instSizeCafe: 156604
instSizeNx: -1
sortKey: -14
traverseDist: 99999.0
