aabbMax:
  X: 1.4490000009536743
  Y: 1.4914400577545166
  Z: 1.4490000009536743
aabbMin:
  X: -1.4490000009536743
  Y: -1.4914400577545166
  Z: -1.4490000009536743
boundingForTraverse: 2.982880115509033
bugMask: 3
instSizeCafe: -1
instSizeNx: 101496
sortKey: -7
