aabbMax:
  X: 6.0
  Y: 4.010000228881836
  Z: 0.4000000059604645
aabbMin:
  X: -6.0
  Y: -0.021848000586032867
  Z: -0.4009549915790558
boundingForTraverse: 4.031847953796387
bugMask: 0
cursorOffsetY: 0.5
instSizeCafe: 18480
instSizeNx: -1
sortKey: 4
