aabbMax:
  X: 29.888599395751953
  Y: 0.7538560032844543
  Z: 24.39929962158203
aabbMin:
  X: -29.873600006103516
  Y: -0.20307700335979462
  Z: -36.915000915527344
boundingForTraverse: 0.9569330215454102
bugMask: 0
cursorOffsetY: 0.5
instSizeCafe: 18156
instSizeNx: -1
sortKey: -36
traverseDist: 1000.0
