aabbMax:
  X: -25.999799728393555
  Y: 35.00339889526367
  Z: 50.70000076293945
aabbMin:
  X: -50.599998474121094
  Y: 14.005000114440918
  Z: 22.0
boundingForTraverse: 20.998397827148438
bugMask: 1
cursorOffsetY: 0.5
instSizeCafe: 28984
instSizeNx: -1
rigidBodyCenterY: 23.930299758911133
sortKey: 0
traverseDist: 500.0
