aabbMax:
  X: 8.14799976348877
  Y: 0.5538560152053833
  Z: 43.689998626708984
aabbMin:
  X: -10.910200119018555
  Y: -0.16153299808502197
  Z: 0.26388901472091675
boundingForTraverse: 0.7153890132904053
bugMask: 0
cursorOffsetY: 0.5
instSizeCafe: 17268
instSizeNx: 75656
sortKey: -19
traverseDist: 1000.0
