aabbMax:
  X: 6.199999809265137
  Y: 0.6171290278434753
  Z: 0.9055240154266357
aabbMin:
  X: -6.152810096740723
  Y: 0.0
  Z: -0.9055240154266357
boundingForTraverse: 0.6171290278434753
bugMask: 2
cursorOffsetY: 0.5
instSizeCafe: 30532
instSizeNx: 92792
rigidBodyCenterY: 0.25
sortKey: -11
