aabbMax:
  X: 2.1762399673461914
  Y: 2.0
  Z: 2.176219940185547
aabbMin:
  X: -2.1768999099731445
  Y: 0.0
  Z: -2.1763999462127686
boundingForTraverse: 2.0
bugMask: 1
cursorOffsetY: 0.5
instSizeCafe: -1
instSizeNx: 159792
rigidBodyCenterY: 1.0
sortKey: 2
traverseDist: 200.0
