aabbMax:
  X: 4.967939853668213
  Y: 0.016865000128746033
  Z: 1.9656100273132324
aabbMin:
  X: -4.966529846191406
  Y: -0.10623499751091003
  Z: -1.9789999723434448
boundingForTraverse: 0.12309999763965607
bugMask: 1
cursorOffsetY: 0.5
instSizeCafe: 89588
instSizeNx: 239520
sortKey: -24
