aabbMax:
  X: 2.0
  Y: 4.05394983291626
  Z: 2.049999952316284
aabbMin:
  X: -5.833340167999268
  Y: -0.046045999974012375
  Z: -2.0
boundingForTraverse: 4.099996089935303
bugMask: 2
instSizeCafe: -1
instSizeNx: 166536
rigidBodyCenterY: 2.0
sortKey: -30
