aabbMax:
  X: 1.399999976158142
  Y: -22.162900924682617
  Z: 12.5
aabbMin:
  X: -1.399999976158142
  Y: -25.24519920349121
  Z: -8.5
boundingForTraverse: 3.0822980403900146
bugMask: 3
cursorOffsetY: 0.5
instSizeCafe: 46888
instSizeNx: -1
rigidBodyCenterY: -24.149999618530273
sortKey: 0
traverseDist: 99999.0
