aabbMax:
  X: 2.260550022125244
  Y: 0.24906300008296967
  Z: 1.9945399761199951
aabbMin:
  X: -1.882599949836731
  Y: -0.09415099769830704
  Z: -1.9945399761199951
boundingForTraverse: 0.3432140052318573
bugMask: 0
cursorOffsetY: 0.5
instSizeCafe: -1
instSizeNx: 116672
sortKey: 0
traverseDist: 200.0
