aabbMax:
  X: 2.0
  Y: 7.97560977935791
  Z: 0.3336080014705658
aabbMin:
  X: -2.0
  Y: -0.34160900115966797
  Z: -0.333609014749527
boundingForTraverse: 8.317218780517578
bugMask: 3
instSizeCafe: 53616
instSizeNx: -1
rigidBodyCenterY: 5.0
sortKey: 0
