aabbMax:
  X: 2.859060049057007
  Y: 5.070000171661377
  Z: 1.2114900350570679
aabbMin:
  X: -2.877500057220459
  Y: -0.3078320026397705
  Z: -1.2114900350570679
boundingForTraverse: 5.377831935882568
bugMask: 2
instSizeCafe: 29060
instSizeNx: 91288
rigidBodyCenterY: 2.1059200763702393
sortKey: 2
traverseDist: 99999.0
