aabbMax:
  X: 1.451799988746643
  Y: 0.8976079821586609
  Z: 1.4297399520874023
aabbMin:
  X: -1.451799988746643
  Y: -0.6807569861412048
  Z: -1.4297599792480469
boundingForTraverse: 1.5783649682998657
bugMask: 3
instSizeCafe: 63640
instSizeNx: -1
rigidBodyCenterY: -0.0877700001001358
sortKey: 0
