aabbMax:
  X: 2.8799800872802734
  Y: 10.36870002746582
  Z: 0.10697899758815765
aabbMin:
  X: -2.6714301109313965
  Y: -1.2498400211334229
  Z: -0.00015300000086426735
boundingForTraverse: 11.618539810180664
bugMask: 1
cursorOffsetY: 0.5
instSizeCafe: 27880
instSizeNx: 89296
sortKey: -3
traverseDist: 200.0
