aabbMax:
  X: 0.40585100650787354
  Y: 0.10000000149011612
  Z: 0.40585100650787354
aabbMin:
  X: -0.40585100650787354
  Y: -0.6135579943656921
  Z: -0.40585100650787354
boundingForTraverse: 0.71355801820755
bugMask: 3
cursorOffsetY: 0.5
instSizeCafe: 51628
instSizeNx: 134080
rigidBodyCenterY: 0.28036001324653625
sortKey: -24
