aabbMax:
  X: 1.0
  Y: 1.0
  Z: 1.0
aabbMin:
  X: -1.0
  Y: -0.9999949932098389
  Z: -1.0
boundingForTraverse: 1.9999949932098389
bugMask: 2
cursorOffsetY: 0.5
instSizeCafe: -1
instSizeNx: 92632
sortKey: 3
traverseDist: 99999.0
