aabbMax:
  X: -22.142099380493164
  Y: 20.296499252319336
  Z: 58.91460037231445
aabbMin:
  X: -201.38999938964844
  Y: -22.746999740600586
  Z: -41.593299865722656
boundingForTraverse: 43.04349899291992
bugMask: 1
instSizeCafe: 557608
instSizeNx: -1
rigidBodyCenterY: 3.3112800121307373
sortKey: -32
traverseDist: 1000.0
