aabbMax:
  X: 1.2999999523162842
  Y: 0.10000000149011612
  Z: 1.0
aabbMin:
  X: 0.0
  Y: 0.0
  Z: -0.30000001192092896
boundingForTraverse: 0.10000000149011612
bugMask: 3
cursorOffsetY: 0.5
instSizeCafe: -1
instSizeNx: 91472
sortKey: -1
