aabbMax:
  X: 16.625
  Y: 21.75
  Z: 39.4921989440918
aabbMin:
  X: -26.763700485229492
  Y: 7.945310115814209
  Z: -38.1875
boundingForTraverse: 13.804689407348633
bugMask: 3
cursorOffsetY: 0.5
instSizeCafe: 82936
instSizeNx: -1
rigidBodyCenterY: 20.24850082397461
sortKey: 17
traverseDist: 99999.0
