aabbMax:
  X: 6.296579837799072
  Y: 6.296579837799072
  Z: 62.962799072265625
aabbMin:
  X: -6.296579837799072
  Y: -6.296579837799072
  Z: -29.4242000579834
boundingForTraverse: 12.593159675598145
bugMask: 0
cursorOffsetY: 0.5
instSizeCafe: -1
instSizeNx: 154072
rigidBodyCenterY: -0.0004659999976865947
sortKey: -45
traverseDist: 99999.0
