aabbMax:
  X: 2.282059907913208
  Y: 1.5
  Z: 2.282059907913208
aabbMin:
  X: -2.282059907913208
  Y: 0.0
  Z: -2.282059907913208
boundingForTraverse: 1.5
bugMask: 0
instSizeCafe: -1
instSizeNx: 97576
rigidBodyCenterY: 0.8936840295791626
sortKey: 14
