aabbMax:
  X: 3.56072998046875
  Y: 1.3676199913024902
  Z: 3.56072998046875
aabbMin:
  X: -3.56072998046875
  Y: 0.7360079884529114
  Z: -3.56072998046875
boundingForTraverse: 0.6316120028495789
bugMask: 3
cursorOffsetY: 0.5
instSizeCafe: 31340
instSizeNx: 94392
rigidBodyCenterY: 0.9644179940223694
sortKey: -2
traverseDist: 99999.0
