aabbMax:
  X: 8.982999801635742
  Y: 11.492300033569336
  Z: 8.982999801635742
aabbMin:
  X: -8.982999801635742
  Y: -7.976240158081055
  Z: -8.982999801635742
boundingForTraverse: 19.46854019165039
bugMask: 1
cursorOffsetY: 0.5
instSizeCafe: 75368
instSizeNx: 184408
rigidBodyCenterY: 1.991029977798462
sortKey: -26
traverseDist: 300.0
