aabbMax:
  X: 12.761799812316895
  Y: 6.515880107879639
  Z: 19.266599655151367
aabbMin:
  X: -12.761799812316895
  Y: -21.4197998046875
  Z: -12.761799812316895
boundingForTraverse: 27.935680389404297
bugMask: 1
cursorOffsetY: 0.5
instSizeCafe: 334716
instSizeNx: -1
rigidBodyCenterY: 2.9793899059295654
sortKey: 2
traverseDist: 800.0
