aabbMax:
  X: 3.0
  Y: 0.024608999490737915
  Z: 3.0
aabbMin:
  X: -3.0
  Y: -0.7156640291213989
  Z: -3.0
boundingForTraverse: 0.7402729988098145
bugMask: 3
instSizeCafe: 79820
instSizeNx: -1
rigidBodyCenterY: -0.43271100521087646
sortKey: 0
