aabbMax:
  X: 2.4285500049591064
  Y: 2.140000104904175
  Z: 2.0
aabbMin:
  X: -2.4285500049591064
  Y: -2.140000104904175
  Z: -1.2364599704742432
boundingForTraverse: 4.28000020980835
bugMask: 1
cursorOffsetY: 0.5
instSizeCafe: 65892
instSizeNx: 175488
sortKey: 142
traverseDist: 99999.0
