aabbMax:
  X: 74.6594009399414
  Y: 45.31489944458008
  Z: 17.3075008392334
aabbMin:
  X: -33.54159927368164
  Y: -80.38500213623047
  Z: -29.0
boundingForTraverse: 125.69990539550781
bugMask: 2
cursorOffsetY: 0.5
instSizeCafe: 35104
instSizeNx: -1
sortKey: 0
