aabbMax:
  X: 0.5165889859199524
  Y: 1.6998200416564941
  Z: 1.705899953842163
aabbMin:
  X: -0.5803589820861816
  Y: -0.5156930088996887
  Z: 0.0
boundingForTraverse: 2.215512990951538
bugMask: 1
cursorOffsetY: 0.5
instSizeCafe: 41852
instSizeNx: -1
rigidBodyCenterY: 0.6939709782600403
sortKey: -28
traverseDist: 99999.0
