aabbMax:
  X: 7.9270501136779785
  Y: 7.900360107421875
  Z: 3.2057600021362305
aabbMin:
  X: -7.88401985168457
  Y: -7.861800193786621
  Z: -0.879006028175354
boundingForTraverse: 15.762160301208496
bugMask: 1
cursorOffsetY: 0.5
instSizeCafe: 92028
instSizeNx: -1
rigidBodyCenterY: 0.038986001163721085
sortKey: -44
traverseDist: 99999.0
