aabbMax:
  X: 50.64939880371094
  Y: 35.00019836425781
  Z: -26.0
aabbMin:
  X: 37.99980163574219
  Y: 17.0
  Z: -50.00019836425781
boundingForTraverse: 18.000198364257812
bugMask: 1
cursorOffsetY: 0.5
instSizeCafe: 28988
instSizeNx: 87112
rigidBodyCenterY: 23.285600662231445
sortKey: 0
traverseDist: 500.0
