aabbMax:
  X: 0.32499998807907104
  Y: 3.973210096359253
  Z: 29.75
aabbMin:
  X: -6.68179988861084
  Y: -14.5
  Z: 1.787500023841858
boundingForTraverse: 18.473209381103516
bugMask: 3
cursorOffsetY: 0.5
instSizeCafe: -1
instSizeNx: 120280
rigidBodyCenterY: -9.966309547424316
sortKey: -16
traverseDist: 99999.0
