aabbMax:
  X: 1.8727500438690186
  Y: 8.033550262451172
  Z: 1.9425599575042725
aabbMin:
  X: -1.8727500438690186
  Y: 2.540570020675659
  Z: -1.9425599575042725
boundingForTraverse: 5.492980003356934
bugMask: 3
cursorOffsetY: 0.5
instSizeCafe: -1
instSizeNx: 92856
rigidBodyCenterY: 6.992599964141846
sortKey: 181
traverseDist: 99999.0
