aabbMax:
  X: 1.9482799768447876
  Y: 1.9482799768447876
  Z: 3.603060007095337
aabbMin:
  X: -1.9482799768447876
  Y: -1.9482799768447876
  Z: -3.603060007095337
boundingForTraverse: 3.896559953689575
bugMask: 1
cursorOffsetY: 0.5
instSizeCafe: 57344
instSizeNx: -1
rigidBodyCenterY: 9.200000204145908e-05
sortKey: 140
traverseDist: 99999.0
