aabbMax:
  X: 0.4909859895706177
  Y: 2.074810028076172
  Z: 0.25351598858833313
aabbMin:
  X: -0.53364497423172
  Y: 0.0
  Z: -0.353534996509552
boundingForTraverse: 2.074810028076172
bugMask: 0
cursorOffsetY: 0.5
instSizeCafe: 50320
instSizeNx: -1
sortKey: 0
