aabbMax:
  X: 3.674340009689331
  Y: 3.6700000762939453
  Z: 0.3400000035762787
aabbMin:
  X: -3.674329996109009
  Y: -3.674299955368042
  Z: -0.20000000298023224
boundingForTraverse: 7.344299793243408
bugMask: 3
cursorOffsetY: 0.5
instSizeCafe: 28380
instSizeNx: -1
sortKey: 8
