aabbMax:
  X: 2.049999952316284
  Y: 4.000999927520752
  Z: 2.052949905395508
aabbMin:
  X: -6.0
  Y: 0.000999000039882958
  Z: -2.0470499992370605
boundingForTraverse: 4.0
bugMask: 2
cursorOffsetY: 0.5
instSizeCafe: -1
instSizeNx: 168248
rigidBodyCenterY: 2.0
sortKey: 0
