aabbMax:
  X: 41.0
  Y: 64.88999938964844
  Z: 67.0999984741211
aabbMin:
  X: -41.0
  Y: -22.631999969482422
  Z: -75.1500015258789
boundingForTraverse: 87.52200317382812
bugMask: 1
instSizeCafe: 717272
instSizeNx: -1
rigidBodyCenterY: 6.028540134429932
sortKey: -21
traverseDist: 99999.0
