aabbMax:
  X: 4.160120010375977
  Y: 10.338299751281738
  Z: 1.4911799430847168
aabbMin:
  X: -4.0449700355529785
  Y: -0.6000000238418579
  Z: -1.4911799430847168
boundingForTraverse: 10.938300132751465
bugMask: 3
cursorOffsetY: 0.5
instSizeCafe: 159260
instSizeNx: 373448
rigidBodyCenterY: 2.8499999046325684
sortKey: 139
traverseDist: 99999.0
