aabbMax:
  X: 38.61819839477539
  Y: 70.62539672851562
  Z: 108.32099914550781
aabbMin:
  X: -36.16749954223633
  Y: -9.7877197265625
  Z: -107.31999969482422
boundingForTraverse: 80.41311645507812
bugMask: 1
cursorOffsetY: 0.5
instSizeCafe: -1
instSizeNx: 1079288
rigidBodyCenterY: 27.951099395751953
sortKey: -61
traverseDist: 500.0
