aabbMax:
  X: 39.04999923706055
  Y: 88.30000305175781
  Z: 57.349998474121094
aabbMin:
  X: -39.04999923706055
  Y: 1.0
  Z: -82.44999694824219
boundingForTraverse: 87.30000305175781
bugMask: 1
cursorOffsetY: 0.5
instSizeCafe: 555688
instSizeNx: -1
rigidBodyCenterY: 31.099199295043945
sortKey: -21
