Chemical:
  Capaciter: 1
aabbMax:
  X: 0.35375699400901794
  Y: 0.10082799941301346
  Z: 0.8676779866218567
aabbMin:
  X: -0.3537620007991791
  Y: -0.050843000411987305
  Z: -0.5029299855232239
boundingForTraverse: 0.15167100727558136
bugMask: 3
cursorOffsetY: 0.30000001192092896
instSizeCafe: 72416
instSizeNx: -1
sortKey: 11592
traverseDist: 80.0
