aabbMax:
  X: 3.7699999809265137
  Y: 11.0
  Z: 11.0
aabbMin:
  X: -10.399999618530273
  Y: -11.0
  Z: -11.0
boundingForTraverse: 22.0
bugMask: 0
cursorOffsetY: 0.5
instSizeCafe: 105972
instSizeNx: -1
sortKey: -3
