aabbMax:
  X: 11.875
  Y: -5.92234992980957
  Z: 12.0
aabbMin:
  X: -12.0625
  Y: -20.33839988708496
  Z: -12.0
boundingForTraverse: 14.41604995727539
bugMask: 1
cursorOffsetY: 0.5
instSizeCafe: 98724
instSizeNx: 235864
sortKey: 176
