aabbMax:
  X: 0.800000011920929
  Y: 2.150010108947754
  Z: 1.75
aabbMin:
  X: -0.800000011920929
  Y: 0.0
  Z: -0.75
boundingForTraverse: 2.150010108947754
bugMask: 3
instSizeCafe: -1
instSizeNx: 145392
rigidBodyCenterY: 0.7862079739570618
sortKey: 114
traverseDist: 99999.0
