aabbMax:
  X: 0.5130730271339417
  Y: 1.8165099620819092
  Z: 0.5130730271339417
aabbMin:
  X: -0.5130730271339417
  Y: 0.0
  Z: -0.5130730271339417
boundingForTraverse: 1.8165099620819092
bugMask: 1
instSizeCafe: 63896
instSizeNx: -1
rigidBodyCenterY: 0.7266929745674133
sortKey: -1
