aabbMax:
  X: 1.2109400033950806
  Y: 4.274909973144531
  Z: 0.44206300377845764
aabbMin:
  X: -1.2441400289535522
  Y: 0.0
  Z: -2.1109399795532227
boundingForTraverse: 4.274909973144531
bugMask: 3
cursorOffsetY: 0.5
instSizeCafe: 62948
instSizeNx: -1
rigidBodyCenterY: 2.0404601097106934
sortKey: -2
