aabbMax:
  X: 3.0
  Y: 0.024608999490737915
  Z: 3.0
aabbMin:
  X: -3.0
  Y: -1.7956600189208984
  Z: -3.0
boundingForTraverse: 1.820268988609314
bugMask: 3
instSizeCafe: 101140
instSizeNx: 252760
rigidBodyCenterY: -0.6850370168685913
sortKey: 13
