aabbMax:
  X: -3.450000047683716
  Y: 34.63999938964844
  Z: 8.649999618530273
aabbMin:
  X: -12.274999618530273
  Y: 26.0
  Z: 5.0
boundingForTraverse: 8.639999389648438
bugMask: 3
cursorOffsetY: 0.5
instSizeCafe: -1
instSizeNx: 103848
rigidBodyCenterY: 30.857200622558594
sortKey: 0
traverseDist: 99999.0
