aabbMax:
  X: 2.081199884414673
  Y: 4.0
  Z: 2.081199884414673
aabbMin:
  X: -2.081199884414673
  Y: -12.0
  Z: -2.081199884414673
boundingForTraverse: 16.0
bugMask: 3
instSizeCafe: -1
instSizeNx: 122120
rigidBodyCenterY: -4.0
sortKey: -6
