aabbMax:
  X: 1.126389980316162
  Y: 0.8999999761581421
  Z: 1.1763900518417358
aabbMin:
  X: -1.126389980316162
  Y: 0.0
  Z: 0.8769069910049438
boundingForTraverse: 0.8999999761581421
bugMask: 1
cursorOffsetY: 0.5
instSizeCafe: 36272
instSizeNx: -1
sortKey: -7
traverseDist: 200.0
