aabbMax:
  X: 0.125
  Y: 1.4351199865341187
  Z: 5.985119819641113
aabbMin:
  X: -0.025001000612974167
  Y: -1.485129952430725
  Z: -6.2351298332214355
boundingForTraverse: 2.9202499389648438
bugMask: 3
cursorOffsetY: 0.5
instSizeCafe: 28856
instSizeNx: -1
sortKey: 0
traverseDist: 99999.0
