aabbMax:
  X: 4.0
  Y: 8.949999809265137
  Z: 4.550000190734863
aabbMin:
  X: -4.0
  Y: -0.8199999928474426
  Z: -4.550000190734863
boundingForTraverse: 9.770000457763672
bugMask: 3
cursorOffsetY: 0.5
instSizeCafe: 119740
instSizeNx: -1
rigidBodyCenterY: 3.4289700984954834
sortKey: 34
traverseDist: 99999.0
