aabbMax:
  X: 4.165729999542236
  Y: 4.164380073547363
  Z: 0.020615000277757645
aabbMin:
  X: -4.149680137634277
  Y: -4.154580116271973
  Z: -15.661100387573242
boundingForTraverse: 8.318960189819336
bugMask: 1
instSizeCafe: -1
instSizeNx: 94640
rigidBodyCenterY: 0.25803500413894653
sortKey: 59
traverseDist: 200.0
