aabbMax:
  X: 0.0
  Y: 0.0
  Z: 2.0
aabbMin:
  X: -1.0399999618530273
  Y: -8.032739639282227
  Z: -2.0
boundingForTraverse: 8.032739639282227
bugMask: 1
cursorOffsetY: 0.5
instSizeCafe: 51488
instSizeNx: -1
rigidBodyCenterY: -3.8155300617218018
sortKey: 0
traverseDist: 300.0
