aabbMax:
  X: 19.057100296020508
  Y: 9.520000457763672
  Z: 30.624099731445312
aabbMin:
  X: -22.782100677490234
  Y: -53.96440124511719
  Z: -119.23699951171875
boundingForTraverse: 63.48440170288086
bugMask: 2
cursorOffsetY: 0.5
instSizeCafe: -1
instSizeNx: 150448
sortKey: 0
