aabbMax:
  X: 14.158599853515625
  Y: 20.30299949645996
  Z: 96.38860321044922
aabbMin:
  X: -14.158599853515625
  Y: -68.91590118408203
  Z: -20.830900192260742
boundingForTraverse: 89.21890258789062
bugMask: 1
cursorOffsetY: 0.5
instSizeCafe: 114416
instSizeNx: -1
rigidBodyCenterY: -31.285999298095703
sortKey: -25
