aabbMax:
  X: 2.0
  Y: 0.04500000178813934
  Z: 2.0
aabbMin:
  X: -2.0
  Y: 0.0
  Z: -2.0
boundingForTraverse: 0.04500000178813934
bugMask: 0
instSizeCafe: -1
instSizeNx: 75656
sortKey: -13
traverseDist: 200.0
