aabbMax:
  X: 6.063049793243408
  Y: 3.687079906463623
  Z: 1.079319953918457
aabbMin:
  X: -6.063049793243408
  Y: -6.829319953918457
  Z: -10.494500160217285
boundingForTraverse: 10.516399383544922
bugMask: 3
cursorOffsetY: 0.5
instSizeCafe: 66684
instSizeNx: 165624
sortKey: 103
