aabbMax:
  X: 4.268589973449707
  Y: 0.28832298517227173
  Z: 2.149470090866089
aabbMin:
  X: -4.172490119934082
  Y: -0.18065300583839417
  Z: -2.0840799808502197
boundingForTraverse: 0.4689759910106659
bugMask: 2
instSizeCafe: -1
instSizeNx: 94264
rigidBodyCenterY: 0.15000000596046448
sortKey: 0
