aabbMax:
  X: 15.25
  Y: 15.25
  Z: 1.0499999523162842
aabbMin:
  X: -15.25
  Y: -15.25
  Z: -0.9118989706039429
boundingForTraverse: 30.5
bugMask: 1
cursorOffsetY: 0.5
instSizeCafe: 83708
instSizeNx: 205352
rigidBodyCenterY: 9.999999974752427e-07
sortKey: 65
traverseDist: 500.0
