aabbMax:
  X: 1.600000023841858
  Y: 1.600000023841858
  Z: 0.9967899918556213
aabbMin:
  X: -1.600000023841858
  Y: -1.6343300342559814
  Z: -1.0
boundingForTraverse: 3.23432993888855
bugMask: 3
instSizeCafe: 58296
instSizeNx: -1
rigidBodyCenterY: -0.3495739996433258
sortKey: 0
