aabbMax:
  X: 4.099999904632568
  Y: 5.862500190734863
  Z: 4.150000095367432
aabbMin:
  X: -4.099999904632568
  Y: 1.75
  Z: -4.150000095367432
boundingForTraverse: 4.112500190734863
bugMask: 1
cursorOffsetY: 0.5
instSizeCafe: -1
instSizeNx: 241832
rigidBodyCenterY: 2.91471004486084
sortKey: -15
traverseDist: 2000.0
