aabbMax:
  X: 5.02331018447876
  Y: 5.011940002441406
  Z: 10.275400161743164
aabbMin:
  X: -5.00777006149292
  Y: -5.011940002441406
  Z: 0.25808700919151306
boundingForTraverse: 10.023880004882812
bugMask: 0
cursorOffsetY: 0.5
instSizeCafe: -1
instSizeNx: 232288
rigidBodyCenterY: 0.06241999939084053
sortKey: 171
traverseDist: 500.0
