aabbMax:
  X: 0.7392529845237732
  Y: 5.370069980621338
  Z: 0.05894500017166138
aabbMin:
  X: -1.275230050086975
  Y: 0.005867000203579664
  Z: 0.0
boundingForTraverse: 5.364202976226807
bugMask: 1
instSizeCafe: 25500
instSizeNx: 86064
sortKey: 0
