aabbMax:
  X: 8.594590187072754
  Y: 8.594590187072754
  Z: 7.094600200653076
aabbMin:
  X: -8.594599723815918
  Y: -8.594590187072754
  Z: -10.094599723815918
boundingForTraverse: 17.189180374145508
bugMask: 3
instSizeCafe: 51292
instSizeNx: 137016
lookAtOffsetY: -1.350000023841858
rigidBodyCenterY: 1.836840033531189
sortKey: -3
traverseDist: 99999.0
