aabbMax:
  X: 2.0832300186157227
  Y: 2.0
  Z: 2.0881099700927734
aabbMin:
  X: -2.0884499549865723
  Y: 0.0
  Z: -2.088200092315674
boundingForTraverse: 2.0
bugMask: 3
instSizeCafe: 93392
instSizeNx: -1
rigidBodyCenterY: 0.986473023891449
sortKey: -24
