aabbMax:
  X: 4.0
  Y: 3.0
  Z: 0.4000000059604645
aabbMin:
  X: -4.0
  Y: 0.0
  Z: -0.4000000059604645
boundingForTraverse: 3.0
bugMask: 0
cursorOffsetY: 0.5
instSizeCafe: 18732
instSizeNx: -1
sortKey: 0
