aabbMax:
  X: 2.081199884414673
  Y: 4.0
  Z: 2.081199884414673
aabbMin:
  X: -2.081199884414673
  Y: -12.0
  Z: -2.081199884414673
boundingForTraverse: 16.0
bugMask: 3
instSizeCafe: 55236
instSizeNx: 142464
rigidBodyCenterY: -4.213850021362305
sortKey: 115
traverseDist: 99999.0
