aabbMax:
  X: 0.45012998580932617
  Y: 50.59000015258789
  Z: -14.827799797058105
aabbMin:
  X: -0.4498699903488159
  Y: 50.0
  Z: -16.071399688720703
boundingForTraverse: 0.5899999737739563
bugMask: 3
cursorOffsetY: 0.5
instSizeCafe: 34968
instSizeNx: 99752
rigidBodyCenterY: 50.25600051879883
sortKey: 0
traverseDist: 99999.0
