aabbMax:
  X: 32.149600982666016
  Y: 0.0
  Z: 80.47480010986328
aabbMin:
  X: -32.24319839477539
  Y: 0.0
  Z: -80.5072021484375
boundingForTraverse: 86.69145965576172
bugMask: 2
cursorOffsetY: 0.5
instSizeCafe: -1
instSizeNx: 78728
sortKey: 0
traverseDist: 99999.0
