aabbMax:
  X: 2.4285500049591064
  Y: 2.140000104904175
  Z: 2.0
aabbMin:
  X: -2.4285500049591064
  Y: -2.140000104904175
  Z: -2.450000047683716
boundingForTraverse: 4.28000020980835
bugMask: 1
instSizeCafe: -1
instSizeNx: 179584
sortKey: 142
traverseDist: 99999.0
