aabbMax:
  X: 1.0769200325012207
  Y: 3.715939998626709
  Z: 1.0769200325012207
aabbMin:
  X: -1.0769200325012207
  Y: 0.0
  Z: -1.0769200325012207
boundingForTraverse: 3.715939998626709
bugMask: 1
instSizeCafe: -1
instSizeNx: 204264
rigidBodyCenterY: 1.5067600011825562
sortKey: 0
