aabbMax:
  X: 0.20000000298023224
  Y: 33.5
  Z: 11.539999961853027
aabbMin:
  X: -0.20000000298023224
  Y: 32.25
  Z: 11.0
boundingForTraverse: 1.25
bugMask: 3
cursorOffsetY: 0.5
instSizeCafe: 31372
instSizeNx: -1
rigidBodyCenterY: 33.12160110473633
sortKey: 0
traverseDist: 99999.0
