aabbMax:
  X: 3.200000047683716
  Y: 13.812000274658203
  Z: 1.2999900579452515
aabbMin:
  X: -3.200000047683716
  Y: -3.200000047683716
  Z: -11.899999618530273
boundingForTraverse: 17.012001037597656
bugMask: 0
cursorOffsetY: 0.5
instSizeCafe: -1
instSizeNx: 121560
rigidBodyCenterY: 3.235379934310913
sortKey: -8
traverseDist: 500.0
