aabbMax:
  X: 13.490500450134277
  Y: 63.90700149536133
  Z: 1.715790033340454
aabbMin:
  X: -23.81879997253418
  Y: -1.806249976158142
  Z: -2.0861198902130127
boundingForTraverse: 65.71324920654297
bugMask: 0
cursorOffsetY: 0.5
instSizeCafe: -1
instSizeNx: 97184
sortKey: 0
traverseDist: 2000.0
