aabbMax:
  X: 1.533619999885559
  Y: 1480.9000244140625
  Z: 1.533750057220459
aabbMin:
  X: -1.533619999885559
  Y: 0.0
  Z: -1.533619999885559
boundingForTraverse: 1480.9000244140625
bugMask: 1
cursorOffsetY: 0.5
instSizeCafe: 72576
instSizeNx: -1
rigidBodyCenterY: 698.0490112304688
sortKey: 2
traverseDist: 1000.0
