aabbMax:
  X: 3.0
  Y: 7.0
  Z: 0.4000000059604645
aabbMin:
  X: -3.0
  Y: 0.0
  Z: -0.4000000059604645
boundingForTraverse: 7.0
bugMask: 0
cursorOffsetY: 0.5
instSizeCafe: 18228
instSizeNx: -1
sortKey: 4
