aabbMax:
  X: 2.627890110015869
  Y: -2.4259300231933594
  Z: 1.899999976158142
aabbMin:
  X: -2.627890110015869
  Y: -4.199999809265137
  Z: -1.899999976158142
boundingForTraverse: 1.7740700244903564
bugMask: 3
cursorOffsetY: 0.5
instSizeCafe: 25920
instSizeNx: 86448
rigidBodyCenterY: -3.719059944152832
sortKey: 28
traverseDist: 99999.0
