aabbMax:
  X: 10.000200271606445
  Y: 26.0049991607666
  Z: -45.79999923706055
aabbMin:
  X: -14.000200271606445
  Y: 15.500200271606445
  Z: -50.79999923706055
boundingForTraverse: 10.504798889160156
bugMask: 1
cursorOffsetY: 0.5
instSizeCafe: -1
instSizeNx: 87112
rigidBodyCenterY: 20.898099899291992
sortKey: 0
traverseDist: 500.0
