aabbMax:
  X: 53.86220169067383
  Y: 41.984798431396484
  Z: 53.69060134887695
aabbMin:
  X: -53.86220169067383
  Y: -19.02280044555664
  Z: -54.31949996948242
boundingForTraverse: 61.007598876953125
bugMask: 1
cursorOffsetY: 0.5
instSizeCafe: -1
instSizeNx: 363088
rigidBodyCenterY: 8.379830360412598
sortKey: -20
