aabbMax:
  X: 1.8930200338363647
  Y: 3.732919931411743
  Z: 0.06864900141954422
aabbMin:
  X: -1.9032399654388428
  Y: -0.07756300270557404
  Z: -0.00317499996162951
boundingForTraverse: 3.810482978820801
bugMask: 1
cursorOffsetY: 0.5
instSizeCafe: 29344
instSizeNx: -1
rigidBodyCenterY: 1.890660047531128
sortKey: 1
traverseDist: 200.0
