aabbMax:
  X: 121.10199737548828
  Y: 28.26889991760254
  Z: 41.96120071411133
aabbMin:
  X: -120.88200378417969
  Y: -0.049348000437021255
  Z: -41.918800354003906
boundingForTraverse: 28.318248748779297
bugMask: 3
cursorOffsetY: 0.5
instSizeCafe: 310524
instSizeNx: -1
sortKey: -20
traverseDist: 99999.0
