aabbMax:
  X: -3.450000047683716
  Y: 34.63999938964844
  Z: -5.0
aabbMin:
  X: -12.274999618530273
  Y: 26.0
  Z: -8.649999618530273
boundingForTraverse: 8.639999389648438
bugMask: 3
cursorOffsetY: 0.5
instSizeCafe: 38796
instSizeNx: -1
rigidBodyCenterY: 30.857999801635742
sortKey: 0
traverseDist: 99999.0
