aabbMax:
  X: 3.0161399841308594
  Y: 20.05769920349121
  Z: 4.25
aabbMin:
  X: -3.0146501064300537
  Y: 0.0
  Z: -3.0345499515533447
boundingForTraverse: 20.05769920349121
bugMask: 0
cursorOffsetY: 0.5
instSizeCafe: 93232
instSizeNx: -1
rigidBodyCenterY: 1.3979099988937378
sortKey: -16
traverseDist: 99999.0
