aabbMax:
  X: 4.362460136413574
  Y: 13.52649974822998
  Z: 4.29617977142334
aabbMin:
  X: -4.362460136413574
  Y: -0.860368013381958
  Z: -4.29617977142334
boundingForTraverse: 14.38686752319336
bugMask: 0
cursorOffsetY: 0.5
instSizeCafe: 28560
instSizeNx: -1
sortKey: -4
traverseDist: 2000.0
