aabbMax:
  X: 2.5615499019622803
  Y: 2.5615499019622803
  Z: 2.5615499019622803
aabbMin:
  X: -2.5615499019622803
  Y: -2.5615499019622803
  Z: -2.5615499019622803
boundingForTraverse: 5.1230998039245605
bugMask: 3
instSizeCafe: -1
instSizeNx: 95592
sortKey: 0
