aabbMax:
  X: 0.5
  Y: 2.2652599811553955
  Z: 1.7928199768066406
aabbMin:
  X: -0.5
  Y: -0.9435669779777527
  Z: -0.9373679757118225
boundingForTraverse: 3.208827018737793
bugMask: 3
cursorOffsetY: 0.5
instSizeCafe: 42648
instSizeNx: 115456
rigidBodyCenterY: 0.40373900532722473
sortKey: -3
traverseDist: 200.0
