aabbMax:
  X: 2.0
  Y: 0.0625
  Z: 0.30000001192092896
aabbMin:
  X: 0.0
  Y: 0.0
  Z: -0.30000001192092896
boundingForTraverse: 0.0625
bugMask: 3
cursorOffsetY: 0.5
instSizeCafe: -1
instSizeNx: 91448
sortKey: -4
