aabbMax:
  X: 75.0
  Y: 0.0949999988079071
  Z: 75.0
aabbMin:
  X: -75.0
  Y: -5.949999809265137
  Z: -75.0
boundingForTraverse: 6.045000076293945
bugMask: 0
cursorOffsetY: 0.5
instSizeCafe: -1
instSizeNx: 116672
sortKey: -4
traverseDist: 900.0
