aabbMax:
  X: 4.0
  Y: 4.0
  Z: 4.0
aabbMin:
  X: -4.0
  Y: 2.635770082473755
  Z: -4.0
boundingForTraverse: 1.3642300367355347
bugMask: 3
instSizeCafe: -1
instSizeNx: 115496
rigidBodyCenterY: 1.9559299945831299
sortKey: 51
traverseDist: 99999.0
