aabbMax:
  X: 62.669498443603516
  Y: 17.804899215698242
  Z: 74.23590087890625
aabbMin:
  X: -62.669498443603516
  Y: -41.67789840698242
  Z: -11.149999618530273
boundingForTraverse: 59.48279571533203
bugMask: 1
instSizeCafe: -1
instSizeNx: 1309248
rigidBodyCenterY: 1.9583200216293335
sortKey: -38
traverseDist: 1000.0
