aabbMax:
  X: 928.343017578125
  Y: 1781.4100341796875
  Z: 928.343017578125
aabbMin:
  X: -928.343017578125
  Y: -2361.27001953125
  Z: -928.343017578125
boundingForTraverse: 4142.68017578125
bugMask: 0
cursorOffsetY: 0.5
instSizeCafe: 186512
instSizeNx: 448544
sortKey: 7
traverseDist: 1000.0
