aabbMax:
  X: 0.4313639998435974
  Y: 1.5540599822998047
  Z: 0.43187499046325684
aabbMin:
  X: -0.4172619879245758
  Y: -0.002781999995931983
  Z: -0.4287090003490448
boundingForTraverse: 1.5568419694900513
bugMask: 2
instSizeCafe: -1
instSizeNx: 140472
lookAtOffsetY: 1.2999999523162842
rigidBodyCenterY: 0.800000011920929
sortKey: 0
