aabbMax:
  X: 18.0
  Y: -7.51386022567749
  Z: 4.884570121765137
aabbMin:
  X: -16.0
  Y: -105.0
  Z: -89.88800048828125
boundingForTraverse: 97.48613739013672
bugMask: 2
cursorOffsetY: 0.5
instSizeCafe: 22516
instSizeNx: -1
sortKey: 0
traverseDist: 99999.0
