aabbMax:
  X: 1.649999976158142
  Y: 4.480100154876709
  Z: 1.6214300394058228
aabbMin:
  X: -1.649999976158142
  Y: 0.0
  Z: -1.6214300394058228
boundingForTraverse: 4.480100154876709
bugMask: 2
cursorOffsetY: 0.5
instSizeCafe: 53436
instSizeNx: -1
rigidBodyCenterY: 1.4870799779891968
sortKey: 9
traverseDist: 99999.0
