aabbMax:
  X: 18.1117000579834
  Y: 1.293370008468628
  Z: 44.33209991455078
aabbMin:
  X: -18.1117000579834
  Y: -39.95000076293945
  Z: -3.1180500984191895
boundingForTraverse: 41.243370056152344
bugMask: 3
cursorOffsetY: 0.5
instSizeCafe: 37860
instSizeNx: -1
sortKey: 0
