aabbMax:
  X: -14.0
  Y: 47.9984016418457
  Z: -46.099998474121094
aabbMin:
  X: -22.000200271606445
  Y: 18.00160026550293
  Z: -50.22919845581055
boundingForTraverse: 29.996801376342773
bugMask: 1
cursorOffsetY: 0.5
instSizeCafe: 28988
instSizeNx: 87112
rigidBodyCenterY: 30.480100631713867
sortKey: 0
traverseDist: 500.0
