aabbMax:
  X: 1.5499999523162842
  Y: 3.978440046310425
  Z: 0.20000000298023224
aabbMin:
  X: -1.5499999523162842
  Y: 0.0
  Z: -0.20000000298023224
boundingForTraverse: 3.978440046310425
bugMask: 3
instSizeCafe: 26892
instSizeNx: -1
rigidBodyCenterY: 2.048719882965088
sortKey: -3
traverseDist: 99999.0
