aabbMax:
  X: 4.160120010375977
  Y: 10.338199615478516
  Z: 1.4911799430847168
aabbMin:
  X: -4.044869899749756
  Y: -0.6000000238418579
  Z: -1.4911799430847168
boundingForTraverse: 10.938199996948242
bugMask: 3
cursorOffsetY: 0.5
instSizeCafe: 159260
instSizeNx: -1
rigidBodyCenterY: 2.8499999046325684
sortKey: 139
traverseDist: 99999.0
