aabbMax:
  X: 0.8408750295639038
  Y: 0.8593930006027222
  Z: 1.2000000476837158
aabbMin:
  X: -0.8408750295639038
  Y: -0.8093940019607544
  Z: -0.20000000298023224
boundingForTraverse: 1.6687870025634766
bugMask: 1
instSizeCafe: -1
instSizeNx: 105768
rigidBodyCenterY: -0.9249770045280457
sortKey: -6
traverseDist: 99999.0
