aabbMax:
  X: 3.1274499893188477
  Y: 3.1274499893188477
  Z: 2.0692100524902344
aabbMin:
  X: -3.1274499893188477
  Y: -3.1274499893188477
  Z: -17.71809959411621
boundingForTraverse: 6.254899978637695
bugMask: 2
cursorOffsetY: 0.5
instSizeCafe: -1
instSizeNx: 129048
rigidBodyCenterY: -3.000000106112566e-06
sortKey: 61
traverseDist: 200.0
