aabbMax:
  X: 6.0
  Y: 0.6258689761161804
  Z: 2.8499999046325684
aabbMin:
  X: -6.0
  Y: -0.32586899399757385
  Z: -2.8499999046325684
boundingForTraverse: 0.9517379999160767
bugMask: 2
instSizeCafe: -1
instSizeNx: 92600
rigidBodyCenterY: 0.15000000596046448
sortKey: -4
