aabbMax:
  X: 5.300000190734863
  Y: 10.279500007629395
  Z: 0.7603909969329834
aabbMin:
  X: -5.300000190734863
  Y: -0.05000000074505806
  Z: -1.6280499696731567
boundingForTraverse: 10.329500198364258
bugMask: 2
cursorOffsetY: 0.5
instSizeCafe: -1
instSizeNx: 95184
rigidBodyCenterY: 5.106170177459717
sortKey: -1
traverseDist: 99999.0
