aabbMax:
  X: 3.401439905166626
  Y: 4.800000190734863
  Z: 3.359999895095825
aabbMin:
  X: -3.401439905166626
  Y: -0.1323779970407486
  Z: -3.359999895095825
boundingForTraverse: 4.932377815246582
bugMask: 3
cursorOffsetY: 0.5
instSizeCafe: 41628
instSizeNx: -1
sortKey: -27
