aabbMax:
  X: 0.5177929997444153
  Y: 5.300650119781494
  Z: 0.5177929997444153
aabbMin:
  X: -0.5177929997444153
  Y: 0.0
  Z: -0.5177929997444153
boundingForTraverse: 5.300650119781494
bugMask: 1
cursorOffsetY: 0.5
instSizeCafe: 50440
instSizeNx: 134560
rigidBodyCenterY: 2.3143999576568604
sortKey: 1
traverseDist: 1000.0
