aabbMax:
  X: 4.050000190734863
  Y: 9.978440284729004
  Z: 0.20000000298023224
aabbMin:
  X: -4.050000190734863
  Y: 0.0
  Z: -0.20000000298023224
boundingForTraverse: 9.978440284729004
bugMask: 3
instSizeCafe: 27660
instSizeNx: 86976
rigidBodyCenterY: 4.987649917602539
sortKey: -11
