aabbMax:
  X: 2.864140033721924
  Y: -0.26301199197769165
  Z: 84.431396484375
aabbMin:
  X: -2.864109992980957
  Y: -19.737499237060547
  Z: 17.727100372314453
boundingForTraverse: 19.4744873046875
bugMask: 1
cursorOffsetY: 0.5
instSizeCafe: 184672
instSizeNx: -1
rigidBodyCenterY: -13.682999610900879
sortKey: 2
traverseDist: 2000.0
