aabbMax:
  X: 0.8486530184745789
  Y: 5.300650119781494
  Z: 0.8486530184745789
aabbMin:
  X: -0.8486530184745789
  Y: -0.00825599953532219
  Z: -0.8486530184745789
boundingForTraverse: 5.3089070320129395
bugMask: 1
instSizeCafe: 63628
instSizeNx: -1
rigidBodyCenterY: 2.0465900897979736
sortKey: 0
