aabbMax:
  X: 6.0
  Y: 0.44999998807907104
  Z: 3.0002601146698
aabbMin:
  X: -6.0
  Y: -0.7169640064239502
  Z: -3.0
boundingForTraverse: 1.166964054107666
bugMask: 3
instSizeCafe: 34720
instSizeNx: -1
rigidBodyCenterY: 0.20000000298023224
sortKey: 0
