aabbMax:
  X: 2.25
  Y: 4.148439884185791
  Z: 0.25
aabbMin:
  X: -2.25
  Y: 0.0
  Z: -0.25
boundingForTraverse: 4.148439884185791
bugMask: 3
cursorOffsetY: 0.5
instSizeCafe: 35500
instSizeNx: -1
rigidBodyCenterY: 0.7731819748878479
sortKey: 1
traverseDist: 99999.0
