aabbMax:
  X: 17.483800888061523
  Y: 22.383399963378906
  Z: 3.7107601165771484
aabbMin:
  X: -17.483800888061523
  Y: -33.36869812011719
  Z: -37.61970138549805
boundingForTraverse: 55.752098083496094
bugMask: 1
cursorOffsetY: 0.5
instSizeCafe: -1
instSizeNx: 419512
rigidBodyCenterY: -5.992990016937256
sortKey: -13
