aabbMax:
  X: 15.5
  Y: 15.5
  Z: 1.0499999523162842
aabbMin:
  X: -15.5
  Y: -15.5
  Z: -35.900001525878906
boundingForTraverse: 31.0
bugMask: 1
cursorOffsetY: 0.5
instSizeCafe: -1
instSizeNx: 283808
rigidBodyCenterY: -0.5937240123748779
sortKey: -23
traverseDist: 500.0
