aabbMax:
  X: 4.815390110015869
  Y: 0.04921700060367584
  Z: 4.774040222167969
aabbMin:
  X: -4.815390110015869
  Y: -0.7400379776954651
  Z: -4.774040222167969
boundingForTraverse: 0.7892550230026245
bugMask: 3
cursorOffsetY: 0.5
instSizeCafe: 53184
instSizeNx: -1
rigidBodyCenterY: -0.3499999940395355
sortKey: 36
traverseDist: 99999.0
