aabbMax:
  X: 201.38999938964844
  Y: 20.296499252319336
  Z: 58.91460037231445
aabbMin:
  X: 22.142099380493164
  Y: -22.746999740600586
  Z: -41.593299865722656
boundingForTraverse: 43.04349899291992
bugMask: 1
instSizeCafe: 610580
instSizeNx: 1429000
rigidBodyCenterY: 2.873879909515381
sortKey: -35
traverseDist: 1000.0
