aabbMax:
  X: 0.949999988079071
  Y: 4.699999809265137
  Z: 1.0499999523162842
aabbMin:
  X: -0.949999988079071
  Y: 0.0
  Z: -1.0499999523162842
boundingForTraverse: 4.699999809265137
bugMask: 3
cursorOffsetY: 0.5
instSizeCafe: 52992
instSizeNx: -1
rigidBodyCenterY: 0.6063349843025208
sortKey: 18
traverseDist: 99999.0
