aabbMax:
  X: 3.557990074157715
  Y: 7.5057501792907715
  Z: 1.1053600311279297
aabbMin:
  X: -3.154520034790039
  Y: -0.30000001192092896
  Z: -1.1254099607467651
boundingForTraverse: 7.805749893188477
bugMask: 3
cursorOffsetY: 0.5
instSizeCafe: 33832
instSizeNx: -1
rigidBodyCenterY: 3.796720027923584
sortKey: -44
traverseDist: 99999.0
