aabbMax:
  X: 1.0087900161743164
  Y: -1.0232399702072144
  Z: 1.6193100214004517
aabbMin:
  X: -1.0087900161743164
  Y: -4.351369857788086
  Z: -0.6675530076026917
boundingForTraverse: 3.328130006790161
bugMask: 3
cursorOffsetY: 0.5
instSizeCafe: 51072
instSizeNx: 133056
rigidBodyCenterY: -2.842789888381958
sortKey: 29
traverseDist: 99999.0
