aabbMax:
  X: 50.599998474121094
  Y: 68.46219635009766
  Z: 50.79999923706055
aabbMin:
  X: -50.599998474121094
  Y: 0.0
  Z: -50.79999923706055
boundingForTraverse: 68.46219635009766
bugMask: 1
cursorOffsetY: 0.5
instSizeCafe: 154568
instSizeNx: -1
rigidBodyCenterY: 42.394100189208984
sortKey: -2
traverseDist: 500.0
