aabbMax:
  X: 3.0
  Y: 0.10000000149011612
  Z: 2.7245700359344482
aabbMin:
  X: -3.0
  Y: -1.100000023841858
  Z: -1.7000000476837158
boundingForTraverse: 1.2000000476837158
bugMask: 3
cursorOffsetY: 0.5
instSizeCafe: 76060
instSizeNx: -1
rigidBodyCenterY: -0.5
sortKey: 35
traverseDist: 99999.0
