aabbMax:
  X: 3.5299999713897705
  Y: 7.956870079040527
  Z: 0.16500000655651093
aabbMin:
  X: -3.5299999713897705
  Y: 0.0
  Z: -0.16500000655651093
boundingForTraverse: 7.956870079040527
bugMask: 3
instSizeCafe: 26076
instSizeNx: -1
rigidBodyCenterY: 4.245940208435059
sortKey: -11
traverseDist: 99999.0
