aabbMax:
  X: 6.0
  Y: 0.0
  Z: 12.0
aabbMin:
  X: -6.0
  Y: -4.431389808654785
  Z: -4.0
boundingForTraverse: 4.431389808654785
bugMask: 1
cursorOffsetY: 0.5
instSizeCafe: 73020
instSizeNx: -1
rigidBodyCenterY: -2.587549924850464
sortKey: 0
traverseDist: 300.0
