aabbMax:
  X: 17.034900665283203
  Y: 17.04050064086914
  Z: 1.363860011100769
aabbMin:
  X: -17.0314998626709
  Y: -17.025999069213867
  Z: -1.2961900234222412
boundingForTraverse: 34.066497802734375
bugMask: 1
cursorOffsetY: 0.5
instSizeCafe: 107200
instSizeNx: 249352
rigidBodyCenterY: 0.0057379999198019505
sortKey: 46
traverseDist: 500.0
