aabbMax:
  X: -23.999000549316406
  Y: 0.5637000203132629
  Z: 23.260000228881836
aabbMin:
  X: -150.9739990234375
  Y: -0.31153398752212524
  Z: -39.650299072265625
boundingForTraverse: 0.8752340078353882
bugMask: 0
cursorOffsetY: 0.5
instSizeCafe: 18164
instSizeNx: -1
sortKey: -31
traverseDist: 1000.0
