aabbMax:
  X: 10.800000190734863
  Y: 1.1265599727630615
  Z: 5.130000114440918
aabbMin:
  X: -10.800000190734863
  Y: -0.5865640044212341
  Z: -5.130000114440918
boundingForTraverse: 1.7131240367889404
bugMask: 2
instSizeCafe: -1
instSizeNx: 96728
rigidBodyCenterY: 0.27000001072883606
sortKey: -7
