aabbMax:
  X: 1.5
  Y: 0.20999999344348907
  Z: 1.5
aabbMin:
  X: -1.5
  Y: -1.9999999949504854e-06
  Z: -1.5
boundingForTraverse: 0.21000200510025024
bugMask: 3
instSizeCafe: -1
instSizeNx: 155768
rigidBodyCenterY: 0.10000000149011612
sortKey: -8
