aabbMax:
  X: 1.4326599836349487
  Y: 4.313429832458496
  Z: 0.10367099940776825
aabbMin:
  X: -1.5743600130081177
  Y: -1.0713399648666382
  Z: -0.0005830000154674053
boundingForTraverse: 5.384769916534424
bugMask: 1
cursorOffsetY: 0.5
instSizeCafe: 27880
instSizeNx: -1
sortKey: -1
traverseDist: 200.0
