aabbMax:
  X: 2.0
  Y: 6.399569988250732
  Z: 0.0200009997934103
aabbMin:
  X: -2.896980047225952
  Y: 5.285120010375977
  Z: -4.0
boundingForTraverse: 1.1144499778747559
bugMask: 0
cursorOffsetY: 0.5
instSizeCafe: -1
instSizeNx: 76448
rigidBodyCenterY: 5.9010701179504395
sortKey: 0
