aabbMax:
  X: 3.0
  Y: 7.599999904632568
  Z: 0.5
aabbMin:
  X: -3.0
  Y: -0.30000099539756775
  Z: -0.5
boundingForTraverse: 7.900001049041748
bugMask: 3
cursorOffsetY: 0.5
instSizeCafe: 37104
instSizeNx: -1
rigidBodyCenterY: 4.245940208435059
sortKey: 4
traverseDist: 99999.0
