aabbMax:
  X: 62.59379959106445
  Y: 40.99300003051758
  Z: 33.49300003051758
aabbMin:
  X: -17.280000686645508
  Y: -5.9930500984191895
  Z: -13.493000030517578
boundingForTraverse: 46.98604965209961
bugMask: 0
cursorOffsetY: 0.5
instSizeCafe: -1
instSizeNx: 584488
rigidBodyCenterY: 12.159500122070312
sortKey: 50
traverseDist: 500.0
