aabbMax:
  X: 6.240109920501709
  Y: 0.44999998807907104
  Z: 3.0
aabbMin:
  X: -6.0
  Y: -0.7169650197029114
  Z: -3.0002601146698
boundingForTraverse: 1.1669650077819824
bugMask: 2
instSizeCafe: 31996
instSizeNx: 92696
locators:
- pos_x: 0.0
  pos_y: 0.0
  pos_z: 2.200000047683716
  rot_x: 0.0
  rot_y: 0.0
  rot_z: 0.0
  type: MagnePos
rigidBodyCenterY: 0.20000000298023224
sortKey: 0
traverseDist: 500.0
