aabbMax:
  X: 0.48512300848960876
  Y: 0.125
  Z: 1.5351300239562988
aabbMin:
  X: -0.48512300848960876
  Y: -9.999999974752427e-07
  Z: -4.5
boundingForTraverse: 0.1250009983778
bugMask: 3
cursorOffsetY: 0.5
instSizeCafe: 41864
instSizeNx: -1
rigidBodyCenterY: 0.015223000198602676
sortKey: 0
traverseDist: 99999.0
