aabbMax:
  X: 16.97570037841797
  Y: 25.250900268554688
  Z: 101.34200286865234
aabbMin:
  X: -16.97570037841797
  Y: -10.250900268554688
  Z: 66.69999694824219
boundingForTraverse: 35.501800537109375
bugMask: 1
instSizeCafe: 59788
instSizeNx: 156392
rigidBodyCenterY: 7.8346099853515625
sortKey: -22
traverseDist: 99999.0
