aabbMax:
  X: 6.00462007522583
  Y: -0.004999000113457441
  Z: 6.00462007522583
aabbMin:
  X: -6.00462007522583
  Y: -162.0
  Z: -6.00462007522583
boundingForTraverse: 161.9949951171875
bugMask: 1
cursorOffsetY: 0.5
instSizeCafe: 82108
instSizeNx: 204952
rigidBodyCenterY: -79.84809875488281
sortKey: -1
