aabbMax:
  X: 0.36037400364875793
  Y: 0.7317469716072083
  Z: 3.799999952316284
aabbMin:
  X: -3.231750011444092
  Y: -0.7317469716072083
  Z: 0.0
boundingForTraverse: 1.4634939432144165
bugMask: 3
cursorOffsetY: 0.5
instSizeCafe: -1
instSizeNx: 119496
locators:
- pos_x: -3.0
  pos_y: 0.0
  pos_z: 0.0
  rot_x: 0.0
  rot_y: 0.0
  rot_z: 0.0
  type: MagnePos
sortKey: 14
