aabbMax:
  X: 1.5
  Y: 1.0
  Z: 0.30000001192092896
aabbMin:
  X: 0.0
  Y: 0.0
  Z: -0.30000001192092896
boundingForTraverse: 1.0
bugMask: 3
cursorOffsetY: 0.5
instSizeCafe: 28628
instSizeNx: 91472
sortKey: -7
