aabbMax:
  X: 3.801219940185547
  Y: 0.2608200013637543
  Z: 4.711060047149658
aabbMin:
  X: -3.616179943084717
  Y: -1.388409972190857
  Z: 0.0
boundingForTraverse: 1.6492300033569336
bugMask: 2
cursorOffsetY: 0.5
instSizeCafe: -1
instSizeNx: 91152
rigidBodyCenterY: 0.05000000074505806
sortKey: 0
