aabbMax:
  X: 1.5299999713897705
  Y: 2.055000066757202
  Z: 3.737989902496338
aabbMin:
  X: -1.3799999952316284
  Y: -1.7549999952316284
  Z: -1.4970699548721313
boundingForTraverse: 3.809999942779541
bugMask: 3
instSizeCafe: 47092
instSizeNx: -1
rigidBodyCenterY: 0.13402800261974335
sortKey: 109
traverseDist: 99999.0
