aabbMax:
  X: 2.8995800018310547
  Y: 9.469079971313477
  Z: 19.44379997253418
aabbMin:
  X: -2.8995800018310547
  Y: -0.010994000360369682
  Z: -4.1768999099731445
boundingForTraverse: 9.480073928833008
bugMask: 3
instSizeCafe: 195860
instSizeNx: -1
rigidBodyCenterY: 3.5662500858306885
sortKey: 0
