aabbMax:
  X: 39.54999923706055
  Y: 12.00160026550293
  Z: 39.650001525878906
aabbMin:
  X: -39.54999923706055
  Y: -0.004660000093281269
  Z: -39.650001525878906
boundingForTraverse: 12.00625991821289
bugMask: 1
cursorOffsetY: 0.5
instSizeCafe: 26884
instSizeNx: 87048
sortKey: 0
traverseDist: 500.0
