aabbMax:
  X: 20.0
  Y: 20.0
  Z: 32.5
aabbMin:
  X: -20.0
  Y: -16.447399139404297
  Z: -43.82889938354492
boundingForTraverse: 36.4473991394043
bugMask: 1
instSizeCafe: 181984
instSizeNx: 433688
rigidBodyCenterY: 3.8587100505828857
sortKey: -18
traverseDist: 500.0
