aabbMax:
  X: 1.399999976158142
  Y: 25.24519920349121
  Z: 8.100000381469727
aabbMin:
  X: -1.399999976158142
  Y: 22.138399124145508
  Z: -12.5
boundingForTraverse: 3.106800079345703
bugMask: 3
cursorOffsetY: 0.5
instSizeCafe: -1
instSizeNx: 120592
rigidBodyCenterY: 24.149999618530273
sortKey: 0
traverseDist: 99999.0
