aabbMax:
  X: 4.042200088500977
  Y: 4.04226016998291
  Z: 0.26912298798561096
aabbMin:
  X: -4.042200088500977
  Y: -4.04203987121582
  Z: -0.2760680019855499
boundingForTraverse: 8.08430004119873
bugMask: 3
cursorOffsetY: 0.5
instSizeCafe: -1
instSizeNx: 154936
sortKey: -43
traverseDist: 99999.0
