aabbMax:
  X: 0.5678349733352661
  Y: 1.0575000047683716
  Z: 0.5678349733352661
aabbMin:
  X: -0.5678349733352661
  Y: -0.04005099833011627
  Z: -0.5678349733352661
boundingForTraverse: 1.0975509881973267
bugMask: 3
instSizeCafe: -1
instSizeNx: 149624
rigidBodyCenterY: 0.5
sortKey: 0
traverseDist: 2000.0
