aabbMax:
  X: 2.4000000953674316
  Y: 1.2467299699783325
  Z: 2.4000000953674316
aabbMin:
  X: -2.4000000953674316
  Y: 0.0
  Z: -2.4000000953674316
boundingForTraverse: 1.2467299699783325
bugMask: 1
cursorOffsetY: 0.5
instSizeCafe: 28352
instSizeNx: 89064
rigidBodyCenterY: 0.5068470239639282
sortKey: -52
traverseDist: 99999.0
