aabbMax:
  X: 11.200499534606934
  Y: 11.200499534606934
  Z: 0.5539090037345886
aabbMin:
  X: -11.200499534606934
  Y: -11.200499534606934
  Z: -0.5
boundingForTraverse: 22.400999069213867
bugMask: 3
cursorOffsetY: 0.5
instSizeCafe: -1
instSizeNx: 218008
rigidBodyCenterY: 0.004114000126719475
sortKey: -13
traverseDist: 99999.0
