aabbMax:
  X: 2.1206700801849365
  Y: 6.1989898681640625
  Z: 2.342829942703247
aabbMin:
  X: -2.1206700801849365
  Y: -0.15000000596046448
  Z: -2.342829942703247
boundingForTraverse: 6.348989963531494
bugMask: 3
cursorOffsetY: 0.5
instSizeCafe: 94812
instSizeNx: -1
rigidBodyCenterY: 2.5167999267578125
sortKey: -34
traverseDist: 99999.0
