aabbMax:
  X: 4.597020149230957
  Y: 0.7645609974861145
  Z: 4.052680015563965
aabbMin:
  X: -4.802509784698486
  Y: -36.916099548339844
  Z: -7.164730072021484
boundingForTraverse: 37.680660247802734
bugMask: 3
cursorOffsetY: 0.5
instSizeCafe: 25600
instSizeNx: -1
sortKey: -26
traverseDist: 500.0
