aabbMax:
  X: 0.6335399746894836
  Y: 0.8202319741249084
  Z: 0.07737799733877182
aabbMin:
  X: -0.6785929799079895
  Y: -0.9126889705657959
  Z: -0.00027099999715574086
boundingForTraverse: 1.7329210042953491
bugMask: 1
cursorOffsetY: 0.5
instSizeCafe: -1
instSizeNx: 89296
sortKey: -6
traverseDist: 200.0
