aabbMax:
  X: 2.0
  Y: 0.30000001192092896
  Z: 4.0
aabbMin:
  X: -2.0
  Y: 0.0
  Z: -4.0
boundingForTraverse: 0.30000001192092896
bugMask: 2
instSizeCafe: 30652
instSizeNx: -1
rigidBodyCenterY: 0.15000000596046448
sortKey: -51
