aabbMax:
  X: 0.5197439789772034
  Y: 1.0455399751663208
  Z: 0.5197439789772034
aabbMin:
  X: -0.5197439789772034
  Y: 0.0
  Z: -0.5197439789772034
boundingForTraverse: 1.0455399751663208
bugMask: 3
instSizeCafe: -1
instSizeNx: 108904
rigidBodyCenterY: 0.5132480263710022
sortKey: 0
