aabbMax:
  X: -31.430200576782227
  Y: 41.17020034790039
  Z: 1.2278000116348267
aabbMin:
  X: -60.24660110473633
  Y: -1.2278000116348267
  Z: -1.2278000116348267
boundingForTraverse: 42.39799880981445
bugMask: 0
cursorOffsetY: 0.5
instSizeCafe: -1
instSizeNx: 97184
sortKey: -1
traverseDist: 2000.0
