aabbMax:
  X: 7.200109958648682
  Y: 0.5400009751319885
  Z: 3.5999999046325684
aabbMin:
  X: -7.199999809265137
  Y: 0.0
  Z: -3.5999999046325684
boundingForTraverse: 0.5400009751319885
bugMask: 2
instSizeCafe: 29884
instSizeNx: 89448
rigidBodyCenterY: 0.27000001072883606
sortKey: 0
