aabbMax:
  X: 52.008399963378906
  Y: 54.00960159301758
  Z: 52.01250076293945
aabbMin:
  X: -52.008399963378906
  Y: -163.9029998779297
  Z: -52.01250076293945
boundingForTraverse: 217.91259765625
bugMask: 1
cursorOffsetY: 0.5
instSizeCafe: 102452
instSizeNx: 243696
rigidBodyCenterY: -36.92430114746094
sortKey: -2
traverseDist: 500.0
