aabbMax:
  X: 0.8477720022201538
  Y: 3.5223400592803955
  Z: 0.09795500338077545
aabbMin:
  X: -0.9100279808044434
  Y: -0.28576698899269104
  Z: -0.0005619999719783664
boundingForTraverse: 3.8081068992614746
bugMask: 1
cursorOffsetY: 0.5
instSizeCafe: 27880
instSizeNx: -1
sortKey: -2
traverseDist: 200.0
