aabbMax:
  X: 0.6000000238418579
  Y: 1.2000000476837158
  Z: 0.6000000238418579
aabbMin:
  X: -0.6000000238418579
  Y: 0.0
  Z: -0.6000000238418579
boundingForTraverse: 1.2000000476837158
bugMask: 3
instSizeCafe: 41180
instSizeNx: -1
rigidBodyCenterY: 0.6000000238418579
sortKey: -25
terrainTextures:
- !u 0xffff1d11
