aabbMax:
  X: 0.8994140028953552
  Y: 1.1512500047683716
  Z: 0.8966799974441528
aabbMin:
  X: -0.8969730138778687
  Y: -0.02843800000846386
  Z: -0.8962889909744263
boundingForTraverse: 1.1796879768371582
bugMask: 1
cursorOffsetY: 0.5
instSizeCafe: 40444
instSizeNx: 108704
rigidBodyCenterY: 0.43987399339675903
sortKey: -56
