aabbMax:
  X: 1.407439947128296
  Y: 0.574999988079071
  Z: 1.360219955444336
aabbMin:
  X: -1.407439947128296
  Y: 0.0
  Z: -1.25
boundingForTraverse: 0.574999988079071
bugMask: 1
cursorOffsetY: 0.5
instSizeCafe: 75064
instSizeNx: 186760
rigidBodyCenterY: 0.3697800040245056
sortKey: 23
traverseDist: 99999.0
