aabbMax:
  X: 121.10199737548828
  Y: 28.269399642944336
  Z: 41.96200180053711
aabbMin:
  X: -120.88200378417969
  Y: -0.04934899881482124
  Z: -41.91960144042969
boundingForTraverse: 28.318748474121094
bugMask: 3
cursorOffsetY: 0.5
instSizeCafe: -1
instSizeNx: 456024
sortKey: -20
traverseDist: 99999.0
