aabbMax:
  X: 1.6814199686050415
  Y: -0.26301199197769165
  Z: 60.9098014831543
aabbMin:
  X: -1.6714099645614624
  Y: -18.197099685668945
  Z: 0.11387799680233002
boundingForTraverse: 17.9340877532959
bugMask: 1
cursorOffsetY: 0.5
instSizeCafe: -1
instSizeNx: 166248
rigidBodyCenterY: -12.831500053405762
sortKey: 2
traverseDist: 1000.0
