aabbMax:
  X: 74.4000015258789
  Y: 68.21929931640625
  Z: 74.4000015258789
aabbMin:
  X: -74.4000015258789
  Y: 0.0
  Z: -74.4000015258789
boundingForTraverse: 68.21929931640625
bugMask: 1
cursorOffsetY: 0.5
instSizeCafe: -1
instSizeNx: 410776
rigidBodyCenterY: 41.69200134277344
sortKey: -2
traverseDist: 800.0
