aabbMax:
  X: 4.994969844818115
  Y: 14.5
  Z: 7.079360008239746
aabbMin:
  X: -4.994969844818115
  Y: 0.0
  Z: -4.994969844818115
boundingForTraverse: 14.5
bugMask: 1
cursorOffsetY: 0.5
instSizeCafe: 254596
instSizeNx: -1
rigidBodyCenterY: 4.540229797363281
sortKey: 0
