aabbMax:
  X: 9.901009559631348
  Y: -14.300000190734863
  Z: 12.5
aabbMin:
  X: -9.901009559631348
  Y: -25.24519920349121
  Z: -12.5
boundingForTraverse: 10.945199012756348
bugMask: 3
cursorOffsetY: 0.5
instSizeCafe: 56880
instSizeNx: -1
rigidBodyCenterY: -24.149999618530273
sortKey: 0
traverseDist: 99999.0
