aabbMax:
  X: 0.0
  Y: 0.5400009751319885
  Z: 0.30000001192092896
aabbMin:
  X: -1.0
  Y: -1.9999999949504854e-06
  Z: -0.30000001192092896
boundingForTraverse: 0.5400030016899109
bugMask: 3
cursorOffsetY: 0.5
instSizeCafe: -1
instSizeNx: 111952
sortKey: -3
