aabbMax:
  X: 1.026039958000183
  Y: 12.5
  Z: 1.0303499698638916
aabbMin:
  X: -1.0091300010681152
  Y: -0.20000000298023224
  Z: -2.541529893875122
boundingForTraverse: 12.699999809265137
bugMask: 3
cursorOffsetY: 0.5
instSizeCafe: 33848
instSizeNx: -1
rigidBodyCenterY: 6.719180107116699
sortKey: -38
traverseDist: 99999.0
