aabbMax:
  X: 12.824899673461914
  Y: 0.6552169919013977
  Z: 14.661100387573242
aabbMin:
  X: -12.876799583435059
  Y: -4.906660079956055
  Z: -8.092000007629395
boundingForTraverse: 5.5618767738342285
bugMask: 3
cursorOffsetY: 0.5
instSizeCafe: 97012
instSizeNx: -1
rigidBodyCenterY: -1.3725600242614746
sortKey: 22
traverseDist: 99999.0
