aabbMax:
  X: 24.889699935913086
  Y: 212.86399841308594
  Z: 44.38359832763672
aabbMin:
  X: -24.889699935913086
  Y: 120.0
  Z: -44.79999923706055
boundingForTraverse: 92.86399841308594
bugMask: 1
cursorOffsetY: 0.5
instSizeCafe: 404816
instSizeNx: -1
rigidBodyCenterY: 126.8239974975586
sortKey: -15
