aabbMax:
  X: 6.0
  Y: 0.3499999940395355
  Z: 2.0
aabbMin:
  X: -6.0
  Y: 0.05000000074505806
  Z: -2.0
boundingForTraverse: 0.30000001192092896
bugMask: 0
cursorOffsetY: 0.5
instSizeCafe: 30624
instSizeNx: -1
rigidBodyCenterY: 0.15000000596046448
sortKey: -3
