aabbMax:
  X: 11.574299812316895
  Y: 11.182299613952637
  Z: 9.559040069580078
aabbMin:
  X: -10.53320026397705
  Y: -0.270904004573822
  Z: -11.574299812316895
boundingForTraverse: 11.453203201293945
bugMask: 3
cursorOffsetY: 0.5
instSizeCafe: 52672
instSizeNx: -1
rigidBodyCenterY: 3.4554901123046875
sortKey: 0
traverseDist: 300.0
