aabbMax:
  X: 0.4900520145893097
  Y: 0.4926050007343292
  Z: 0.49081799387931824
aabbMin:
  X: -0.4900520145893097
  Y: -0.4926050007343292
  Z: -0.49081799387931824
boundingForTraverse: 0.9852100014686584
bugMask: 2
instSizeCafe: 29264
instSizeNx: -1
sortKey: 0
