aabbMax:
  X: 3.9498701095581055
  Y: 3.9498701095581055
  Z: 13.521200180053711
aabbMin:
  X: -3.9498701095581055
  Y: -3.9498701095581055
  Z: -12.309900283813477
boundingForTraverse: 7.899740219116211
bugMask: 2
cursorOffsetY: 0.5
instSizeCafe: 85420
instSizeNx: -1
sortKey: -12
traverseDist: 99999.0
