aabbMax:
  X: 4.176239967346191
  Y: 12.0
  Z: 4.176219940185547
aabbMin:
  X: -4.1768999099731445
  Y: 0.0
  Z: -4.176400184631348
boundingForTraverse: 12.0
bugMask: 1
cursorOffsetY: 0.5
instSizeCafe: -1
instSizeNx: 204912
rigidBodyCenterY: 6.0
sortKey: 2
traverseDist: 200.0
