aabbMax:
  X: 32.54560089111328
  Y: 26.84079933166504
  Z: 32.3927001953125
aabbMin:
  X: -32.99100112915039
  Y: -7.0
  Z: -29.43600082397461
boundingForTraverse: 33.840797424316406
bugMask: 1
cursorOffsetY: 0.5
instSizeCafe: 126340
instSizeNx: 299408
rigidBodyCenterY: 8.40746021270752
sortKey: -6
traverseDist: 1500.0
