aabbMax:
  X: 3.298140048980713
  Y: 10.0
  Z: 3.298140048980713
aabbMin:
  X: -3.298140048980713
  Y: 2.540570020675659
  Z: -3.298140048980713
boundingForTraverse: 7.45943021774292
bugMask: 3
instSizeCafe: -1
instSizeNx: 101616
rigidBodyCenterY: 8.172249794006348
sortKey: -2
traverseDist: 99999.0
