aabbMax:
  X: 6.0
  Y: 0.44999998807907104
  Z: 3.0
aabbMin:
  X: -6.0
  Y: -0.7169650197029114
  Z: -3.0002601146698
boundingForTraverse: 1.1669650077819824
bugMask: 3
instSizeCafe: -1
instSizeNx: 96632
rigidBodyCenterY: 0.20000000298023224
sortKey: 0
