aabbMax:
  X: 1.829609990119934
  Y: 8.379610061645508
  Z: 5.199999809265137
aabbMin:
  X: -1.829609990119934
  Y: -0.6865500211715698
  Z: -3.4350900650024414
boundingForTraverse: 9.066160202026367
bugMask: 1
cursorOffsetY: 0.5
instSizeCafe: 38864
instSizeNx: -1
rigidBodyCenterY: 5.552830219268799
sortKey: 0
