aabbMax:
  X: 7.659170150756836
  Y: 2.6131699085235596
  Z: 11.563199996948242
aabbMin:
  X: -7.659170150756836
  Y: -12.847000122070312
  Z: -7.659170150756836
boundingForTraverse: 15.460169792175293
bugMask: 1
cursorOffsetY: 0.5
instSizeCafe: -1
instSizeNx: 665888
rigidBodyCenterY: -2.145979881286621
sortKey: 3
traverseDist: 900.0
