aabbMax:
  X: 20.262699127197266
  Y: 11.036700248718262
  Z: 38.0614013671875
aabbMin:
  X: -20.262699127197266
  Y: -32.40380096435547
  Z: -6.2937798500061035
boundingForTraverse: 43.44050216674805
bugMask: 1
cursorOffsetY: 0.5
instSizeCafe: -1
instSizeNx: 181408
rigidBodyCenterY: -7.14493989944458
sortKey: -19
