aabbMax:
  X: 2.0
  Y: 8.015270233154297
  Z: 2.0280001163482666
aabbMin:
  X: -2.000200033187866
  Y: -116.0
  Z: -2.0
boundingForTraverse: 124.01527404785156
bugMask: 1
cursorOffsetY: 0.5
instSizeCafe: -1
instSizeNx: 114688
rigidBodyCenterY: -54.61109924316406
sortKey: -1
traverseDist: 500.0
