aabbMax:
  X: 1.2929699420928955
  Y: 0.29988300800323486
  Z: 1.2929699420928955
aabbMin:
  X: -1.2929699420928955
  Y: -0.33909401297569275
  Z: -1.2929699420928955
boundingForTraverse: 0.6389769911766052
bugMask: 3
cursorOffsetY: 0.5
instSizeCafe: 34368
instSizeNx: -1
sortKey: 15
