aabbMax:
  X: 1.000980019569397
  Y: 1.000980019569397
  Z: 1.000980019569397
aabbMin:
  X: -1.000980019569397
  Y: -1.000980019569397
  Z: -1.000980019569397
boundingForTraverse: 2.001960039138794
bugMask: 3
instSizeCafe: 31756
instSizeNx: -1
sortKey: 0
