aabbMax:
  X: 19.087600708007812
  Y: 19.310100555419922
  Z: 57.32809829711914
aabbMin:
  X: -19.015499114990234
  Y: -21.465499877929688
  Z: -55.0625
boundingForTraverse: 40.77560043334961
bugMask: 1
cursorOffsetY: 0.5
instSizeCafe: 508572
instSizeNx: 1175888
rigidBodyCenterY: -0.9658330082893372
sortKey: 77
traverseDist: 500.0
