aabbMax:
  X: 0.4000000059604645
  Y: 58.599998474121094
  Z: -4.800000190734863
aabbMin:
  X: -0.4000000059604645
  Y: 4.099999904632568
  Z: -5.800000190734863
boundingForTraverse: 54.5
bugMask: 3
cursorOffsetY: 0.5
instSizeCafe: -1
instSizeNx: 140768
rigidBodyCenterY: 31.550399780273438
sortKey: 0
traverseDist: 99999.0
