aabbMax:
  X: 2.838200092315674
  Y: 20.623699188232422
  Z: 5.259079933166504
aabbMin:
  X: -2.838200092315674
  Y: -1.373170018196106
  Z: -5.250770092010498
boundingForTraverse: 21.996870040893555
bugMask: 2
cursorOffsetY: 0.5
instSizeCafe: 85644
instSizeNx: 204584
rigidBodyCenterY: 3.5284199714660645
sortKey: 157
traverseDist: 99999.0
