aabbMax:
  X: 3.674329996109009
  Y: 3.6700000762939453
  Z: 0.75
aabbMin:
  X: -3.674340009689331
  Y: -3.674299955368042
  Z: -1.3600000143051147
boundingForTraverse: 7.344299793243408
bugMask: 3
cursorOffsetY: 0.5
instSizeCafe: 49276
instSizeNx: -1
sortKey: 9
