aabbMax:
  X: 7.634130001068115
  Y: 7.634130001068115
  Z: 1.6150000095367432
aabbMin:
  X: -7.634130001068115
  Y: -7.634130001068115
  Z: -1.0
boundingForTraverse: 15.26826000213623
bugMask: 3
cursorOffsetY: 0.5
instSizeCafe: -1
instSizeNx: 213016
rigidBodyCenterY: -9.999999974752427e-07
sortKey: -10
traverseDist: 99999.0
