aabbMax:
  X: 5.449999809265137
  Y: 7.478439807891846
  Z: 0.20000000298023224
aabbMin:
  X: -5.449999809265137
  Y: 0.0
  Z: -0.20000000298023224
boundingForTraverse: 7.478439807891846
bugMask: 3
instSizeCafe: 27644
instSizeNx: -1
rigidBodyCenterY: 3.500649929046631
sortKey: 4
