aabbMax:
  X: 5.576340198516846
  Y: 5.576340198516846
  Z: 5.849999904632568
aabbMin:
  X: -5.576340198516846
  Y: -5.576340198516846
  Z: 1.1503499746322632
boundingForTraverse: 11.152680397033691
bugMask: 1
cursorOffsetY: 0.5
instSizeCafe: -1
instSizeNx: 191688
rigidBodyCenterY: 0.0005569999921135604
sortKey: 163
