aabbMax:
  X: 1.2000000476837158
  Y: 1.2000000476837158
  Z: 4.0
aabbMin:
  X: -1.2000000476837158
  Y: -1.2000000476837158
  Z: -4.0
boundingForTraverse: 2.4000000953674316
bugMask: 3
cursorOffsetY: 0.5
instSizeCafe: 47228
instSizeNx: 122776
rigidBodyCenterY: 1.9999999949504854e-06
sortKey: 166
traverseDist: 99999.0
