aabbMax:
  X: 3.1248600482940674
  Y: 0.21621300280094147
  Z: 0.6000000238418579
aabbMin:
  X: -3.0999999046325684
  Y: -0.031787000596523285
  Z: -0.550000011920929
boundingForTraverse: 0.24799999594688416
bugMask: 2
cursorOffsetY: 0.5
instSizeCafe: -1
instSizeNx: 92712
rigidBodyCenterY: 0.05000000074505806
sortKey: -12
