aabbMax:
  X: 0.4916880130767822
  Y: 1.9199999570846558
  Z: 0.482805997133255
aabbMin:
  X: -0.4916880130767822
  Y: -0.0016740000573918223
  Z: -0.4916880130767822
boundingForTraverse: 1.9216740131378174
bugMask: 3
cursorOffsetY: 0.5
instSizeCafe: 61576
instSizeNx: 151384
rigidBodyCenterY: 0.8999999761581421
sortKey: 15
traverseDist: 99999.0
