aabbMax:
  X: 36.86439895629883
  Y: 0.8999999761581421
  Z: 37.45920181274414
aabbMin:
  X: -36.86439895629883
  Y: 0.0
  Z: -37.45920181274414
boundingForTraverse: 0.8999999761581421
bugMask: 1
cursorOffsetY: 0.5
instSizeCafe: 36280
instSizeNx: -1
sortKey: 0
traverseDist: 800.0
