aabbMax:
  X: 2.282059907913208
  Y: 1.5
  Z: 2.282059907913208
aabbMin:
  X: -2.282059907913208
  Y: 0.0
  Z: -2.282059907913208
boundingForTraverse: 1.5
bugMask: 0
instSizeCafe: 38016
instSizeNx: -1
rigidBodyCenterY: 0.8694549798965454
sortKey: -5
