aabbMax:
  X: 8.199999809265137
  Y: 0.0
  Z: 6.0
aabbMin:
  X: -8.600000381469727
  Y: 0.0
  Z: -6.5
boundingForTraverse: 10.470075607299805
bugMask: 3
cursorOffsetY: 0.5
instSizeCafe: 26044
instSizeNx: -1
rigidBodyCenterY: -3.0
sortKey: -8
