aabbMax:
  X: 4.0
  Y: 3.9000000953674316
  Z: 2.295520067214966
aabbMin:
  X: -4.0
  Y: 0.4000000059604645
  Z: -2.295520067214966
boundingForTraverse: 3.5
bugMask: 3
cursorOffsetY: 0.5
instSizeCafe: 31948
instSizeNx: 93160
rigidBodyCenterY: 2.0094900131225586
sortKey: -12
traverseDist: 99999.0
