aabbMax:
  X: 0.49917399883270264
  Y: 0.49917399883270264
  Z: 0.49917399883270264
aabbMin:
  X: -0.49917399883270264
  Y: -0.49917399883270264
  Z: -0.49917399883270264
boundingForTraverse: 0.9983479976654053
bugMask: 3
instSizeCafe: 37932
instSizeNx: 101896
sortKey: -19
traverseDist: 99999.0
