aabbMax:
  X: 2.299999952316284
  Y: 2.299999952316284
  Z: 4.319499969482422
aabbMin:
  X: -2.299999952316284
  Y: -2.299999952316284
  Z: -1.7756400108337402
boundingForTraverse: 4.599999904632568
bugMask: 3
cursorOffsetY: 0.5
instSizeCafe: 71084
instSizeNx: -1
rigidBodyCenterY: 9.300000237999484e-05
sortKey: 164
