aabbMax:
  X: 1.3754199743270874
  Y: 4.561999797821045
  Z: 1.3727799654006958
aabbMin:
  X: -1.3817700147628784
  Y: -4.170499801635742
  Z: -1.3727699518203735
boundingForTraverse: 8.732500076293945
bugMask: 3
cursorOffsetY: 0.5
instSizeCafe: 51804
instSizeNx: 129272
rigidBodyCenterY: 0.19574399292469025
sortKey: -13
traverseDist: 99999.0
