aabbMax:
  X: 113.29100036621094
  Y: 157.92100524902344
  Z: 51.71310043334961
aabbMin:
  X: -3202.35009765625
  Y: -39.349700927734375
  Z: -1276.5699462890625
boundingForTraverse: 197.2707061767578
bugMask: 0
instSizeCafe: 29452
instSizeNx: -1
sortKey: -7
traverseDist: 10000.0
