aabbMax:
  X: 38.91130065917969
  Y: 128.20799255371094
  Z: 4115.35986328125
aabbMin:
  X: -350.5920104980469
  Y: -113.95099639892578
  Z: -76.94049835205078
boundingForTraverse: 242.15899658203125
bugMask: 0
instSizeCafe: -1
instSizeNx: 96536
sortKey: -1
traverseDist: 10000.0
