aabbMax:
  X: 38.91130065917969
  Y: 128.20799255371094
  Z: 106.65299987792969
aabbMin:
  X: -27.112699508666992
  Y: -7.027259826660156
  Z: -76.94049835205078
boundingForTraverse: 135.23526000976562
bugMask: 0
instSizeCafe: -1
instSizeNx: 78128
sortKey: -1
traverseDist: 10000.0
