aabbMax:
  X: 132.0850067138672
  Y: 75.17350006103516
  Z: 3431.550048828125
aabbMin:
  X: -207.60000610351562
  Y: -202.44400024414062
  Z: -69.21929931640625
boundingForTraverse: 277.61749267578125
bugMask: 0
instSizeCafe: 28784
instSizeNx: -1
sortKey: -13
traverseDist: 10000.0
