aabbMax:
  X: 38.97949981689453
  Y: 87.65779876708984
  Z: 3091.6201171875
aabbMin:
  X: -79.92109680175781
  Y: -576.375
  Z: -62.42250061035156
boundingForTraverse: 664.0327758789062
bugMask: 0
instSizeCafe: 29452
instSizeNx: -1
sortKey: -7
traverseDist: 10000.0
