aabbMax:
  X: 38.97949981689453
  Y: 87.65779876708984
  Z: 69.71089935302734
aabbMin:
  X: -79.92109680175781
  Y: -53.02370071411133
  Z: -62.42250061035156
boundingForTraverse: 140.68150329589844
bugMask: 0
instSizeCafe: -1
instSizeNx: 78128
sortKey: -7
traverseDist: 10000.0
