aabbMax:
  X: 2.081199884414673
  Y: 5.5822601318359375
  Z: 2.081199884414673
aabbMin:
  X: -2.081199884414673
  Y: -12.0
  Z: -2.081199884414673
boundingForTraverse: 17.582260131835938
bugMask: 3
instSizeCafe: 60844
instSizeNx: -1
rigidBodyCenterY: -3.899399995803833
sortKey: -33
traverseDist: 300.0
