aabbMax:
  X: 0.6000000238418579
  Y: 1.399999976158142
  Z: 0.6000000238418579
aabbMin:
  X: -0.6000000238418579
  Y: 0.0
  Z: -0.6000000238418579
boundingForTraverse: 1.399999976158142
bugMask: 0
cursorOffsetY: 0.5
instSizeCafe: -1
instSizeNx: 82152
rigidBodyCenterY: 0.6678299903869629
sortKey: -31
