aabbMax:
  X: 2.525170087814331
  Y: 2.494349956512451
  Z: 2.493530035018921
aabbMin:
  X: -2.596440076828003
  Y: -2.5208399295806885
  Z: -2.460200071334839
boundingForTraverse: 5.015190124511719
bugMask: 3
instSizeCafe: 46668
instSizeNx: 120312
rigidBodyCenterY: 0.05414300039410591
sortKey: -10
traverseDist: 500.0
