aabbMax:
  X: 0.2985840141773224
  Y: 0.2447510063648224
  Z: 0.11614999920129776
aabbMin:
  X: -0.2985840141773224
  Y: 0.00014800000644754618
  Z: -0.18481400609016418
boundingForTraverse: 0.2446029931306839
bugMask: 1
cursorOffsetY: 0.20000000298023224
instSizeCafe: -1
instSizeNx: 133648
sortKey: -1
