aabbMax:
  X: 1.7724599838256836
  Y: 1.8349599838256836
  Z: 0.5512700080871582
aabbMin:
  X: -1.7724599838256836
  Y: 0.0
  Z: -0.4451889991760254
boundingForTraverse: 1.8349599838256836
bugMask: 1
cursorOffsetY: 0.5
instSizeCafe: -1
instSizeNx: 158848
sortKey: 0
