aabbMax:
  X: 0.2985840141773224
  Y: 0.2447499930858612
  Z: 0.11614900082349777
aabbMin:
  X: -0.2985840141773224
  Y: 0.00015199999324977398
  Z: -0.1848040074110031
boundingForTraverse: 0.24459800124168396
bugMask: 1
cursorOffsetY: 0.20000000298023224
instSizeCafe: 48380
instSizeNx: -1
sortKey: -1
