aabbMax:
  X: 1.7722400426864624
  Y: 1.8347599506378174
  Z: 0.5511040091514587
aabbMin:
  X: -1.7722400426864624
  Y: 8.600000001024455e-05
  Z: -0.44516101479530334
boundingForTraverse: 1.8346740007400513
bugMask: 1
cursorOffsetY: 0.5
instSizeCafe: 63476
instSizeNx: -1
sortKey: 0
