aabbMax:
  X: 0.16674800217151642
  Y: 0.3798829913139343
  Z: 0.25195300579071045
aabbMin:
  X: -0.1715089976787567
  Y: -0.00088900001719594
  Z: -1.094730019569397
boundingForTraverse: 0.3807719945907593
bugMask: 1
cursorOffsetY: 0.30000001192092896
instSizeCafe: 44872
instSizeNx: 117040
sortKey: 0
