aabbMax:
  X: 0.16674800217151642
  Y: 0.3798829913139343
  Z: 0.251910001039505
aabbMin:
  X: -0.1715089976787567
  Y: -0.000846999988425523
  Z: -1.094730019569397
boundingForTraverse: 0.380730003118515
bugMask: 1
cursorOffsetY: 0.30000001192092896
instSizeCafe: 44868
instSizeNx: -1
sortKey: 0
