aabbMax:
  X: 10.656200408935547
  Y: 7.630859851837158
  Z: 9.530750274658203
aabbMin:
  X: -10.656299591064453
  Y: 0.8559569716453552
  Z: -9.530750274658203
boundingForTraverse: 6.774902820587158
bugMask: 1
cursorOffsetY: 0.5
instSizeCafe: 84932
instSizeNx: -1
sortKey: 0
