aabbMax:
  X: 3.1368799209594727
  Y: 1.375939965248108
  Z: 0.6240059733390808
aabbMin:
  X: -3.1368799209594727
  Y: -0.286547988653183
  Z: -1.615630030632019
boundingForTraverse: 1.6624879837036133
bugMask: 1
cursorOffsetY: 0.5
instSizeCafe: -1
instSizeNx: 129272
sortKey: -3
