aabbMax:
  X: 3.2338500022888184
  Y: 0.24605800211429596
  Z: 1.6506999731063843
aabbMin:
  X: -2.0338399410247803
  Y: -0.06770899891853333
  Z: -2.300220012664795
boundingForTraverse: 0.3137669861316681
bugMask: 1
cursorOffsetY: 0.5
instSizeCafe: 34936
instSizeNx: -1
sortKey: -8
