aabbMax:
  X: 18.7096004486084
  Y: 22.228700637817383
  Z: 18.370399475097656
aabbMin:
  X: -13.350099563598633
  Y: -2.752840042114258
  Z: -9.590929985046387
boundingForTraverse: 24.98154067993164
bugMask: 1
instSizeCafe: 122624
instSizeNx: 293304
sortKey: -14
