aabbMax:
  X: 18.623699188232422
  Y: 17.09320068359375
  Z: 17.115400314331055
aabbMin:
  X: -20.766700744628906
  Y: -1.7004799842834473
  Z: -23.545499801635742
boundingForTraverse: 18.79368019104004
bugMask: 1
cursorOffsetY: 0.5
instSizeCafe: 36668
instSizeNx: -1
sortKey: 6933
terrainTextures:
- !u 0xffffff08
