aabbMax:
  X: 2.2655301094055176
  Y: 5.460219860076904
  Z: 2.1564600467681885
aabbMin:
  X: -2.558079957962036
  Y: -1.7000000476837158
  Z: -2.253570079803467
boundingForTraverse: 7.160220146179199
bugMask: 1
cursorOffsetY: 0.5
instSizeCafe: 55936
instSizeNx: -1
sortKey: -5
