aabbMax:
  X: 43.55939865112305
  Y: 33.85380172729492
  Z: 42.305599212646484
aabbMin:
  X: -43.07500076293945
  Y: -6.8066301345825195
  Z: -67.89420318603516
boundingForTraverse: 40.660430908203125
bugMask: 1
cursorOffsetY: 0.5
instSizeCafe: -1
instSizeNx: 2805424
sortKey: -2
