aabbMax:
  X: 0.8450379967689514
  Y: 0.2418529987335205
  Z: 1.574779987335205
aabbMin:
  X: -0.4370729923248291
  Y: -0.2418529987335205
  Z: -0.4165880084037781
boundingForTraverse: 0.483705997467041
bugMask: 1
cursorOffsetY: 0.5
instSizeCafe: 32760
instSizeNx: -1
sortKey: -2
