aabbMax:
  X: 0.3068940043449402
  Y: 1.843209981918335
  Z: 0.1827010065317154
aabbMin:
  X: -0.2892729938030243
  Y: 0.0010000000474974513
  Z: -0.43957599997520447
boundingForTraverse: 1.842210054397583
bugMask: 3
instSizeCafe: -1
instSizeNx: 779512
sortKey: 0
