aabbMax:
  X: 3.117189884185791
  Y: 3.2792999744415283
  Z: 1.03125
aabbMin:
  X: -3.117189884185791
  Y: -0.000615999975707382
  Z: -1.1230499744415283
boundingForTraverse: 3.2799160480499268
bugMask: 3
cursorOffsetY: 0.5
instSizeCafe: 193964
instSizeNx: 371176
sortKey: -15
