aabbMax:
  X: 0.07603099942207336
  Y: 2.2544100284576416
  Z: -0.017836999148130417
aabbMin:
  X: -0.060398999601602554
  Y: 1.9237300157546997
  Z: -0.21363000571727753
boundingForTraverse: 0.3306800127029419
bugMask: 3
cursorOffsetY: 0.30000001192092896
instSizeCafe: 31492
instSizeNx: 93560
sortKey: -17
