aabbMax:
  X: 1.788540005683899
  Y: 3.2215099334716797
  Z: 1.1321099996566772
aabbMin:
  X: -1.77892005443573
  Y: 0.0008629999938420951
  Z: -1.0534600019454956
boundingForTraverse: 3.220647096633911
bugMask: 3
cursorOffsetY: 0.5
instSizeCafe: 398192
instSizeNx: -1
sortKey: -14
