aabbMax:
  X: 0.2668190002441406
  Y: 1.5750399827957153
  Z: 0.21114499866962433
aabbMin:
  X: -0.27119600772857666
  Y: 6.500000017695129e-05
  Z: -0.4220989942550659
boundingForTraverse: 1.5749750137329102
bugMask: 3
cursorOffsetY: 0.5
instSizeCafe: 356716
instSizeNx: -1
sortKey: -16
