aabbMax:
  X: 0.07601399719715118
  Y: 2.2543399333953857
  Z: -0.017836999148130417
aabbMin:
  X: -0.060384999960660934
  Y: 1.9237600564956665
  Z: -0.21359600126743317
boundingForTraverse: 0.3305799961090088
bugMask: 3
cursorOffsetY: 0.30000001192092896
instSizeCafe: 31480
instSizeNx: -1
sortKey: -17
