aabbMax:
  X: 1.3808599710464478
  Y: 2.2929699420928955
  Z: 0.4721679985523224
aabbMin:
  X: -1.3808599710464478
  Y: -0.0046430001966655254
  Z: -0.6855469942092896
boundingForTraverse: 2.297611951828003
bugMask: 3
cursorOffsetY: 0.5
instSizeCafe: 140056
instSizeNx: 251496
sortKey: -19
