aabbMax:
  X: 1.0263700485229492
  Y: 2.2851500511169434
  Z: 0.22045199573040009
aabbMin:
  X: -1.0263700485229492
  Y: 6.399999983841553e-05
  Z: -0.5453490018844604
boundingForTraverse: 2.285085916519165
bugMask: 3
cursorOffsetY: 0.5
instSizeCafe: 261084
instSizeNx: -1
sortKey: -12
