aabbMax:
  X: 3.117189884185791
  Y: 3.2792699337005615
  Z: 1.03125
aabbMin:
  X: -3.117189884185791
  Y: -0.0005750000127591193
  Z: -1.123039960861206
boundingForTraverse: 3.2798449993133545
bugMask: 3
cursorOffsetY: 0.5
instSizeCafe: 193944
instSizeNx: -1
sortKey: -15
