aabbMax:
  X: 0.873740017414093
  Y: 2.7762699127197266
  Z: 0.5041069984436035
aabbMin:
  X: -0.873740017414093
  Y: -1.700000029813964e-05
  Z: -0.6305779814720154
boundingForTraverse: 2.776287078857422
bugMask: 3
cursorOffsetY: 0.44999998807907104
instSizeCafe: 396588
instSizeNx: 652536
sortKey: -19
