aabbMax:
  X: 0.8110349774360657
  Y: 1.5810500383377075
  Z: 0.22204600274562836
aabbMin:
  X: -0.8110349774360657
  Y: 2.8000000384054147e-05
  Z: -0.3635070025920868
boundingForTraverse: 1.581022024154663
bugMask: 3
cursorOffsetY: 0.5
instSizeCafe: 200996
instSizeNx: -1
sortKey: -17
