aabbMax:
  X: 0.8736330270767212
  Y: 2.776170015335083
  Z: 0.5041069984436035
aabbMin:
  X: -0.8736330270767212
  Y: 0.00016700000560376793
  Z: -0.6304829716682434
boundingForTraverse: 2.776002883911133
bugMask: 3
cursorOffsetY: 0.44999998807907104
instSizeCafe: 396524
instSizeNx: -1
sortKey: -19
