aabbMax:
  X: 0.4398989975452423
  Y: 2.287100076675415
  Z: 0.4763990044593811
aabbMin:
  X: -0.501442015171051
  Y: -0.005872000008821487
  Z: -0.6822630167007446
boundingForTraverse: 2.2929720878601074
bugMask: 3
cursorOffsetY: 0.5
instSizeCafe: 316332
instSizeNx: -1
sortKey: -18
