aabbMax:
  X: 0.2669300138950348
  Y: 1.575279951095581
  Z: 0.2111700028181076
aabbMin:
  X: -0.2713089883327484
  Y: -2.8000000384054147e-05
  Z: -0.42230701446533203
boundingForTraverse: 1.5753079652786255
bugMask: 3
cursorOffsetY: 0.5
instSizeCafe: -1
instSizeNx: 578808
sortKey: -16
