aabbMax:
  X: 0.30676400661468506
  Y: 1.8429800271987915
  Z: 0.18268300592899323
aabbMin:
  X: -0.28915101289749146
  Y: 0.0011490000179037452
  Z: -0.43937399983406067
boundingForTraverse: 1.8418309688568115
bugMask: 3
instSizeCafe: 440044
instSizeNx: -1
sortKey: 0
