aabbMax:
  X: 0.44004499912261963
  Y: 2.287489891052246
  Z: 0.47655901312828064
aabbMin:
  X: -0.5015829801559448
  Y: -0.005960999988019466
  Z: -0.6823030114173889
boundingForTraverse: 2.2934510707855225
bugMask: 3
cursorOffsetY: 0.5
instSizeCafe: 316332
instSizeNx: 517368
sortKey: -18
