aabbMax:
  X: 1.0263700485229492
  Y: 2.2851600646972656
  Z: 0.2204589992761612
aabbMin:
  X: -1.0263700485229492
  Y: 0.0
  Z: -0.5454099774360657
boundingForTraverse: 2.2851600646972656
bugMask: 3
cursorOffsetY: 0.5
instSizeCafe: 261084
instSizeNx: 513336
sortKey: -12
