aabbMax:
  X: 1.3808599710464478
  Y: 2.2929399013519287
  Z: 0.4720990061759949
aabbMin:
  X: -1.3808599710464478
  Y: -0.004604999907314777
  Z: -0.6855069994926453
boundingForTraverse: 2.2975449562072754
bugMask: 3
cursorOffsetY: 0.5
instSizeCafe: 140056
instSizeNx: -1
sortKey: -19
