aabbMax:
  X: 1.7889000177383423
  Y: 3.2220399379730225
  Z: 1.1323000192642212
aabbMin:
  X: -1.779289960861206
  Y: 0.000645000021904707
  Z: -1.0536600351333618
boundingForTraverse: 3.2213950157165527
bugMask: 3
cursorOffsetY: 0.5
instSizeCafe: 396780
instSizeNx: 660728
sortKey: -14
