aabbMax:
  X: 0.34558001160621643
  Y: 2.289669990539551
  Z: 0.23605500161647797
aabbMin:
  X: -0.39236998558044434
  Y: -0.0007719999994151294
  Z: -0.631987988948822
boundingForTraverse: 2.2904419898986816
bugMask: 3
cursorOffsetY: 0.5
instSizeCafe: 410540
instSizeNx: -1
sortKey: -11
