aabbMax:
  X: 0.3456929922103882
  Y: 2.289910078048706
  Z: 0.23608900606632233
aabbMin:
  X: -0.39246800541877747
  Y: -0.0010369999799877405
  Z: -0.6322910189628601
boundingForTraverse: 2.2909469604492188
bugMask: 3
cursorOffsetY: 0.5
instSizeCafe: -1
instSizeNx: 668920
sortKey: -11
