aabbMax:
  X: 0.8110349774360657
  Y: 1.5810500383377075
  Z: 0.22204600274562836
aabbMin:
  X: -0.8110349774360657
  Y: 0.0
  Z: -0.36352500319480896
boundingForTraverse: 1.5810500383377075
bugMask: 3
cursorOffsetY: 0.5
instSizeCafe: -1
instSizeNx: 376792
sortKey: -17
