aabbMax:
  X: 0.4741100072860718
  Y: 1.9473799467086792
  Z: 0.4041909873485565
aabbMin:
  X: -0.505499005317688
  Y: -0.004757000133395195
  Z: -0.26136499643325806
boundingForTraverse: 1.9521369934082031
bugMask: 1
cursorOffsetY: 0.30000001192092896
instSizeCafe: 455760
instSizeNx: 847904
sortKey: 0
