aabbMax:
  X: 1.0048799514770508
  Y: 0.7143549919128418
  Z: 0.5522459745407104
aabbMin:
  X: -1.0048799514770508
  Y: -0.03207400068640709
  Z: -0.6528319716453552
boundingForTraverse: 0.7464290261268616
bugMask: 1
instSizeCafe: 26540
instSizeNx: -1
sortKey: 0
