aabbMax:
  X: 0.668425977230072
  Y: 1.3600000143051147
  Z: 0.6616140007972717
aabbMin:
  X: -0.668425977230072
  Y: 0.0
  Z: -0.6616140007972717
boundingForTraverse: 1.3600000143051147
bugMask: 3
instSizeCafe: -1
instSizeNx: 145528
rigidBodyCenterY: 0.6800000071525574
sortKey: 0
traverseDist: 2000.0
