aabbMax:
  X: 1.649999976158142
  Y: 4.480100154876709
  Z: 1.6214300394058228
aabbMin:
  X: -1.649999976158142
  Y: 0.0
  Z: -1.6214300394058228
boundingForTraverse: 4.480100154876709
bugMask: 2
instSizeCafe: -1
instSizeNx: 142760
rigidBodyCenterY: 1.351349949836731
sortKey: -20
