aabbMax:
  X: 0.054326001554727554
  Y: 0.10040999948978424
  Z: 1.0615099668502808
aabbMin:
  X: -0.027852000668644905
  Y: -0.10040999948978424
  Z: -0.08547800034284592
boundingForTraverse: 0.20081999897956848
bugMask: 3
cursorOffsetY: 0.20000000298023224
homeArea:
- name: LanayruWaterSources
- name: CentralHyrule
- name: GerudoDesert
instSizeCafe: 63580
instSizeNx: -1
sortKey: 14603
