aabbMax:
  X: 1.5125000476837158
  Y: 1.321370005607605
  Z: 0.9119240045547485
aabbMin:
  X: -0.9958360195159912
  Y: -0.09391800314188004
  Z: -0.4073939919471741
boundingForTraverse: 1.415287971496582
bugMask: 3
cursorOffsetY: 1.0
homeArea:
- name: CentralHyrule
- name: EldinCanyon
- name: TabantaFrontier
instSizeCafe: 139768
instSizeNx: -1
rigidBodyCenterY: 0.699999988079071
sortKey: 1203
terrainTextures:
- !u 0xffffff04
