aabbMax:
  X: 9.726119995117188
  Y: 7.655849933624268
  Z: 7.958970069885254
aabbMin:
  X: -4.550069808959961
  Y: 0.09627299755811691
  Z: -8.998769760131836
boundingForTraverse: 7.559576988220215
bugMask: 3
instSizeCafe: 346380
instSizeNx: -1
rigidBodyCenterY: 1.25
sortKey: -1
traverseDist: 300.0
