aabbMax:
  X: 6.139400005340576
  Y: 11.468199729919434
  Z: 6.269130229949951
aabbMin:
  X: -6.175839900970459
  Y: -0.08800499886274338
  Z: -2.4399900436401367
boundingForTraverse: 11.556204795837402
bugMask: 3
cursorOffsetY: 2.25
homeArea:
- name: EastHateru
- name: CentralHyrule
- name: EldinCanyon
instSizeCafe: -1
instSizeNx: 758320
sortKey: 1302
traverseDist: 150.0
