aabbMax:
  X: 0.41690799593925476
  Y: 0.3088670074939728
  Z: 0.2935140132904053
aabbMin:
  X: -0.41690999269485474
  Y: -0.2553650140762329
  Z: -0.20630699396133423
boundingForTraverse: 0.5642319917678833
bugMask: 3
cursorOffsetY: 0.6499999761581421
instSizeCafe: 171028
instSizeNx: -1
sortKey: 10202
traverseDist: 150.0
