aabbMax:
  X: 0.9882649779319763
  Y: 2.2564098834991455
  Z: 1.0917999744415283
aabbMin:
  X: -1.010349988937378
  Y: -0.012227999977767467
  Z: -0.38389500975608826
boundingForTraverse: 2.2686378955841064
bugMask: 3
cursorOffsetY: 0.6000000238418579
instSizeCafe: 463972
instSizeNx: -1
sortKey: 505
traverseDist: 150.0
