aabbMax:
  X: 1.6756900548934937
  Y: 0.7599629759788513
  Z: 1.2296099662780762
aabbMin:
  X: -0.446384996175766
  Y: -0.7599639892578125
  Z: -1.2296099662780762
boundingForTraverse: 1.5199270248413086
bugMask: 3
cursorOffsetY: 0.5
instSizeCafe: -1
instSizeNx: 94512
sortKey: 101300
