aabbMax:
  X: 48.18239974975586
  Y: 80.05660247802734
  Z: 90.93669891357422
aabbMin:
  X: -47.57429885864258
  Y: -0.9005119800567627
  Z: -76.64679718017578
boundingForTraverse: 80.95711517333984
bugMask: 3
homeArea:
- name: CentralHyrule
- name: ''
- name: ''
instSizeCafe: 627220
instSizeNx: -1
sortKey: 1900
traverseDist: 2000.0
