aabbMax:
  X: 1.0707600116729736
  Y: 1.3552000522613525
  Z: 1.1240899562835693
aabbMin:
  X: -1.0648499727249146
  Y: -0.7122610211372375
  Z: -1.1226199865341187
boundingForTraverse: 2.0674610137939453
bugMask: 3
cursorOffsetY: 1.2000000476837158
instSizeCafe: 195448
instSizeNx: 331936
sortKey: 10101
