aabbMax:
  X: 10.083900451660156
  Y: 8.807060241699219
  Z: 6.081079959869385
aabbMin:
  X: -6.640580177307129
  Y: -0.6261929869651794
  Z: -2.7166500091552734
boundingForTraverse: 9.433253288269043
bugMask: 3
homeArea:
- name: GerudoHighlands
- name: CentralHyrule
- name: LanayruWaterSources
instSizeCafe: -1
instSizeNx: 443144
lookAtOffsetY: 6.5
rigidBodyCenterY: -0.1562899947166443
sortKey: 1197
terrainTextures:
- !u 0xffffff04
