aabbMax:
  X: 1.101330041885376
  Y: 0.39341500401496887
  Z: 0.405815988779068
aabbMin:
  X: -0.7255470156669617
  Y: -0.3771420121192932
  Z: -0.39491501450538635
boundingForTraverse: 0.7705569863319397
bugMask: 3
cursorOffsetY: 0.5
instSizeCafe: -1
instSizeNx: 140688
sortKey: -1
traverseDist: 500.0
