aabbMax:
  X: 14.054800033569336
  Y: 25.95240020751953
  Z: 15.752400398254395
aabbMin:
  X: -13.005000114440918
  Y: -6.858419895172119
  Z: -31.456199645996094
boundingForTraverse: 32.810821533203125
bugMask: 3
cursorOffsetY: 0.5
homeArea:
- name: TabantaFrontier
- name: CentralHyrule
- name: EldinMountains
instSizeCafe: 919740
instSizeNx: -1
rigidBodyCenterY: -2.0
sortKey: 1501
traverseDist: 500.0
