aabbMax:
  X: 0.919293999671936
  Y: 2.196239948272705
  Z: 2.804579973220825
aabbMin:
  X: -1.490280032157898
  Y: -0.4210149943828583
  Z: -0.4297339916229248
boundingForTraverse: 2.6172549724578857
bugMask: 3
cursorOffsetY: 0.5
homeArea:
- name: CentralHyrule
- name: GerudoDesert
- name: ''
instSizeCafe: 347236
instSizeNx: -1
rigidBodyCenterY: 0.8999999761581421
sortKey: 1700
traverseDist: 99999.0
