aabbMax:
  X: 6.27092981338501
  Y: 11.290399551391602
  Z: 6.1298298835754395
aabbMin:
  X: -6.047140121459961
  Y: -0.10798899829387665
  Z: -1.9076499938964844
boundingForTraverse: 11.398388862609863
bugMask: 3
cursorOffsetY: 2.0
homeArea:
- name: CentralHyrule
- name: WestHateru
- name: TamulPlateau
instSizeCafe: 463840
instSizeNx: -1
rigidBodyCenterY: -1.5
sortKey: 1303
traverseDist: 150.0
