aabbMax:
  X: 3.139940023422241
  Y: 12.122200012207031
  Z: 7.781310081481934
aabbMin:
  X: -8.691550254821777
  Y: 0.4115149974822998
  Z: -2.700540065765381
boundingForTraverse: 11.710684776306152
bugMask: 3
cursorOffsetY: 2.0
instSizeCafe: 365136
instSizeNx: 558336
rigidBodyCenterY: 0.10000000149011612
sortKey: -1
traverseDist: 300.0
