aabbMax:
  X: 0.23527799546718597
  Y: 0.26472699642181396
  Z: 0.2021470069885254
aabbMin:
  X: -0.25393199920654297
  Y: -0.12657299637794495
  Z: -0.22581200301647186
baseScaleX: 1.5
baseScaleY: 1.5
baseScaleZ: 1.5
boundingForTraverse: 0.3912999927997589
bugMask: 3
cursorOffsetY: 1.0
instSizeCafe: 580716
instSizeNx: 1306832
sortKey: 2000
traverseDist: 100.0
