aabbMax:
  X: 9.726119995117188
  Y: 7.655849933624268
  Z: 7.958970069885254
aabbMin:
  X: -4.550069808959961
  Y: 0.09627299755811691
  Z: -8.998769760131836
boundingForTraverse: 7.559576988220215
bugMask: 3
homeArea:
- name: CentralHyrule
- name: LanayruWaterSources
- name: ''
instSizeCafe: 345800
instSizeNx: -1
rigidBodyCenterY: 1.25
sortKey: 1702
traverseDist: 99999.0
