aabbMax:
  X: 7.735169887542725
  Y: 0.9752249717712402
  Z: 1.915060043334961
aabbMin:
  X: -0.563319981098175
  Y: -1.090440034866333
  Z: -1.1558500528335571
boundingForTraverse: 2.0656650066375732
bugMask: 3
cursorOffsetY: 0.5
instSizeCafe: 33940
instSizeNx: -1
sortKey: 101302
