aabbMax:
  X: 1.6056499481201172
  Y: 2.0313398838043213
  Z: 1.6770999431610107
aabbMin:
  X: -1.5972800254821777
  Y: -1.0681500434875488
  Z: -1.6770999431610107
boundingForTraverse: 3.09948992729187
bugMask: 3
cursorOffsetY: 1.7999999523162842
instSizeCafe: -1
instSizeNx: 331928
sortKey: 10111
