aabbMax:
  X: 2.3730199337005615
  Y: 2.2038700580596924
  Z: 1.9651700258255005
aabbMin:
  X: -2.3730199337005615
  Y: -2.2038700580596924
  Z: -1.9651700258255005
boundingForTraverse: 4.407740116119385
bugMask: 3
instSizeCafe: 40176
instSizeNx: 108024
sortKey: -3
terrainTextures:
- !u 0xffffff32
