aabbMax:
  X: 0.5603309869766235
  Y: 0.7200509905815125
  Z: 0.6043040156364441
aabbMin:
  X: -0.5603309869766235
  Y: -0.373852014541626
  Z: -0.5937219858169556
boundingForTraverse: 1.0939029455184937
bugMask: 3
cursorOffsetY: 0.8999999761581421
homeArea:
- name: EldinCanyon
- name: EldinMountains
- name: HateruSea
instSizeCafe: 196420
instSizeNx: -1
sortKey: 101
