aabbMax:
  X: 2.292249917984009
  Y: 1.6197799444198608
  Z: 1.928670048713684
aabbMin:
  X: -3.878999948501587
  Y: -1.126479983329773
  Z: -0.4396969974040985
boundingForTraverse: 2.746259927749634
bugMask: 3
cursorOffsetY: 0.5
instSizeCafe: 163828
instSizeNx: -1
sortKey: -1
traverseDist: 100000.0
