aabbMax:
  X: 0.3521449863910675
  Y: 2.7952399253845215
  Z: 0.3898850083351135
aabbMin:
  X: -0.4398080110549927
  Y: -0.002845000009983778
  Z: -0.5212730169296265
boundingForTraverse: 2.7980849742889404
bugMask: 3
cursorOffsetY: 0.8999999761581421
instSizeCafe: 253100
instSizeNx: 393280
sortKey: 101101
traverseDist: 150.0
