aabbMax:
  X: 1.261299967765808
  Y: 2.8165199756622314
  Z: 1.269819974899292
aabbMin:
  X: -1.2114100456237793
  Y: -1.552780032157898
  Z: -1.1325299739837646
boundingForTraverse: 4.36929988861084
bugMask: 3
cursorOffsetY: 3.0
instSizeCafe: 117164
instSizeNx: -1
rigidBodyCenterY: 1.666890025138855
sortKey: 305
traverseDist: 150.0
