aabbMax:
  X: 0.42822301387786865
  Y: 0.9469730257987976
  Z: 0.4325680136680603
aabbMin:
  X: -0.42822301387786865
  Y: -0.012500000186264515
  Z: -0.45830100774765015
boundingForTraverse: 0.9594730138778687
bugMask: 3
cursorOffsetY: 0.5
instSizeCafe: 55884
instSizeNx: -1
rigidBodyCenterY: 0.10000000149011612
sortKey: -19
