aabbMax:
  X: 1.2616000175476074
  Y: 2.8174800872802734
  Z: 1.2702399492263794
aabbMin:
  X: -1.2116899490356445
  Y: -1.5531799793243408
  Z: -1.132830023765564
boundingForTraverse: 4.370659828186035
bugMask: 3
cursorOffsetY: 3.0
instSizeCafe: 117188
instSizeNx: 238416
rigidBodyCenterY: 1.666890025138855
sortKey: 305
traverseDist: 150.0
