aabbMax:
  X: 9.731679916381836
  Y: 7.658199787139893
  Z: 7.964330196380615
aabbMin:
  X: -4.552619934082031
  Y: 0.09595099836587906
  Z: -9.005789756774902
boundingForTraverse: 7.562249183654785
bugMask: 3
instSizeCafe: -1
instSizeNx: 585760
rigidBodyCenterY: 1.25
sortKey: -1
traverseDist: 300.0
