aabbMax:
  X: 5.746860027313232
  Y: 7.988609790802002
  Z: 2.8650999069213867
aabbMin:
  X: -9.379650115966797
  Y: -0.4279569983482361
  Z: -4.039700031280518
boundingForTraverse: 8.416566848754883
bugMask: 3
cursorOffsetY: 1.5
instSizeCafe: 357172
instSizeNx: -1
lookAtOffsetY: 1.0
rigidBodyCenterY: 3.5
sortKey: -1
traverseDist: 300.0
