aabbMax:
  X: 3.5117199420928955
  Y: 6.632410049438477
  Z: 3.6679699420928955
aabbMin:
  X: -3.634769916534424
  Y: -0.1366340070962906
  Z: -3.7070300579071045
boundingForTraverse: 6.769043922424316
bugMask: 3
cursorOffsetY: 3.0
homeArea:
- name: CentralHyrule
- name: TamulSea
- name: GerudoHighlands
instSizeCafe: -1
instSizeNx: 205696
rigidBodyCenterY: 1.0
sortKey: 886
traverseDist: 200.0
