aabbMax:
  X: 2.0624899864196777
  Y: 4.439219951629639
  Z: 3.8224899768829346
aabbMin:
  X: -2.125920057296753
  Y: -0.03470800071954727
  Z: -1.0935699939727783
boundingForTraverse: 4.473927974700928
bugMask: 3
cursorOffsetY: 0.75
homeArea:
- name: CentralHyrule
- name: EldinCanyon
- name: HeburaMountains
instSizeCafe: 418900
instSizeNx: -1
sortKey: 602
traverseDist: 150.0
