aabbMax:
  X: 3.450309991836548
  Y: 5.402400016784668
  Z: 2.470180034637451
aabbMin:
  X: -3.3529300689697266
  Y: -0.00469700014218688
  Z: -3.086400032043457
boundingForTraverse: 5.407096862792969
bugMask: 3
cursorOffsetY: 1.149999976158142
instSizeCafe: 469092
instSizeNx: 718480
rigidBodyCenterY: 1.0
sortKey: 804
traverseDist: 300.0
