aabbMax:
  X: 0.9586099982261658
  Y: 2.867140054702759
  Z: 2.732609987258911
aabbMin:
  X: -1.1511199474334717
  Y: -0.00801900029182434
  Z: -1.5556999444961548
boundingForTraverse: 2.8751590251922607
bugMask: 3
cursorOffsetY: 1.0
homeArea:
- name: GerudoDesert
- name: HyruleHill
- name: TabantaFrontier
instSizeCafe: 477476
instSizeNx: -1
sortKey: 701
traverseDist: 150.0
