aabbMax:
  X: 1.5491199493408203
  Y: 1.6727800369262695
  Z: 1.5824999809265137
aabbMin:
  X: -1.5491199493408203
  Y: -1.6727800369262695
  Z: -1.5824999809265137
boundingForTraverse: 3.345560073852539
bugMask: 3
instSizeCafe: -1
instSizeNx: 101664
sortKey: -1
terrainTextures:
- !u 0xffffff04
