aabbMax:
  X: 6.272830009460449
  Y: 11.29170036315918
  Z: 6.131149768829346
aabbMin:
  X: -6.04856014251709
  Y: -0.1088860034942627
  Z: -1.9081000089645386
boundingForTraverse: 11.400586128234863
bugMask: 3
cursorOffsetY: 2.0
homeArea:
- name: CentralHyrule
- name: WestHateru
- name: TamulPlateau
instSizeCafe: -1
instSizeNx: 749040
rigidBodyCenterY: -1.5
sortKey: 1303
traverseDist: 150.0
