aabbMax:
  X: 0.9588639736175537
  Y: 2.8673601150512695
  Z: 2.7333900928497314
aabbMin:
  X: -1.151419997215271
  Y: -0.008297000080347061
  Z: -1.5560599565505981
boundingForTraverse: 2.875657081604004
bugMask: 3
cursorOffsetY: 1.0
homeArea:
- name: GerudoDesert
- name: HyruleHill
- name: TabantaFrontier
instSizeCafe: -1
instSizeNx: 765608
sortKey: 701
traverseDist: 150.0
