aabbMax:
  X: 2.076620101928711
  Y: 4.308330059051514
  Z: 3.820930004119873
aabbMin:
  X: -2.124569892883301
  Y: -0.0066650002263486385
  Z: -1.0413600206375122
boundingForTraverse: 4.314995765686035
bugMask: 3
cursorOffsetY: 0.75
homeArea:
- name: HyruleForest
- name: GerudoHighlands
- name: EldinMountains
instSizeCafe: 405076
instSizeNx: -1
sortKey: 606
traverseDist: 150.0
