aabbMax:
  X: 5.322840213775635
  Y: 7.853579998016357
  Z: 7.786459922790527
aabbMin:
  X: -8.543780326843262
  Y: -4.032080173492432
  Z: -23.21980094909668
boundingForTraverse: 11.885660171508789
bugMask: 3
homeArea:
- name: GerudoDesert
- name: ''
- name: ''
instSizeCafe: 202188
instSizeNx: 338560
rigidBodyCenterY: -0.25
sortKey: 1400
