aabbMax:
  X: 0.9197059869766235
  Y: 2.196549892425537
  Z: 2.8057000637054443
aabbMin:
  X: -1.4908299446105957
  Y: -0.4217210114002228
  Z: -0.4297659993171692
boundingForTraverse: 2.6182711124420166
bugMask: 3
cursorOffsetY: 0.5
instSizeCafe: -1
instSizeNx: 588432
rigidBodyCenterY: 0.8999999761581421
sortKey: -1
traverseDist: 300.0
