aabbMax:
  X: 7.737539768218994
  Y: 0.9755889773368835
  Z: 1.9161499738693237
aabbMin:
  X: -0.5634229779243469
  Y: -1.0908299684524536
  Z: -1.1561599969863892
boundingForTraverse: 2.0664188861846924
bugMask: 3
cursorOffsetY: 0.5
instSizeCafe: -1
instSizeNx: 94528
sortKey: 101302
