aabbMax:
  X: 0.35196301341056824
  Y: 2.794830083847046
  Z: 0.3897300064563751
aabbMin:
  X: -0.43970200419425964
  Y: -0.0025599999353289604
  Z: -0.5211809873580933
boundingForTraverse: 2.7973899841308594
bugMask: 3
cursorOffsetY: 0.8999999761581421
instSizeCafe: 253052
instSizeNx: -1
sortKey: 101101
traverseDist: 150.0
