aabbMax:
  X: 0.688389003276825
  Y: 3.790450096130371
  Z: 1.019320011138916
aabbMin:
  X: -0.7861689925193787
  Y: -0.004846000112593174
  Z: -1.1043699979782104
boundingForTraverse: 3.7952959537506104
bugMask: 3
cursorOffsetY: 1.149999976158142
instSizeCafe: -1
instSizeNx: 446560
sortKey: 101100
traverseDist: 150.0
