aabbMax:
  X: 0.9882649779319763
  Y: 2.2465500831604004
  Z: 1.0917999744415283
aabbMin:
  X: -1.010349988937378
  Y: -0.012227999977767467
  Z: -0.38389500975608826
boundingForTraverse: 2.2587780952453613
bugMask: 3
cursorOffsetY: 0.6000000238418579
instSizeCafe: 464228
instSizeNx: -1
sortKey: 10503
traverseDist: 150.0
