aabbMax:
  X: 1.591439962387085
  Y: 3.0285398960113525
  Z: 1.1235400438308716
aabbMin:
  X: -1.5912200212478638
  Y: 0.0008950000046752393
  Z: -1.813889980316162
boundingForTraverse: 3.0276451110839844
bugMask: 3
cursorOffsetY: 1.2699999809265137
instSizeCafe: 369268
instSizeNx: -1
sortKey: 101003
traverseDist: 150.0
