aabbMax:
  X: 10.101799964904785
  Y: 10.267499923706055
  Z: 16.92930030822754
aabbMin:
  X: -12.47599983215332
  Y: -2.157480001449585
  Z: -7.504059791564941
boundingForTraverse: 12.424980163574219
bugMask: 3
homeArea:
- name: CentralHyrule
- name: ''
- name: ''
instSizeCafe: 499324
instSizeNx: -1
rigidBodyCenterY: 2.0
sortKey: 1800
traverseDist: 150.0
