aabbMax:
  X: 1.101330041885376
  Y: 0.3933990001678467
  Z: 0.4058069884777069
aabbMin:
  X: -0.7255470156669617
  Y: -0.3771420121192932
  Z: -0.39490699768066406
boundingForTraverse: 0.7705410122871399
bugMask: 3
cursorOffsetY: 0.5
instSizeCafe: 60988
instSizeNx: -1
sortKey: -1
traverseDist: 500.0
