aabbMax:
  X: 1.5127400159835815
  Y: 1.321429967880249
  Z: 0.9119939804077148
aabbMin:
  X: -0.9960100054740906
  Y: -0.09406399726867676
  Z: -0.40743398666381836
boundingForTraverse: 1.4154939651489258
bugMask: 3
cursorOffsetY: 1.0
homeArea:
- name: CentralHyrule
- name: EldinCanyon
- name: TabantaFrontier
instSizeCafe: -1
instSizeNx: 260504
rigidBodyCenterY: 0.699999988079071
sortKey: 1203
terrainTextures:
- !u 0xffffff04
