aabbMax:
  X: 1.0381799936294556
  Y: 2.5520100593566895
  Z: 1.0100200176239014
aabbMin:
  X: -0.8860669732093811
  Y: -0.25604501366615295
  Z: -0.9352390170097351
boundingForTraverse: 2.8080549240112305
bugMask: 3
cursorOffsetY: 1.5
farModelCulling:
  center:
    X: 0.0
    Y: 1.2999999523162842
    Z: 0.0
  height: 1.2999999523162842
  radius: 1.2000000476837158
instSizeCafe: 46920
instSizeNx: 122968
rigidBodyCenterY: 0.800000011920929
sortKey: -1
