aabbMax:
  X: 1.2568399906158447
  Y: 0.30322301387786865
  Z: 0.8149420022964478
aabbMin:
  X: -1.2568399906158447
  Y: -0.2507320046424866
  Z: -0.21130399405956268
boundingForTraverse: 0.5539550185203552
bugMask: 3
cursorOffsetY: 0.6499999761581421
instSizeCafe: 1844364
instSizeNx: 3833840
sortKey: 10206
