aabbMax:
  X: 0.23526300489902496
  Y: 0.264710009098053
  Z: 0.20213299989700317
aabbMin:
  X: -0.253915011882782
  Y: -0.12654800713062286
  Z: -0.22579599916934967
baseScaleX: 1.5
baseScaleY: 1.5
baseScaleZ: 1.5
boundingForTraverse: 0.39125800132751465
bugMask: 3
cursorOffsetY: 1.0
instSizeCafe: 589040
instSizeNx: -1
sortKey: 2000
traverseDist: 100.0
