aabbMax:
  X: 0.4169450104236603
  Y: 0.3088870048522949
  Z: 0.2935679852962494
aabbMin:
  X: -0.41694700717926025
  Y: -0.2553820013999939
  Z: -0.20632100105285645
boundingForTraverse: 0.5642690062522888
bugMask: 3
cursorOffsetY: 0.6499999761581421
homeArea:
- name: EldinCanyon
- name: EldinMountains
- name: TamulPlateau
instSizeCafe: -1
instSizeNx: 299968
sortKey: 201
