aabbMax:
  X: 0.4013670086860657
  Y: 1.0
  Z: 0.8710939884185791
aabbMin:
  X: -0.4023439884185791
  Y: 0.0014860000228509307
  Z: -0.6118159890174866
boundingForTraverse: 0.9985139966011047
bugMask: 3
cursorOffsetY: 1.0499999523162842
homeArea:
- name: CentralHyrule
- name: ''
- name: ''
instSizeCafe: 168340
instSizeNx: 291776
sortKey: 1602
traverseDist: 150.0
