aabbMax:
  X: 2.0599899291992188
  Y: 4.417679786682129
  Z: 3.8226099014282227
aabbMin:
  X: -2.1252100467681885
  Y: -0.021108999848365784
  Z: -1.0868200063705444
boundingForTraverse: 4.438788890838623
bugMask: 3
cursorOffsetY: 0.75
instSizeCafe: 417812
instSizeNx: 663280
sortKey: 608
traverseDist: 150.0
