aabbMax:
  X: 0.36195099353790283
  Y: 0.6764050126075745
  Z: 0.4513610005378723
aabbMin:
  X: -0.37893199920654297
  Y: -0.025623999536037445
  Z: -0.4185430109500885
boundingForTraverse: 0.7020289897918701
bugMask: 3
cursorOffsetY: 1.0
instSizeCafe: -1
instSizeNx: 291776
sortKey: 1600
traverseDist: 150.0
