aabbMax:
  X: 10.270899772644043
  Y: 8.806610107421875
  Z: 6.080619812011719
aabbMin:
  X: -6.672140121459961
  Y: -0.5054360032081604
  Z: -2.7163798809051514
boundingForTraverse: 9.31204605102539
bugMask: 3
homeArea:
- name: EldinCanyon
- name: ''
- name: ''
instSizeCafe: 304120
instSizeNx: -1
lookAtOffsetY: 6.5
rigidBodyCenterY: -0.1562899947166443
sortKey: 1201
terrainTextures:
- !u 0xffffff32
