aabbMax:
  X: 10.104999542236328
  Y: 10.270999908447266
  Z: 16.93720054626465
aabbMin:
  X: -12.484700202941895
  Y: -2.1614201068878174
  Z: -7.505990028381348
boundingForTraverse: 12.432419776916504
bugMask: 3
homeArea:
- name: CentralHyrule
- name: ''
- name: ''
instSizeCafe: 499020
instSizeNx: 840360
rigidBodyCenterY: 2.0
sortKey: 1800
traverseDist: 150.0
