aabbMax:
  X: 3.1391100883483887
  Y: 12.120800018310547
  Z: 7.778570175170898
aabbMin:
  X: -8.688440322875977
  Y: 0.4137429893016815
  Z: -2.6992900371551514
boundingForTraverse: 11.707056999206543
bugMask: 3
cursorOffsetY: 2.0
instSizeCafe: 365136
instSizeNx: -1
rigidBodyCenterY: 0.10000000149011612
sortKey: -1
traverseDist: 300.0
