aabbMax:
  X: 1.25285005569458
  Y: 3.232140064239502
  Z: 0.6661390066146851
aabbMin:
  X: -1.0600700378417969
  Y: -0.0036379999946802855
  Z: -0.60555100440979
boundingForTraverse: 3.2357780933380127
bugMask: 3
cursorOffsetY: 2.200000047683716
homeArea:
- name: GerudoHighlands
- name: ''
- name: ''
instSizeCafe: 274492
instSizeNx: -1
sortKey: 1102
traverseDist: 150.0
