aabbMax:
  X: 1.1871800422668457
  Y: 3.9182798862457275
  Z: 1.3695199489593506
aabbMin:
  X: -1.570039987564087
  Y: -0.008491000160574913
  Z: -1.1888099908828735
boundingForTraverse: 3.926769971847534
bugMask: 3
cursorOffsetY: 1.2000000476837158
homeArea:
- name: GerudoHighlands
- name: CentralHyrule
- name: EldinCanyon
instSizeCafe: -1
instSizeNx: 475280
sortKey: 401
traverseDist: 150.0
