aabbMax:
  X: 0.36195099353790283
  Y: 0.676364004611969
  Z: 0.45128101110458374
aabbMin:
  X: -0.37893199920654297
  Y: -0.025613000616431236
  Z: -0.4185299873352051
boundingForTraverse: 0.701977014541626
bugMask: 3
cursorOffsetY: 1.0
instSizeCafe: 168720
instSizeNx: -1
sortKey: 1600
traverseDist: 150.0
