aabbMax:
  X: 9.984990119934082
  Y: 8.824410438537598
  Z: 6.080619812011719
aabbMin:
  X: -6.526679992675781
  Y: -0.4735429883003235
  Z: -2.7163798809051514
boundingForTraverse: 9.297953605651855
bugMask: 3
instSizeCafe: 303152
instSizeNx: -1
lookAtOffsetY: 6.5
rigidBodyCenterY: -0.1562899947166443
sortKey: 1206
terrainTextures:
- !u 0xffffff32
