aabbMax:
  X: 0.49358099699020386
  Y: 2.2581300735473633
  Z: 0.9568650126457214
aabbMin:
  X: -0.58924400806427
  Y: -0.005100000184029341
  Z: -0.33278799057006836
boundingForTraverse: 2.263231039047241
bugMask: 3
cursorOffsetY: 0.6000000238418579
homeArea:
- name: CentralHyrule
- name: HyruleForest
- name: HyruleHill
instSizeCafe: -1
instSizeNx: 700776
sortKey: 503
traverseDist: 150.0
