aabbMax:
  X: 3.892630100250244
  Y: 2.4422199726104736
  Z: 2.9885900020599365
aabbMin:
  X: -0.8299790024757385
  Y: -1.8358399868011475
  Z: -1.6458100080490112
boundingForTraverse: 4.278059959411621
bugMask: 3
cursorOffsetY: 0.5
instSizeCafe: 31124
instSizeNx: -1
rigidBodyCenterY: 0.44999998807907104
sortKey: 101304
