aabbMax:
  X: 1.2567299604415894
  Y: 0.30322301387786865
  Z: 0.8148679733276367
aabbMin:
  X: -1.2567299604415894
  Y: -0.2507320046424866
  Z: -0.21130399405956268
boundingForTraverse: 0.5539550185203552
bugMask: 3
cursorOffsetY: 0.6499999761581421
instSizeCafe: 209776
instSizeNx: -1
sortKey: 10207
traverseDist: 150.0
