aabbMax:
  X: 0.8947889804840088
  Y: 2.4163200855255127
  Z: 0.8761450052261353
aabbMin:
  X: -0.8854269981384277
  Y: -0.015881000086665154
  Z: -1.2193100452423096
boundingForTraverse: 2.4322009086608887
bugMask: 3
cursorOffsetY: 2.3499999046325684
homeArea:
- name: WestHateru
- name: CentralHyrule
- name: HateruSea
instSizeCafe: -1
instSizeNx: 336832
sortKey: 300
