aabbMax:
  X: 1.186769962310791
  Y: 3.9177401065826416
  Z: 1.3688100576400757
aabbMin:
  X: -1.5694600343704224
  Y: -0.008206999860703945
  Z: -1.1883399486541748
boundingForTraverse: 3.9259469509124756
bugMask: 3
cursorOffsetY: 1.2000000476837158
homeArea:
- name: GerudoHighlands
- name: CentralHyrule
- name: EldinCanyon
instSizeCafe: 307092
instSizeNx: -1
sortKey: 401
traverseDist: 150.0
