aabbMax:
  X: 1.2532700300216675
  Y: 3.232759952545166
  Z: 0.6666079759597778
aabbMin:
  X: -1.0603699684143066
  Y: -0.003845999948680401
  Z: -0.6057140231132507
boundingForTraverse: 3.2366058826446533
bugMask: 3
cursorOffsetY: 2.200000047683716
homeArea:
- name: GerudoHighlands
- name: ''
- name: ''
instSizeCafe: -1
instSizeNx: 438392
sortKey: 1102
traverseDist: 150.0
