aabbMax:
  X: 14.055800437927246
  Y: 25.99519920349121
  Z: 15.753800392150879
aabbMin:
  X: -13.005999565124512
  Y: -6.872680187225342
  Z: -31.50079917907715
boundingForTraverse: 32.86787796020508
bugMask: 3
cursorOffsetY: 0.5
homeArea:
- name: TabantaFrontier
- name: CentralHyrule
- name: EldinMountains
instSizeCafe: -1
instSizeNx: 1469064
rigidBodyCenterY: -2.0
sortKey: 1501
traverseDist: 500.0
