aabbMax:
  X: 6.137549877166748
  Y: 11.467000007629395
  Z: 6.267739772796631
aabbMin:
  X: -6.1743597984313965
  Y: -0.08711899816989899
  Z: -2.4393699169158936
boundingForTraverse: 11.554119110107422
bugMask: 3
cursorOffsetY: 2.25
homeArea:
- name: CentralHyrule
- name: LanayruWaterSources
- name: HyruleForest
instSizeCafe: 483412
instSizeNx: -1
sortKey: 1301
traverseDist: 150.0
