aabbMax:
  X: 0.40136799216270447
  Y: 1.0003000497817993
  Z: 0.8709719777107239
aabbMin:
  X: -0.4023430049419403
  Y: 0.0015409999759867787
  Z: -0.6119250059127808
boundingForTraverse: 0.9987589716911316
bugMask: 3
cursorOffsetY: 1.0499999523162842
instSizeCafe: 74244
instSizeNx: 162816
rigidBodyCenterY: 0.30000001192092896
sortKey: 10717
traverseDist: 150.0
