aabbMax:
  X: 0.8946239948272705
  Y: 2.4154200553894043
  Z: 0.87602698802948
aabbMin:
  X: -0.8853449821472168
  Y: -0.015830999240279198
  Z: -1.2188999652862549
boundingForTraverse: 2.431251049041748
bugMask: 3
cursorOffsetY: 2.3499999046325684
homeArea:
- name: GerudoHighlands
- name: GerudoDesert
- name: HateruSea
instSizeCafe: 196708
instSizeNx: -1
rigidBodyCenterY: 0.5
sortKey: 304
