aabbMax:
  X: 2.292249917984009
  Y: 1.6198899745941162
  Z: 1.9289300441741943
aabbMin:
  X: -3.8790500164031982
  Y: -1.1269500255584717
  Z: -0.4396969974040985
boundingForTraverse: 2.746840000152588
bugMask: 3
cursorOffsetY: 0.5
instSizeCafe: -1
instSizeNx: 348760
sortKey: -1
traverseDist: 100000.0
