aabbMax:
  X: 3.109380006790161
  Y: 2.550839900970459
  Z: 3.271480083465576
aabbMin:
  X: -3.2226600646972656
  Y: -3.344909906387329
  Z: -3.210939884185791
boundingForTraverse: 5.895750045776367
bugMask: 3
cursorOffsetY: 2.5
instSizeCafe: -1
instSizeNx: 184920
rigidBodyCenterY: -1.0
sortKey: -1
traverseDist: 300.0
