aabbMax:
  X: 1.4979100227355957
  Y: 1.321429967880249
  Z: 0.9119939804077148
aabbMin:
  X: -0.9791539907455444
  Y: -0.07131499797105789
  Z: -0.40743398666381836
boundingForTraverse: 1.392745018005371
bugMask: 3
cursorOffsetY: 1.0
homeArea:
- name: EldinCanyon
- name: EldinMountains
- name: ''
instSizeCafe: 154616
instSizeNx: 285080
rigidBodyCenterY: 0.699999988079071
sortKey: 1204
terrainTextures:
- !u 0xffffff32
