aabbMax:
  X: 0.6882629990577698
  Y: 3.7897799015045166
  Z: 1.0187499523162842
aabbMin:
  X: -0.7859699726104736
  Y: -0.004623999819159508
  Z: -1.104200005531311
boundingForTraverse: 3.7944040298461914
bugMask: 3
cursorOffsetY: 1.149999976158142
instSizeCafe: 261128
instSizeNx: -1
sortKey: 101103
traverseDist: 150.0
