aabbMax:
  X: 0.3618620038032532
  Y: 0.676567018032074
  Z: 0.4513610005378723
aabbMin:
  X: -0.37895798683166504
  Y: -0.025547999888658524
  Z: -0.41857799887657166
boundingForTraverse: 0.702114999294281
bugMask: 3
cursorOffsetY: 1.0
instSizeCafe: -1
instSizeNx: 167824
rigidBodyCenterY: 0.30000001192092896
sortKey: 10512
traverseDist: 150.0
