aabbMax:
  X: 1.5916999578475952
  Y: 3.028589963912964
  Z: 1.1235400438308716
aabbMin:
  X: -1.5914900302886963
  Y: 0.0004879999905824661
  Z: -1.814079999923706
boundingForTraverse: 3.028101921081543
bugMask: 3
cursorOffsetY: 1.2699999809265137
homeArea:
- name: EldinCanyon
- name: GerudoDesert
- name: HeburaMountains
instSizeCafe: -1
instSizeNx: 649624
sortKey: 1000
traverseDist: 150.0
