aabbMax:
  X: 48.20399856567383
  Y: 80.06659698486328
  Z: 90.97250366210938
aabbMin:
  X: -47.59659957885742
  Y: -0.9331470131874084
  Z: -76.6666030883789
boundingForTraverse: 80.99974060058594
bugMask: 3
homeArea:
- name: CentralHyrule
- name: ''
- name: ''
instSizeCafe: 627220
instSizeNx: 1130136
sortKey: 1900
traverseDist: 2000.0
