aabbMax:
  X: 0.4013670086860657
  Y: 0.9998859763145447
  Z: 0.8708900213241577
aabbMin:
  X: -0.4023439884185791
  Y: 0.0015360000543296337
  Z: -0.6117969751358032
boundingForTraverse: 0.9983500242233276
bugMask: 3
cursorOffsetY: 1.0499999523162842
homeArea:
- name: CentralHyrule
- name: ''
- name: ''
instSizeCafe: 168340
instSizeNx: -1
sortKey: 1602
traverseDist: 150.0
