aabbMax:
  X: 0.60658198595047
  Y: 2.150130033493042
  Z: 1.0184999704360962
aabbMin:
  X: -0.4749230146408081
  Y: -0.0025420000310987234
  Z: -0.46254798769950867
boundingForTraverse: 2.1526730060577393
bugMask: 3
cursorOffsetY: 0.8999999761581421
instSizeCafe: 250492
instSizeNx: -1
sortKey: 2269
traverseDist: 150.0
