aabbMax:
  X: 1.2755600214004517
  Y: 1.1401000022888184
  Z: 1.2880699634552002
aabbMin:
  X: -1.2755600214004517
  Y: -1.1401000022888184
  Z: -1.2880699634552002
boundingForTraverse: 2.2802000045776367
bugMask: 3
instSizeCafe: 40192
instSizeNx: -1
sortKey: -1
terrainTextures:
- !u 0xffffff32
