aabbMax:
  X: 26.984399795532227
  Y: 27.796899795532227
  Z: 100.625
aabbMin:
  X: -26.984399795532227
  Y: -33.125
  Z: -184.375
boundingForTraverse: 60.921897888183594
bugMask: 1
cursorOffsetY: 0.5
instSizeCafe: -1
instSizeNx: 103568
sortKey: 0
