aabbMax:
  X: 3.4730899333953857
  Y: 6.610960006713867
  Z: 3.6683900356292725
aabbMin:
  X: -3.6898601055145264
  Y: -0.26903700828552246
  Z: -3.7073800563812256
boundingForTraverse: 6.8799967765808105
bugMask: 3
cursorOffsetY: 3.0
instSizeCafe: 113748
instSizeNx: 230840
rigidBodyCenterY: 1.0
sortKey: 887
traverseDist: 200.0
