aabbMax:
  X: 10.08240032196045
  Y: 8.806610107421875
  Z: 6.080619812011719
aabbMin:
  X: -6.639420032501221
  Y: -0.625220000743866
  Z: -2.7163798809051514
boundingForTraverse: 9.431830406188965
bugMask: 3
homeArea:
- name: WestHateru
- name: EastHateru
- name: CentralHyrule
instSizeCafe: 261960
instSizeNx: -1
lookAtOffsetY: 6.5
rigidBodyCenterY: -0.1562899947166443
sortKey: 1196
terrainTextures:
- !u 0xffffff04
