aabbMax:
  X: 4.113279819488525
  Y: 5.793109893798828
  Z: 4.6875
aabbMin:
  X: -4.113279819488525
  Y: -0.3858470022678375
  Z: -3.1269500255584717
boundingForTraverse: 6.178956985473633
bugMask: 3
cursorOffsetY: 2.4000000953674316
homeArea:
- name: CentralHyrule
- name: ''
- name: ''
instSizeCafe: -1
instSizeNx: 196952
rigidBodyCenterY: 1.113569974899292
sortKey: 894
traverseDist: 200.0
