aabbMax:
  X: 0.9887830018997192
  Y: 2.24685001373291
  Z: 1.0922000408172607
aabbMin:
  X: -1.0108599662780762
  Y: -0.012515000067651272
  Z: -0.383978009223938
boundingForTraverse: 2.2593650817871094
bugMask: 3
cursorOffsetY: 0.6000000238418579
instSizeCafe: -1
instSizeNx: 741792
sortKey: 10506
traverseDist: 150.0
