aabbMax:
  X: 3.8929200172424316
  Y: 2.4423999786376953
  Z: 2.9885900020599365
aabbMin:
  X: -0.8300399780273438
  Y: -1.8359800577163696
  Z: -1.6458100080490112
boundingForTraverse: 4.278379917144775
bugMask: 3
cursorOffsetY: 0.5
instSizeCafe: -1
instSizeNx: 94512
rigidBodyCenterY: 0.44999998807907104
sortKey: 101304
