aabbMax:
  X: 0.6067090034484863
  Y: 2.150480031967163
  Z: 1.0187100172042847
aabbMin:
  X: -0.4750699996948242
  Y: -0.002768999896943569
  Z: -0.462660014629364
boundingForTraverse: 2.1532490253448486
bugMask: 3
cursorOffsetY: 0.8999999761581421
homeArea:
- name: GerudoHighlands
- name: CentralHyrule
- name: TabantaFrontier
instSizeCafe: -1
instSizeNx: 397376
sortKey: 1100
traverseDist: 150.0
