aabbMax:
  X: 26.984399795532227
  Y: 27.794700622558594
  Z: 100.61499786376953
aabbMin:
  X: -26.984399795532227
  Y: -33.12080001831055
  Z: -184.375
boundingForTraverse: 60.91550064086914
bugMask: 1
cursorOffsetY: 0.5
instSizeCafe: 43812
instSizeNx: -1
sortKey: 0
