aabbMax:
  X: 1.7573399543762207
  Y: 2.1242899894714355
  Z: 2.0547900199890137
aabbMin:
  X: -1.7573399543762207
  Y: -2.1242899894714355
  Z: -2.0547900199890137
boundingForTraverse: 4.248579978942871
bugMask: 3
instSizeCafe: -1
instSizeNx: 101624
sortKey: -1
terrainTextures:
- !u 0xffffff04
