aabbMax:
  X: 10.272500038146973
  Y: 8.807060241699219
  Z: 6.081079959869385
aabbMin:
  X: -6.673309803009033
  Y: -0.5063809752464294
  Z: -2.7166500091552734
boundingForTraverse: 9.313441276550293
bugMask: 3
homeArea:
- name: EldinCanyon
- name: ''
- name: ''
instSizeCafe: 304188
instSizeNx: 516872
lookAtOffsetY: 6.5
rigidBodyCenterY: -0.1562899947166443
sortKey: 1201
terrainTextures:
- !u 0xffffff32
