aabbMax:
  X: 14.055800437927246
  Y: 25.99519920349121
  Z: 15.753800392150879
aabbMin:
  X: -13.005999565124512
  Y: -6.872680187225342
  Z: -31.50079917907715
boundingForTraverse: 32.86787796020508
bugMask: 1
cursorOffsetY: 0.5
instSizeCafe: -1
instSizeNx: 1256360
sortKey: 2320
traverseDist: 1000.0
