aabbMax:
  X: 5.748700141906738
  Y: 7.99029016494751
  Z: 2.866460084915161
aabbMin:
  X: -9.382780075073242
  Y: -0.4290730059146881
  Z: -4.041049957275391
boundingForTraverse: 8.419363021850586
bugMask: 3
cursorOffsetY: 1.5
instSizeCafe: -1
instSizeNx: 555848
lookAtOffsetY: 1.0
rigidBodyCenterY: 3.5
sortKey: 1701
traverseDist: 99999.0
