aabbMax:
  X: 0.8946239948272705
  Y: 2.4154200553894043
  Z: 0.87602698802948
aabbMin:
  X: -0.8853449821472168
  Y: -0.015830999240279198
  Z: -1.2188999652862549
boundingForTraverse: 2.431251049041748
bugMask: 3
cursorOffsetY: 2.3499999046325684
homeArea:
- name: HyruleHill
- name: TamulOutback
- name: WestHateru
instSizeCafe: 201852
instSizeNx: -1
rigidBodyCenterY: 1.600000023841858
sortKey: 301
