aabbMax:
  X: 0.49347901344299316
  Y: 2.257819890975952
  Z: 0.9565209746360779
aabbMin:
  X: -0.589139997959137
  Y: -0.00481799989938736
  Z: -0.33268800377845764
boundingForTraverse: 2.26263689994812
bugMask: 3
cursorOffsetY: 0.6000000238418579
homeArea:
- name: CentralHyrule
- name: HyruleForest
- name: HyruleHill
instSizeCafe: 439092
instSizeNx: -1
sortKey: 503
traverseDist: 150.0
