aabbMax:
  X: 0.9678199887275696
  Y: 2.8194799423217773
  Z: 2.7370998859405518
aabbMin:
  X: -1.248329997062683
  Y: -0.0060259997844696045
  Z: -1.5635000467300415
boundingForTraverse: 2.8255059719085693
bugMask: 3
cursorOffsetY: 1.0
instSizeCafe: 472020
instSizeNx: 737008
sortKey: 708
traverseDist: 150.0
