aabbMax:
  X: 2.0590898990631104
  Y: 4.417099952697754
  Z: 3.820930004119873
aabbMin:
  X: -2.1243300437927246
  Y: -0.020431999117136
  Z: -1.0864399671554565
boundingForTraverse: 4.4375319480896
bugMask: 3
cursorOffsetY: 0.75
instSizeCafe: 417812
instSizeNx: -1
sortKey: 608
traverseDist: 150.0
