aabbMax:
  X: 0.41256600618362427
  Y: 1.6072800159454346
  Z: 1.6246399879455566
aabbMin:
  X: -0.36314600706100464
  Y: -0.08874300122261047
  Z: -0.4764559864997864
boundingForTraverse: 1.6960229873657227
bugMask: 3
cursorOffsetY: 1.0499999523162842
instSizeCafe: 83520
instSizeNx: -1
rigidBodyCenterY: 0.30000001192092896
sortKey: 10604
traverseDist: 150.0
