aabbMax:
  X: 0.387939989566803
  Y: 1.7695300579071045
  Z: 1.1074199676513672
aabbMin:
  X: -0.3833009898662567
  Y: -0.02532999962568283
  Z: -0.8837890028953552
boundingForTraverse: 1.7948600053787231
bugMask: 3
cursorOffsetY: 1.0499999523162842
homeArea:
- name: CentralHyrule
- name: ''
- name: ''
instSizeCafe: 170184
instSizeNx: 291832
sortKey: 1601
traverseDist: 150.0
