aabbMax:
  X: 0.4013659954071045
  Y: 1.000190019607544
  Z: 0.8707659840583801
aabbMin:
  X: -0.4023419916629791
  Y: 0.0015920000150799751
  Z: -0.6119049787521362
boundingForTraverse: 0.9985979795455933
bugMask: 3
cursorOffsetY: 1.0499999523162842
instSizeCafe: 74244
instSizeNx: -1
rigidBodyCenterY: 0.30000001192092896
sortKey: 10717
traverseDist: 150.0
