aabbMax:
  X: 0.387939989566803
  Y: 1.7693400382995605
  Z: 1.1071900129318237
aabbMin:
  X: -0.3833009898662567
  Y: -0.025280000641942024
  Z: -0.883762001991272
boundingForTraverse: 1.7946200370788574
bugMask: 3
cursorOffsetY: 1.0499999523162842
homeArea:
- name: CentralHyrule
- name: ''
- name: ''
instSizeCafe: 170196
instSizeNx: -1
sortKey: 1601
traverseDist: 150.0
