aabbMax:
  X: 2.0775299072265625
  Y: 4.3089799880981445
  Z: 3.8226099014282227
aabbMin:
  X: -2.1254398822784424
  Y: -0.0073460000567138195
  Z: -1.0417300462722778
boundingForTraverse: 4.316326141357422
bugMask: 3
cursorOffsetY: 0.75
homeArea:
- name: HyruleForest
- name: GerudoHighlands
- name: EldinMountains
instSizeCafe: 405140
instSizeNx: 650992
sortKey: 606
traverseDist: 150.0
