aabbMax:
  X: 5.321549892425537
  Y: 7.851990222930908
  Z: 7.782320022583008
aabbMin:
  X: -8.533269882202148
  Y: -4.030710220336914
  Z: -23.204200744628906
boundingForTraverse: 11.882699966430664
bugMask: 3
homeArea:
- name: GerudoDesert
- name: ''
- name: ''
instSizeCafe: 202264
instSizeNx: -1
rigidBodyCenterY: -0.25
sortKey: 1400
