aabbMax:
  X: 1.4976799488067627
  Y: 1.321370005607605
  Z: 0.9119240045547485
aabbMin:
  X: -0.978983998298645
  Y: -0.0711740031838417
  Z: -0.4073939919471741
boundingForTraverse: 1.3925440311431885
bugMask: 3
cursorOffsetY: 1.0
homeArea:
- name: EldinCanyon
- name: EldinMountains
- name: ''
instSizeCafe: 154616
instSizeNx: -1
rigidBodyCenterY: 0.699999988079071
sortKey: 1204
terrainTextures:
- !u 0xffffff32
