aabbMax:
  X: 0.361860990524292
  Y: 0.6765239834785461
  Z: 0.45127901434898376
aabbMin:
  X: -0.37895700335502625
  Y: -0.025536999106407166
  Z: -0.4185650050640106
boundingForTraverse: 0.7020609974861145
bugMask: 3
cursorOffsetY: 1.0
instSizeCafe: 76292
instSizeNx: -1
rigidBodyCenterY: 0.30000001192092896
sortKey: 10514
traverseDist: 150.0
