aabbMax:
  X: 3.449709892272949
  Y: 5.401509761810303
  Z: 2.469320058822632
aabbMin:
  X: -3.3523499965667725
  Y: -0.0033919999841600657
  Z: -3.085930109024048
boundingForTraverse: 5.40490198135376
bugMask: 3
cursorOffsetY: 1.149999976158142
instSizeCafe: 471572
instSizeNx: -1
rigidBodyCenterY: 1.0
sortKey: -1
traverseDist: 300.0
