aabbMax:
  X: 0.9675639867782593
  Y: 2.819269895553589
  Z: 2.7363100051879883
aabbMin:
  X: -1.247920036315918
  Y: -0.005745999980717897
  Z: -1.5631300210952759
boundingForTraverse: 2.8250160217285156
bugMask: 3
cursorOffsetY: 1.0
instSizeCafe: 476628
instSizeNx: -1
sortKey: 10714
traverseDist: 150.0
