aabbMax:
  X: 2.0634000301361084
  Y: 4.439809799194336
  Z: 3.8241701126098633
aabbMin:
  X: -2.126800060272217
  Y: -0.03544300049543381
  Z: -1.0939600467681885
boundingForTraverse: 4.475253105163574
bugMask: 3
cursorOffsetY: 0.75
homeArea:
- name: CentralHyrule
- name: TamulOutback
- name: GerudoHighlands
instSizeCafe: -1
instSizeNx: 667376
sortKey: 601
traverseDist: 150.0
