aabbMax:
  X: 0.4126650094985962
  Y: 1.6074999570846558
  Z: 1.6248400211334229
aabbMin:
  X: -0.3632560074329376
  Y: -0.08890300244092941
  Z: -0.4764859974384308
boundingForTraverse: 1.6964030265808105
bugMask: 3
cursorOffsetY: 1.0499999523162842
instSizeCafe: 83460
instSizeNx: 182672
rigidBodyCenterY: 0.30000001192092896
sortKey: 10604
traverseDist: 150.0
