aabbMax:
  X: 9.986539840698242
  Y: 8.824870109558105
  Z: 6.081079959869385
aabbMin:
  X: -6.527810096740723
  Y: -0.474480003118515
  Z: -2.7166500091552734
boundingForTraverse: 9.299349784851074
bugMask: 3
instSizeCafe: 303152
instSizeNx: 514168
lookAtOffsetY: 6.5
rigidBodyCenterY: -0.1562899947166443
sortKey: 1206
terrainTextures:
- !u 0xffffff32
