aabbMax:
  X: 0.4817279875278473
  Y: 0.46674099564552307
  Z: 0.4913269877433777
aabbMin:
  X: -0.47828999161720276
  Y: -0.4710789918899536
  Z: -0.4855769872665405
boundingForTraverse: 0.9378200173377991
bugMask: 3
cursorOffsetY: 0.7250000238418579
instSizeCafe: 66584
instSizeNx: -1
sortKey: 101305
traverseDist: 150.0
