aabbMax:
  X: 0.30824801325798035
  Y: 1.5377600193023682
  Z: 0.30824801325798035
aabbMin:
  X: -0.30824801325798035
  Y: 0.0
  Z: -0.30824801325798035
boundingForTraverse: 1.5377600193023682
bugMask: 2
cursorOffsetY: 0.5
instSizeCafe: 38016
instSizeNx: -1
rigidBodyCenterY: 0.7201939821243286
sortKey: 19
traverseDist: 400.0
