aabbMax:
  X: 0.397814005613327
  Y: 1.5949499607086182
  Z: 0.397814005613327
aabbMin:
  X: -0.397814005613327
  Y: 0.0
  Z: -0.397814005613327
boundingForTraverse: 1.5949499607086182
bugMask: 3
cursorOffsetY: 1.5
instSizeCafe: 39088
instSizeNx: -1
lookAtOffsetY: 1.5
rigidBodyCenterY: 0.5
sortKey: 26
