aabbMax:
  X: 0.7850710153579712
  Y: 0.5658079981803894
  Z: 1.0254900455474854
aabbMin:
  X: -0.7088199853897095
  Y: -0.0014720000326633453
  Z: -0.8713939785957336
boundingForTraverse: 0.5672799944877625
bugMask: 3
cursorOffsetY: 0.800000011920929
instSizeCafe: 46028
instSizeNx: -1
rigidBodyCenterY: 0.10000000149011612
sortKey: -29
traverseDist: 150.0
