aabbMax:
  X: 0.054326001554727554
  Y: 0.08275900036096573
  Z: 1.0649399757385254
aabbMin:
  X: -0.029805999249219894
  Y: -0.056485000997781754
  Z: -0.08547800034284592
boundingForTraverse: 0.13924400508403778
bugMask: 3
cursorOffsetY: 0.20000000298023224
homeArea:
- name: CentralHyrule
- name: EldinCanyon
- name: GerudoDesert
instSizeCafe: -1
instSizeNx: 149664
sortKey: 14601
