aabbMax:
  X: 6.207170009613037
  Y: 7.702179908752441
  Z: 8.56344985961914
aabbMin:
  X: -6.136670112609863
  Y: -1.0
  Z: -6.886750221252441
boundingForTraverse: 8.702179908752441
bugMask: 0
cursorOffsetY: 0.5
instSizeCafe: 119992
instSizeNx: -1
sortKey: -9
traverseDist: 500.0
