aabbMax:
  X: 4.972169876098633
  Y: 6.950439929962158
  Z: 0.13468800485134125
aabbMin:
  X: -4.725709915161133
  Y: -1.8640999794006348
  Z: -1.54121994972229
boundingForTraverse: 8.814539909362793
bugMask: 0
cursorOffsetY: 0.5
instSizeCafe: -1
instSizeNx: 145368
sortKey: 5
traverseDist: 400.0
