aabbMax:
  X: 36.9640007019043
  Y: 12.681099891662598
  Z: 19.789199829101562
aabbMin:
  X: -36.84320068359375
  Y: -14.041000366210938
  Z: -28.54210090637207
boundingForTraverse: 26.72209930419922
bugMask: 0
cursorOffsetY: 0.5
instSizeCafe: 17140
instSizeNx: 75656
sortKey: 0
terrainTextures:
- !u 0xffff3230
