aabbMax:
  X: -42.51940155029297
  Y: 376.2070007324219
  Z: 269.1449890136719
aabbMin:
  X: -350.83099365234375
  Y: -20.840700149536133
  Z: -177.10400390625
boundingForTraverse: 397.0476989746094
bugMask: 0
cursorOffsetY: 0.5
instSizeCafe: 18916
instSizeNx: -1
sortKey: -27
traverseDist: 10000.0
