aabbMax:
  X: 7.379960060119629
  Y: 0.6681979894638062
  Z: 1.7967499494552612
aabbMin:
  X: -6.510509967803955
  Y: -39.09859848022461
  Z: -18.786500930786133
boundingForTraverse: 39.76679611206055
bugMask: 0
cursorOffsetY: 0.5
instSizeCafe: 17140
instSizeNx: 75656
sortKey: 0
