aabbMax:
  X: 35.27259826660156
  Y: 42.65520095825195
  Z: 35.08409881591797
aabbMin:
  X: -39.464599609375
  Y: -41.71670150756836
  Z: -28.49970054626465
boundingForTraverse: 84.37190246582031
bugMask: 0
instSizeCafe: 48256
instSizeNx: -1
sortKey: 0
terrainTextures:
- !u 0xff373108
traverseDist: 2000.0
