aabbMax:
  X: 39.6713981628418
  Y: 23.862699508666992
  Z: 29.23780059814453
aabbMin:
  X: -39.25659942626953
  Y: 0.7625899910926819
  Z: -68.68309783935547
boundingForTraverse: 23.100109100341797
bugMask: 0
cursorOffsetY: 0.5
instSizeCafe: -1
instSizeNx: 715504
sortKey: 0
terrainTextures:
- 522064384
- !u 0xffffff4c
traverseDist: 1000.0
