aabbMax:
  X: 77.75039672851562
  Y: 17.142099380493164
  Z: 73.2061996459961
aabbMin:
  X: -49.196998596191406
  Y: -66.54460144042969
  Z: -137.64300537109375
boundingForTraverse: 83.68669891357422
bugMask: 0
cursorOffsetY: 0.5
instSizeCafe: -1
instSizeNx: 120768
sortKey: 0
terrainTextures:
- 522064384
- !u 0xffffff4c
