aabbMax:
  X: 27.60300064086914
  Y: 10.907099723815918
  Z: 15.176300048828125
aabbMin:
  X: -28.29669952392578
  Y: -6.130420207977295
  Z: -27.67259979248047
boundingForTraverse: 17.037519454956055
bugMask: 0
cursorOffsetY: 0.5
instSizeCafe: 18548
instSizeNx: -1
sortKey: 9
terrainTextures:
- !u 0xffffff57
traverseDist: 570.4329833984375
