aabbMax:
  X: 7.543900012969971
  Y: 19.21969985961914
  Z: 6.685669898986816
aabbMin:
  X: -7.543910026550293
  Y: -17.589000701904297
  Z: -6.659299850463867
boundingForTraverse: 36.80870056152344
bugMask: 0
cursorOffsetY: 0.5
instSizeCafe: 32216
instSizeNx: -1
sortKey: 0
traverseDist: 1000.0
