aabbMax:
  X: 140.52200317382812
  Y: 13.363499641418457
  Z: 71.1416015625
aabbMin:
  X: -191.70799255371094
  Y: -106.0
  Z: -23.386899948120117
boundingForTraverse: 119.3635025024414
bugMask: 0
instSizeCafe: 52512
instSizeNx: 149464
sortKey: -2
terrainTextures:
- 487657472
- !u 0xffff4c1f
traverseDist: 845.416259765625
