aabbMax:
  X: 21.901599884033203
  Y: 12.827199935913086
  Z: 3.7789299488067627
aabbMin:
  X: -8.183979988098145
  Y: -0.05508200079202652
  Z: -7.629730224609375
boundingForTraverse: 12.882282257080078
bugMask: 0
cursorOffsetY: 0.5
instSizeCafe: 80524
instSizeNx: -1
sortKey: -6
terrainTextures:
- !u 0xffffff08
