aabbMax:
  X: 6.39277982711792
  Y: 35.2510986328125
  Z: 3.577120065689087
aabbMin:
  X: -0.7088050246238708
  Y: -0.3662030100822449
  Z: -3.5853099822998047
boundingForTraverse: 35.61730194091797
bugMask: 0
cursorOffsetY: 0.5
instSizeCafe: 118544
instSizeNx: -1
lookAtOffsetY: 1.100000023841858
sortKey: -7
traverseDist: 800.0
