aabbMax:
  X: 5.3890700340271
  Y: 9.89291000366211
  Z: 4.823229789733887
aabbMin:
  X: -3.8702900409698486
  Y: 0.0
  Z: -4.248079776763916
boundingForTraverse: 9.89291000366211
bugMask: 0
cursorOffsetY: 0.5
instSizeCafe: 28756
instSizeNx: -1
sortKey: 0
traverseDist: 800.0
