aabbMax:
  X: 21.08209991455078
  Y: 112.1780014038086
  Z: 37.82870101928711
aabbMin:
  X: -46.55390167236328
  Y: 64.6707992553711
  Z: -19.490100860595703
boundingForTraverse: 47.5072021484375
bugMask: 0
cursorOffsetY: 0.5
instSizeCafe: 38580
instSizeNx: -1
sortKey: 0
terrainTextures:
- 487657472
- !u 0xffff4c1f
traverseDist: 400.0
