aabbMax:
  X: 33.712398529052734
  Y: 41.588199615478516
  Z: 33.03150177001953
aabbMin:
  X: -34.428199768066406
  Y: -0.2746579945087433
  Z: -28.200000762939453
boundingForTraverse: 41.862857818603516
bugMask: 0
cursorOffsetY: 0.5
instSizeCafe: -1
instSizeNx: 124864
sortKey: 0
terrainTextures:
- !u 0xffffff44
traverseDist: 591.6102294921875
