aabbMax:
  X: 0.13798899948596954
  Y: 1.359429955482483
  Z: 0.1349720060825348
aabbMin:
  X: -0.13798899948596954
  Y: -7.76285982131958
  Z: -0.1349720060825348
boundingForTraverse: 9.122289657592773
bugMask: 0
cursorOffsetY: 0.5
instSizeCafe: -1
instSizeNx: 96160
sortKey: 0
