aabbMax:
  X: 68.7876968383789
  Y: 1.7026900053024292
  Z: 4.849629878997803
aabbMin:
  X: -23.105499267578125
  Y: -55.973201751708984
  Z: -11.351799964904785
boundingForTraverse: 57.6758918762207
bugMask: 0
cursorOffsetY: 0.5
instSizeCafe: -1
instSizeNx: 120768
sortKey: 0
terrainTextures:
- 522064384
- !u 0xffffff4c
