aabbMax:
  X: 5.966919898986816
  Y: 0.2812590003013611
  Z: 1.0287699699401855
aabbMin:
  X: -3.516510009765625
  Y: -9.273460388183594
  Z: -11.25469970703125
boundingForTraverse: 9.554718971252441
bugMask: 0
cursorOffsetY: 0.5
instSizeCafe: 80648
instSizeNx: -1
sortKey: 0
traverseDist: 515.5183715820312
