aabbMax:
  X: 10.1628999710083
  Y: 5.009620189666748
  Z: 9.929960250854492
aabbMin:
  X: -6.054120063781738
  Y: -4.904449939727783
  Z: -7.387110233306885
boundingForTraverse: 9.914070129394531
bugMask: 0
cursorOffsetY: 0.5
instSizeCafe: 18292
instSizeNx: -1
sortKey: 0
terrainTextures:
- !u 0xffffff57
traverseDist: 1000.0
