aabbMax:
  X: 82.18060302734375
  Y: 55.45830154418945
  Z: 138.0780029296875
aabbMin:
  X: -67.3031005859375
  Y: -41.87590026855469
  Z: -178.4969940185547
boundingForTraverse: 97.33419799804688
bugMask: 0
cursorOffsetY: 0.5
instSizeCafe: 41944
instSizeNx: -1
sortKey: 30
terrainTextures:
- !u 0xffffff23
traverseDist: 850.093017578125
