aabbMax:
  X: 141.91799926757812
  Y: 42.0703010559082
  Z: 160.38600158691406
aabbMin:
  X: -134.00100708007812
  Y: -42.96009826660156
  Z: -210.23500061035156
boundingForTraverse: 85.0303955078125
bugMask: 0
cursorOffsetY: 0.5
instSizeCafe: 57396
instSizeNx: 151960
sortKey: 0
terrainTextures:
- !u 0xffff4342
traverseDist: 962.0510864257812
