aabbMax:
  X: 22.596599578857422
  Y: 22.626800537109375
  Z: 20.81760025024414
aabbMin:
  X: -23.96269989013672
  Y: -1.7609299421310425
  Z: -21.64299964904785
boundingForTraverse: 24.38772964477539
bugMask: 0
cursorOffsetY: 0.5
instSizeCafe: 52544
instSizeNx: 145368
sortKey: 0
terrainTextures:
- !u 0xffffff08
traverseDist: 500.0
