aabbMax:
  X: 43.723201751708984
  Y: 128.33700561523438
  Z: 110.21299743652344
aabbMin:
  X: -51.67250061035156
  Y: -45.893699645996094
  Z: -93.0322036743164
boundingForTraverse: 174.230712890625
bugMask: 0
instSizeCafe: 28720
instSizeNx: -1
sortKey: 0
terrainTextures:
- !u 0xff1d1110
traverseDist: 6000.0
