aabbMax:
  X: 7.083499908447266
  Y: 7.477479934692383
  Z: 0.2198069989681244
aabbMin:
  X: -7.042880058288574
  Y: -0.03141000121831894
  Z: -0.8143889904022217
boundingForTraverse: 7.508890151977539
bugMask: 0
cursorOffsetY: 0.5
instSizeCafe: 49472
instSizeNx: -1
sortKey: 4
traverseDist: 400.0
