aabbMax:
  X: 17389.19921875
  Y: 1063.02001953125
  Z: 14530.400390625
aabbMin:
  X: -20211.19921875
  Y: -1737.449951171875
  Z: -20575.69921875
boundingForTraverse: 2800.469970703125
bugMask: 0
cursorOffsetY: 0.5
instSizeCafe: -1
instSizeNx: 75656
sortKey: 0
terrainTextures:
- 1277104896
traverseDist: 100000.0
