aabbMax:
  X: 15.393799781799316
  Y: 5.089789867401123
  Z: 54.508201599121094
aabbMin:
  X: -16.237899780273438
  Y: -41.03609848022461
  Z: -63.70429992675781
boundingForTraverse: 46.12588882446289
bugMask: 0
instSizeCafe: -1
instSizeNx: 145368
sortKey: -12
traverseDist: 622.3713989257812
