aabbMax:
  X: 38.88589859008789
  Y: 0.598363995552063
  Z: 42.63740158081055
aabbMin:
  X: -42.595001220703125
  Y: -31.252599716186523
  Z: -0.4736100137233734
boundingForTraverse: 31.850963592529297
bugMask: 0
cursorOffsetY: 0.5
instSizeCafe: -1
instSizeNx: 96160
sortKey: 0
traverseDist: 592.1829223632812
