aabbMax:
  X: 34.61040115356445
  Y: 28.357999801635742
  Z: 17.676700592041016
aabbMin:
  X: -41.60850143432617
  Y: -24.318099975585938
  Z: -55.77859878540039
boundingForTraverse: 52.67610168457031
bugMask: 0
cursorOffsetY: 0.5
instSizeCafe: 28760
instSizeNx: -1
sortKey: 0
terrainTextures:
- !u 0xffffff03
traverseDist: 1000.0
