aabbMax:
  X: 57.136199951171875
  Y: 55.757999420166016
  Z: 64.80120086669922
aabbMin:
  X: -66.131103515625
  Y: -90.19509887695312
  Z: -64.80120086669922
boundingForTraverse: 145.95309448242188
bugMask: 0
cursorOffsetY: 0.5
instSizeCafe: 30584
instSizeNx: -1
sortKey: 5
traverseDist: 678.8619995117188
