aabbMax:
  X: 72.98370361328125
  Y: 175.3990020751953
  Z: 109.51799774169922
aabbMin:
  X: -62.90330123901367
  Y: 3.9970200061798096
  Z: -59.07600021362305
boundingForTraverse: 171.4019775390625
bugMask: 0
cursorOffsetY: 0.5
instSizeCafe: 31024
instSizeNx: -1
sortKey: 0
terrainTextures:
- !u 0xffffff33
traverseDist: 100000.0
