aabbMax:
  X: 79.02349853515625
  Y: 80.4136962890625
  Z: 50.797401428222656
aabbMin:
  X: -89.23609924316406
  Y: -88.22019958496094
  Z: -18.119400024414062
boundingForTraverse: 168.63389587402344
bugMask: 0
instSizeCafe: -1
instSizeNx: 75656
sortKey: -5
traverseDist: 681.8263549804688
