aabbMax:
  X: 156.99200439453125
  Y: 7.536680221557617
  Z: 42.20669937133789
aabbMin:
  X: -177.38299560546875
  Y: -321.60198974609375
  Z: -74.23829650878906
boundingForTraverse: 329.138671875
bugMask: 0
instSizeCafe: 18928
instSizeNx: -1
sortKey: 0
traverseDist: 6000.0
