aabbMax:
  X: 19.481199264526367
  Y: 0.37057098746299744
  Z: 124.33000183105469
aabbMin:
  X: -17.447799682617188
  Y: -60.487998962402344
  Z: -124.23100280761719
boundingForTraverse: 60.85857009887695
bugMask: 0
instSizeCafe: 38040
instSizeNx: -1
sortKey: 0
terrainTextures:
- 285934336
- 1278353181
traverseDist: 3000.0
