aabbMax:
  X: 70.0
  Y: 12.57699966430664
  Z: 46.61249923706055
aabbMin:
  X: -81.05000305175781
  Y: -116.0
  Z: -76.7874984741211
boundingForTraverse: 128.57699584960938
bugMask: 0
instSizeCafe: -1
instSizeNx: 477248
sortKey: 0
terrainTextures:
- !u 0xffff402c
traverseDist: 695.0478515625
