aabbMax:
  X: 1.7953300476074219
  Y: 12.932999610900879
  Z: 1.8070900440216064
aabbMin:
  X: -1.8058199882507324
  Y: 3.3979299068450928
  Z: -1.8070900440216064
boundingForTraverse: 9.535069465637207
bugMask: 0
cursorOffsetY: 0.5
instSizeCafe: 38044
instSizeNx: 116672
sortKey: 0
traverseDist: 505.1020202636719
