aabbMax:
  X: 3.865839958190918
  Y: 0.6318719983100891
  Z: 1.0487200021743774
aabbMin:
  X: -3.8015799522399902
  Y: -2.803100109100342
  Z: -1.0694899559020996
boundingForTraverse: 3.434972047805786
bugMask: 0
cursorOffsetY: 0.5
instSizeCafe: 48700
instSizeNx: -1
sortKey: -28
traverseDist: 150.0
