aabbMax:
  X: 89.97740173339844
  Y: 142.91900634765625
  Z: 169.48699951171875
aabbMin:
  X: -109.98799896240234
  Y: -23.3843994140625
  Z: -5.561389923095703
boundingForTraverse: 166.30340576171875
bugMask: 0
cursorOffsetY: 0.5
instSizeCafe: 30296
instSizeNx: -1
sortKey: 0
terrainTextures:
- !u 0xffff4608
traverseDist: 100000.0
