aabbMax:
  X: 1.4808100461959839
  Y: 1.5516999959945679
  Z: 4.1804399490356445
aabbMin:
  X: -1.4808100461959839
  Y: -0.2307489961385727
  Z: -2.029520034790039
boundingForTraverse: 1.7824490070343018
bugMask: 0
cursorOffsetY: 0.5
instSizeCafe: 36528
instSizeNx: -1
sortKey: 0
