aabbMax:
  X: 97.09020233154297
  Y: 79.29000091552734
  Z: 87.64920043945312
aabbMin:
  X: -84.63710021972656
  Y: -71.22329711914062
  Z: -91.7750015258789
boundingForTraverse: 150.5133056640625
bugMask: 0
cursorOffsetY: 0.5
instSizeCafe: -1
instSizeNx: 96160
sortKey: 6
traverseDist: 755.3778686523438
