aabbMax:
  X: 4.91165018081665
  Y: 45.334999084472656
  Z: 5.628870010375977
aabbMin:
  X: -5.168019771575928
  Y: -0.013888999819755554
  Z: -4.448659896850586
boundingForTraverse: 45.3488883972168
bugMask: 0
cursorOffsetY: 0.5
instSizeCafe: 40884
instSizeNx: -1
sortKey: 0
terrainTextures:
- !u 0xffffff15
traverseDist: 514.2532958984375
