aabbMax:
  X: 724.5260009765625
  Y: 278.2489929199219
  Z: 42.83359909057617
aabbMin:
  X: 264.9360046386719
  Y: 97.37539672851562
  Z: -207.79600524902344
boundingForTraverse: 180.87359619140625
bugMask: 0
cursorOffsetY: 0.5
instSizeCafe: 68580
instSizeNx: 174072
sortKey: 0
terrainTextures:
- !u 0xff43420b
traverseDist: 3000.0
