aabbMax:
  X: 19.49530029296875
  Y: 0.7324910163879395
  Z: 39.72919845581055
aabbMin:
  X: -18.13159942626953
  Y: -31.540300369262695
  Z: 1.1847000122070312
boundingForTraverse: 32.27279281616211
bugMask: 0
cursorOffsetY: 0.5
instSizeCafe: 30320
instSizeNx: -1
sortKey: 0
traverseDist: 1000.0
