aabbMax:
  X: 32.07830047607422
  Y: 65.63990020751953
  Z: 14.125699996948242
aabbMin:
  X: -31.991300582885742
  Y: -1.0270500183105469
  Z: -12.142600059509277
boundingForTraverse: 66.66694641113281
bugMask: 0
cursorOffsetY: 0.5
instSizeCafe: -1
instSizeNx: 378880
sortKey: 0
traverseDist: 1000.0
