aabbMax:
  X: 95.51180267333984
  Y: 78.40679931640625
  Z: 48.527801513671875
aabbMin:
  X: -106.23999786376953
  Y: -7.322780132293701
  Z: -50.03239822387695
boundingForTraverse: 85.72957611083984
bugMask: 0
cursorOffsetY: 0.5
instSizeCafe: 49664
instSizeNx: 145368
sortKey: -6
traverseDist: 724.539306640625
