aabbMax:
  X: 57.57229995727539
  Y: 46.98509979248047
  Z: 34.80070114135742
aabbMin:
  X: -42.43190002441406
  Y: -3.656179904937744
  Z: -21.85890007019043
boundingForTraverse: 50.64128112792969
bugMask: 0
cursorOffsetY: 0.5
instSizeCafe: 41944
instSizeNx: -1
sortKey: 0
terrainTextures:
- 522064384
- !u 0xffffff4c
traverseDist: 614.9397583007812
