aabbMax:
  X: 5.389200210571289
  Y: 40.97779846191406
  Z: -3.5849499702453613
aabbMin:
  X: -5.32427978515625
  Y: -2.7927699089050293
  Z: -4.566870212554932
boundingForTraverse: 43.77056884765625
bugMask: 0
cursorOffsetY: 0.5
instSizeCafe: 38964
instSizeNx: -1
sortKey: 4
traverseDist: 500.0
