aabbMax:
  X: 97.08290100097656
  Y: 69.32990264892578
  Z: 83.55580139160156
aabbMin:
  X: -73.17890167236328
  Y: -41.49589920043945
  Z: -62.22129821777344
boundingForTraverse: 110.8258056640625
bugMask: 0
instSizeCafe: -1
instSizeNx: 75656
sortKey: 0
terrainTextures:
- !u 0xffff1d11
traverseDist: 3000.0
