aabbMax:
  X: 19.042699813842773
  Y: 24.6156005859375
  Z: 11.682499885559082
aabbMin:
  X: -19.40679931640625
  Y: -0.7563549876213074
  Z: -15.987600326538086
boundingForTraverse: 25.37195587158203
bugMask: 0
instSizeCafe: -1
instSizeNx: 120768
sortKey: 0
terrainTextures:
- !u 0xffff4d2a
traverseDist: 1000.0
