aabbMax:
  X: 45.35219955444336
  Y: 5.410679817199707
  Z: 21.542999267578125
aabbMin:
  X: -41.475101470947266
  Y: -66.1594009399414
  Z: -9.809720039367676
boundingForTraverse: 71.57008361816406
bugMask: 0
cursorOffsetY: 0.5
instSizeCafe: 18292
instSizeNx: 75656
sortKey: 0
terrainTextures:
- !u 0xffffff57
traverseDist: 1000.0
