aabbMax:
  X: 91.87770080566406
  Y: 5.789850234985352
  Z: 112.58999633789062
aabbMin:
  X: -94.48660278320312
  Y: -125.88500213623047
  Z: -114.10700225830078
boundingForTraverse: 131.6748504638672
bugMask: 0
cursorOffsetY: 0.5
instSizeCafe: 31736
instSizeNx: 96160
sortKey: -10
traverseDist: 793.467529296875
