aabbMax:
  X: 32.98379898071289
  Y: 41.940101623535156
  Z: 33.465999603271484
aabbMin:
  X: -34.897701263427734
  Y: -0.6379470229148865
  Z: -28.793399810791016
boundingForTraverse: 42.57804870605469
bugMask: 0
cursorOffsetY: 0.5
instSizeCafe: 40796
instSizeNx: -1
sortKey: 0
terrainTextures:
- !u 0xffffff44
