aabbMax:
  X: 38.62089920043945
  Y: 83.64920043945312
  Z: 22.700899124145508
aabbMin:
  X: -17.207799911499023
  Y: -0.5889049768447876
  Z: -17.955400466918945
boundingForTraverse: 84.23810577392578
bugMask: 0
cursorOffsetY: 0.5
instSizeCafe: 41660
instSizeNx: -1
sortKey: 0
terrainTextures:
- !u 0xffffff47
traverseDist: 1000.0
