aabbMax:
  X: 22.695899963378906
  Y: 8.030019760131836
  Z: 10.245499610900879
aabbMin:
  X: -22.63610076904297
  Y: -233.70799255371094
  Z: -14.300000190734863
boundingForTraverse: 241.73800659179688
bugMask: 0
cursorOffsetY: 0.5
instSizeCafe: 61984
instSizeNx: -1
sortKey: 0
terrainTextures:
- !u 0xffffff40
traverseDist: 3000.0
