aabbMax:
  X: 22.952499389648438
  Y: 3.9873900413513184
  Z: 28.75279998779297
aabbMin:
  X: -22.079099655151367
  Y: -14.314200401306152
  Z: -28.884199142456055
boundingForTraverse: 18.301589965820312
bugMask: 0
cursorOffsetY: 0.5
instSizeCafe: 18548
instSizeNx: 75656
sortKey: 0
traverseDist: 500.0
