aabbMax:
  X: 74.90799713134766
  Y: 7.656839847564697
  Z: 30.666400909423828
aabbMin:
  X: -81.42759704589844
  Y: -169.4010009765625
  Z: -59.50600051879883
boundingForTraverse: 177.05784606933594
bugMask: 0
cursorOffsetY: 0.5
instSizeCafe: -1
instSizeNx: 96160
sortKey: 0
terrainTextures:
- !u 0xff4c1f00
traverseDist: 3000.0
