aabbMax:
  X: 3.389539957046509
  Y: 0.05050700157880783
  Z: 8.360790252685547
aabbMin:
  X: -3.066159963607788
  Y: -5.324490070343018
  Z: -0.05133499950170517
boundingForTraverse: 5.374997138977051
bugMask: 0
cursorOffsetY: 0.5
instSizeCafe: -1
instSizeNx: 100320
rigidBodyCenterY: -2.4710700511932373
sortKey: 8
