aabbMax:
  X: 3.393199920654297
  Y: 59.458499908447266
  Z: 10.072999954223633
aabbMin:
  X: -20.8356990814209
  Y: -46.24850082397461
  Z: -14.441300392150879
boundingForTraverse: 105.70700073242188
bugMask: 0
cursorOffsetY: 0.5
instSizeCafe: 40092
instSizeNx: -1
sortKey: 0
traverseDist: 1000.0
