aabbMax:
  X: 25.906400680541992
  Y: 139.38699340820312
  Z: 93.20130157470703
aabbMin:
  X: -95.0730972290039
  Y: -23.26930046081543
  Z: -85.31770324707031
boundingForTraverse: 162.6562957763672
bugMask: 0
cursorOffsetY: 0.5
instSizeCafe: 31024
instSizeNx: -1
sortKey: 0
terrainTextures:
- !u 0xffff4608
traverseDist: 8000.0
