aabbMax:
  X: 35.00680160522461
  Y: 0.013814999721944332
  Z: 61.01340103149414
aabbMin:
  X: -35.48469924926758
  Y: -0.20670799911022186
  Z: -60.72119903564453
boundingForTraverse: 0.22052299976348877
bugMask: 0
cursorOffsetY: 0.5
instSizeCafe: -1
instSizeNx: 120768
sortKey: 0
traverseDist: 1000.0
