aabbMax:
  X: 23.164400100708008
  Y: 22.687000274658203
  Z: 5.647240161895752
aabbMin:
  X: -23.609800338745117
  Y: -4.382989883422852
  Z: -12.384900093078613
boundingForTraverse: 27.069990158081055
bugMask: 0
cursorOffsetY: 0.5
instSizeCafe: 40728
instSizeNx: -1
sortKey: -3
traverseDist: 500.0
