aabbMax:
  X: 29.607500076293945
  Y: 0.17961899936199188
  Z: 6.743130207061768
aabbMin:
  X: -29.720800399780273
  Y: -32.787498474121094
  Z: -32.00389862060547
boundingForTraverse: 32.96711730957031
bugMask: 0
instSizeCafe: 20996
instSizeNx: -1
sortKey: 0
