aabbMax:
  X: 6.046879768371582
  Y: 32.95209884643555
  Z: 1.3125
aabbMin:
  X: -1.7083100080490112
  Y: 0.0
  Z: -1.3417999744415283
boundingForTraverse: 32.95209884643555
bugMask: 1
cursorOffsetY: 0.5
instSizeCafe: 49260
instSizeNx: -1
rigidBodyCenterY: 16.293699264526367
sortKey: -1
traverseDist: 2000.0
