aabbMax:
  X: 7.449999809265137
  Y: 12.92770004272461
  Z: 6.067019939422607
aabbMin:
  X: -4.349999904632568
  Y: -0.34164801239967346
  Z: -6.0
boundingForTraverse: 13.26934814453125
bugMask: 0
cursorOffsetY: 0.5
instSizeCafe: 142488
instSizeNx: -1
sortKey: -11
traverseDist: 500.0
