aabbMax:
  X: 154.69200134277344
  Y: 4.514560222625732
  Z: 64.8280029296875
aabbMin:
  X: -179.07899475097656
  Y: -240.61199951171875
  Z: -32.82789993286133
boundingForTraverse: 245.12655639648438
bugMask: 0
cursorOffsetY: 0.5
instSizeCafe: -1
instSizeNx: 75656
sortKey: 18
terrainTextures:
- !u 0xffffff37
traverseDist: 847.763916015625
