aabbMax:
  X: 15.143899917602539
  Y: 0.12257400155067444
  Z: 21.557199478149414
aabbMin:
  X: -11.465200424194336
  Y: -49.86199951171875
  Z: -15.614299774169922
boundingForTraverse: 49.98457336425781
bugMask: 1
instSizeCafe: 292068
instSizeNx: 353408
rigidBodyCenterY: -16.003299713134766
sortKey: -1
terrainTextures:
- !u 0xffffff03
traverseDist: 500.0
