aabbMax:
  X: 45.13819885253906
  Y: 5.436200141906738
  Z: 22.58930015563965
aabbMin:
  X: -40.64870071411133
  Y: -66.07420349121094
  Z: -9.69398021697998
boundingForTraverse: 71.51040649414062
bugMask: 0
cursorOffsetY: 0.5
instSizeCafe: 17140
instSizeNx: -1
sortKey: 0
terrainTextures:
- !u 0xff331d11
traverseDist: 1000.0
