aabbMax:
  X: 0.22935700416564941
  Y: 1.3047800064086914
  Z: 0.24055199325084686
aabbMin:
  X: -0.2463040053844452
  Y: 0.0
  Z: -0.2128629982471466
boundingForTraverse: 1.3047800064086914
bugMask: 0
cursorOffsetY: 0.5
instSizeCafe: -1
instSizeNx: 116672
sortKey: 0
