aabbMax:
  X: 94.32379913330078
  Y: 38.28499984741211
  Z: 22.094200134277344
aabbMin:
  X: -94.32379913330078
  Y: -39.306800842285156
  Z: -19.6742000579834
boundingForTraverse: 77.591796875
bugMask: 0
cursorOffsetY: 0.5
instSizeCafe: 43636
instSizeNx: -1
sortKey: 0
terrainTextures:
- !u 0xffffff15
traverseDist: 693.2162475585938
