aabbMax:
  X: 0.795333981513977
  Y: 1.1905900239944458
  Z: 0.6738989949226379
aabbMin:
  X: -0.795333981513977
  Y: -0.037418998777866364
  Z: -0.5517410039901733
boundingForTraverse: 1.2280089855194092
bugMask: 0
cursorOffsetY: 0.5
instSizeCafe: -1
instSizeNx: 120768
sortKey: 16
traverseDist: 400.0
