aabbMax:
  X: 53.876399993896484
  Y: 40.68939971923828
  Z: 28.459400177001953
aabbMin:
  X: -47.22700119018555
  Y: -39.5796012878418
  Z: -34.655399322509766
boundingForTraverse: 80.26899719238281
bugMask: 0
cursorOffsetY: 0.5
instSizeCafe: 18612
instSizeNx: -1
sortKey: 0
traverseDist: 1000.0
