aabbMax:
  X: 9.273200035095215
  Y: 0.09296900033950806
  Z: 2.200390100479126
aabbMin:
  X: -9.091950416564941
  Y: -8.590279579162598
  Z: -13.982000350952148
boundingForTraverse: 8.683249473571777
bugMask: 0
cursorOffsetY: 0.5
instSizeCafe: 40796
instSizeNx: 116672
sortKey: 14
terrainTextures:
- !u 0xffffff47
traverseDist: 500.0
