aabbMax:
  X: 18.488500595092773
  Y: 40.384700775146484
  Z: 20.211299896240234
aabbMin:
  X: -18.197200775146484
  Y: 0.0
  Z: -7.972609996795654
boundingForTraverse: 40.384700775146484
bugMask: 0
instSizeCafe: -1
instSizeNx: 96552
sortKey: -2
terrainTextures:
- !u 0xffff1d11
traverseDist: 546.2620239257812
