aabbMax:
  X: 10.247900009155273
  Y: 0.4998700022697449
  Z: 17.87150001525879
aabbMin:
  X: -10.289600372314453
  Y: -44.502201080322266
  Z: -17.812000274658203
boundingForTraverse: 45.002071380615234
bugMask: 0
instSizeCafe: 82952
instSizeNx: -1
sortKey: -10
traverseDist: 541.171630859375
