aabbMax:
  X: 9.739999771118164
  Y: 16.66080093383789
  Z: 3.240000009536743
aabbMin:
  X: -9.739999771118164
  Y: 0.0
  Z: -3.240000009536743
boundingForTraverse: 16.66080093383789
bugMask: 0
cursorOffsetY: 0.5
instSizeCafe: -1
instSizeNx: 141272
sortKey: -1
traverseDist: 500.0
