aabbMax:
  X: 6.0190300941467285
  Y: 0.05186399817466736
  Z: 1.1320600509643555
aabbMin:
  X: -6.011390209197998
  Y: -0.6490190029144287
  Z: -1.1110600233078003
boundingForTraverse: 0.7008829712867737
bugMask: 3
cursorOffsetY: 0.5
instSizeCafe: 45804
instSizeNx: -1
rigidBodyCenterY: -0.20644499361515045
sortKey: -6
traverseDist: 200.0
