aabbMax:
  X: 40.288700103759766
  Y: 6.978799819946289
  Z: 38.78110122680664
aabbMin:
  X: -39.9114990234375
  Y: -12.74020004272461
  Z: -37.825199127197266
boundingForTraverse: 19.7189998626709
bugMask: 0
cursorOffsetY: 0.5
instSizeCafe: 48256
instSizeNx: -1
sortKey: -3
terrainTextures:
- !u 0xff373108
traverseDist: 610.9080810546875
