aabbMax:
  X: 7.1316399574279785
  Y: 22.148500442504883
  Z: 8.307040214538574
aabbMin:
  X: -5.104360103607178
  Y: 0.0
  Z: -7.077149868011475
boundingForTraverse: 22.148500442504883
bugMask: 0
cursorOffsetY: 0.5
instSizeCafe: -1
instSizeNx: 116672
sortKey: 0
traverseDist: 519.6568603515625
