aabbMax:
  X: 26.283199310302734
  Y: 0.6965029835700989
  Z: 21.007099151611328
aabbMin:
  X: -25.52750015258789
  Y: -67.13390350341797
  Z: -26.38159942626953
boundingForTraverse: 67.83040618896484
bugMask: 0
cursorOffsetY: 0.5
instSizeCafe: -1
instSizeNx: 116672
sortKey: 0
terrainTextures:
- 487657472
- !u 0xffff4c1f
traverseDist: 400.0
