aabbMax:
  X: 1.8364399671554565
  Y: 12.892900466918945
  Z: 1.8339699506759644
aabbMin:
  X: -1.8748500347137451
  Y: 3.2599799633026123
  Z: -1.8743499517440796
boundingForTraverse: 9.632920265197754
bugMask: 0
cursorOffsetY: 0.5
instSizeCafe: 17140
instSizeNx: -1
sortKey: 0
traverseDist: 1000.0
