aabbMax:
  X: 31.1825008392334
  Y: 12.175100326538086
  Z: 46.21310043334961
aabbMin:
  X: -47.182498931884766
  Y: -116.0
  Z: -49.5
boundingForTraverse: 128.1750946044922
bugMask: 0
cursorOffsetY: 0.5
instSizeCafe: 197676
instSizeNx: -1
sortKey: -1
terrainTextures:
- !u 0xffff402c
traverseDist: 623.7015380859375
