aabbMax:
  X: 39.08620071411133
  Y: 5.857019901275635
  Z: 11.232999801635742
aabbMin:
  X: -38.961299896240234
  Y: -34.24449920654297
  Z: -11.246299743652344
boundingForTraverse: 40.10152053833008
bugMask: 0
cursorOffsetY: 0.5
instSizeCafe: 50812
instSizeNx: -1
sortKey: 0
terrainTextures:
- !u 0xffff4608
traverseDist: 581.2202758789062
