aabbMax:
  X: 1.518720030784607
  Y: 1.5506800413131714
  Z: 3.539060115814209
aabbMin:
  X: -3.2737600803375244
  Y: -0.6214020252227783
  Z: -2.761820077896118
boundingForTraverse: 2.17208194732666
bugMask: 0
cursorOffsetY: 0.5
instSizeCafe: -1
instSizeNx: 165880
sortKey: 0
