aabbMax:
  X: 50000.0
  Y: 1152.3800048828125
  Z: 50000.0
aabbMin:
  X: -50000.0
  Y: -1714.0
  Z: -50000.0
boundingForTraverse: 2866.3798828125
bugMask: 0
cursorOffsetY: 0.5
instSizeCafe: 38588
instSizeNx: -1
sortKey: 4575
terrainTextures:
- 487788800
- !u 0xff4c371f
traverseDist: 141921.359375
