aabbMax:
  X: 27.372699737548828
  Y: 1.0806900262832642
  Z: 28.166400909423828
aabbMin:
  X: -24.685199737548828
  Y: -267.2869873046875
  Z: -23.592500686645508
boundingForTraverse: 268.36767578125
bugMask: 0
cursorOffsetY: 0.5
instSizeCafe: 41080
instSizeNx: -1
sortKey: 0
traverseDist: 2000.0
