aabbMax:
  X: 8.327930450439453
  Y: 2.0019400119781494
  Z: 8.469510078430176
aabbMin:
  X: -9.053409576416016
  Y: -5.915589809417725
  Z: -8.134659767150879
boundingForTraverse: 7.917530059814453
bugMask: 0
cursorOffsetY: 0.5
instSizeCafe: 18548
instSizeNx: -1
sortKey: 4
terrainTextures:
- !u 0xffffff57
traverseDist: 200.0
