aabbMax:
  X: 4.486849784851074
  Y: 6.630970001220703
  Z: 8.798290252685547
aabbMin:
  X: -6.4394001960754395
  Y: -0.6016370058059692
  Z: -5.393789768218994
boundingForTraverse: 7.232606887817383
bugMask: 0
cursorOffsetY: 0.5
instSizeCafe: 62432
instSizeNx: -1
sortKey: -10
traverseDist: 500.0
