aabbMax:
  X: 430.82000732421875
  Y: 632.458984375
  Z: 198.552001953125
aabbMin:
  X: -448.7749938964844
  Y: -52.04159927368164
  Z: -564.60498046875
boundingForTraverse: 684.5006103515625
bugMask: 0
instSizeCafe: 27348
instSizeNx: -1
sortKey: 6
terrainTextures:
- !u 0xff4c1f00
traverseDist: 1664.5152587890625
