aabbMax:
  X: 20.3164005279541
  Y: 14.27280044555664
  Z: 17.91830062866211
aabbMin:
  X: -21.298500061035156
  Y: -0.21141499280929565
  Z: -21.38719940185547
boundingForTraverse: 14.48421573638916
bugMask: 0
cursorOffsetY: 0.5
instSizeCafe: 28756
instSizeNx: -1
sortKey: 0
terrainTextures:
- !u 0xffffff3a
traverseDist: 1000.0
