aabbMax:
  X: 35.959800720214844
  Y: 34.187801361083984
  Z: 31.42169952392578
aabbMin:
  X: -36.37689971923828
  Y: -0.5176510214805603
  Z: -33.39059829711914
boundingForTraverse: 34.70545196533203
bugMask: 0
cursorOffsetY: 0.5
instSizeCafe: 51712
instSizeNx: 141272
sortKey: 0
terrainTextures:
- !u 0xffff461c
traverseDist: 1000.0
