aabbMax:
  X: 4.064670085906982
  Y: 3.014009952545166
  Z: 0.32219499349594116
aabbMin:
  X: -4.064670085906982
  Y: -3.014009952545166
  Z: -0.32219499349594116
boundingForTraverse: 6.028019905090332
bugMask: 0
cursorOffsetY: 0.5
instSizeCafe: 17268
instSizeNx: -1
sortKey: 0
