aabbMax:
  X: 20.412399291992188
  Y: 14.37720012664795
  Z: 17.98080062866211
aabbMin:
  X: -21.606300354003906
  Y: -0.6821849942207336
  Z: -21.497100830078125
boundingForTraverse: 15.059385299682617
bugMask: 0
cursorOffsetY: 0.5
instSizeCafe: 38940
instSizeNx: 116672
sortKey: 0
terrainTextures:
- !u 0xff4c1f00
traverseDist: 1000.0
