aabbMax:
  X: 42.200199127197266
  Y: 11.855999946594238
  Z: 7.011829853057861
aabbMin:
  X: -38.26940155029297
  Y: -155.06399536132812
  Z: -56.91400146484375
boundingForTraverse: 166.9199981689453
bugMask: 0
cursorOffsetY: 0.5
instSizeCafe: 31984
instSizeNx: -1
sortKey: 0
traverseDist: 1500.0
