aabbMax:
  X: 593.43701171875
  Y: 28.147600173950195
  Z: 650.5139770507812
aabbMin:
  X: -591.3759765625
  Y: -120.79000091552734
  Z: -630.8800048828125
boundingForTraverse: 148.93760681152344
bugMask: 2
cursorOffsetY: 0.5
instSizeCafe: 72340
instSizeNx: -1
sortKey: 0
traverseDist: 2000.0
