aabbMax:
  X: 233.27099609375
  Y: 34.225399017333984
  Z: 140.3780059814453
aabbMin:
  X: -233.83900451660156
  Y: -34.225399017333984
  Z: -147.45399475097656
boundingForTraverse: 68.45079803466797
bugMask: 0
cursorOffsetY: 0.5
instSizeCafe: -1
instSizeNx: 591824
sortKey: 0
terrainTextures:
- !u 0xff1d1103
traverseDist: 1048.670166015625
