aabbMax:
  X: 21.496700286865234
  Y: 12.446000099182129
  Z: 16.9414005279541
aabbMin:
  X: -20.342500686645508
  Y: -9.506230354309082
  Z: -19.820600509643555
boundingForTraverse: 21.95223045349121
bugMask: 0
cursorOffsetY: 0.5
instSizeCafe: 28760
instSizeNx: 96160
sortKey: 0
traverseDist: 500.0
