aabbMax:
  X: 14.861800193786621
  Y: 3.673099994659424
  Z: 11.990400314331055
aabbMin:
  X: -14.861800193786621
  Y: 0.0
  Z: -4.285399913787842
boundingForTraverse: 3.673099994659424
bugMask: 0
cursorOffsetY: 0.5
instSizeCafe: 20908
instSizeNx: -1
sortKey: 0
traverseDist: 800.0
