aabbMax:
  X: 43.514198303222656
  Y: 128.61399841308594
  Z: 110.16699981689453
aabbMin:
  X: -51.624900817871094
  Y: -45.6702995300293
  Z: -93.34329986572266
boundingForTraverse: 174.2843017578125
bugMask: 0
instSizeCafe: 39932
instSizeNx: -1
sortKey: 0
terrainTextures:
- 487657472
- !u 0xffff4c1f
traverseDist: 724.650634765625
