aabbMax:
  X: 1.5822999477386475
  Y: 2.346519947052002
  Z: 2.777669906616211
aabbMin:
  X: -1.5016100406646729
  Y: -0.18594999611377716
  Z: -2.476680040359497
boundingForTraverse: 2.5324699878692627
bugMask: 3
cursorOffsetY: 0.5
instSizeCafe: 57264
instSizeNx: -1
rigidBodyCenterY: 0.10000000149011612
sortKey: 2
