aabbMax:
  X: 15.881500244140625
  Y: 50.84349822998047
  Z: 110.08599853515625
aabbMin:
  X: -124.87999725341797
  Y: -1.814210057258606
  Z: -20.294300079345703
boundingForTraverse: 52.65770721435547
bugMask: 0
cursorOffsetY: 0.5
instSizeCafe: 29912
instSizeNx: 96160
sortKey: 0
terrainTextures:
- !u 0xffffff08
traverseDist: 1000.0
