aabbMax:
  X: 4.557750225067139
  Y: 0.015239999629557133
  Z: 0.1978529989719391
aabbMin:
  X: -3.5343399047851562
  Y: -35.324100494384766
  Z: -10.308699607849121
boundingForTraverse: 35.33934020996094
bugMask: 0
cursorOffsetY: 0.5
instSizeCafe: 39860
instSizeNx: -1
sortKey: 0
traverseDist: 2000.0
