aabbMax:
  X: 80.68930053710938
  Y: 87.65270233154297
  Z: 56.16210174560547
aabbMin:
  X: -163.2050018310547
  Y: -0.6218069791793823
  Z: -93.66200256347656
boundingForTraverse: 88.27450561523438
bugMask: 0
instSizeCafe: 41652
instSizeNx: -1
sortKey: 0
terrainTextures:
- !u 0xffff4d2a
traverseDist: 2000.0
