aabbMax:
  X: 4.565470218658447
  Y: 58.90129852294922
  Z: 4.834980010986328
aabbMin:
  X: -4.776750087738037
  Y: -1.248039960861206
  Z: -25.213699340820312
boundingForTraverse: 60.14933776855469
bugMask: 0
cursorOffsetY: 0.5
instSizeCafe: 133140
instSizeNx: -1
sortKey: 0
traverseDist: 531.4674682617188
