aabbMax:
  X: 1.3255599737167358
  Y: 1.9843100309371948
  Z: 1.0683000087738037
aabbMin:
  X: -1.3255599737167358
  Y: -0.06236499920487404
  Z: -0.9195680022239685
boundingForTraverse: 2.046674966812134
bugMask: 0
cursorOffsetY: 0.5
instSizeCafe: -1
instSizeNx: 75656
sortKey: 0
traverseDist: 300.0
