aabbMax:
  X: 56.12009811401367
  Y: 34.52909851074219
  Z: 118.12799835205078
aabbMin:
  X: -59.6343994140625
  Y: -37.59199905395508
  Z: -122.36100006103516
boundingForTraverse: 72.12109375
bugMask: 0
cursorOffsetY: 0.5
instSizeCafe: 41436
instSizeNx: -1
sortKey: 0
terrainTextures:
- !u 0xffffff08
traverseDist: 100000.0
