aabbMax:
  X: 53.92290115356445
  Y: 1.1649800539016724
  Z: 33.618900299072266
aabbMin:
  X: -51.955299377441406
  Y: -36.53329849243164
  Z: -23.68829917907715
boundingForTraverse: 37.698280334472656
bugMask: 0
cursorOffsetY: 0.5
instSizeCafe: -1
instSizeNx: 116672
sortKey: 0
terrainTextures:
- 286264064
- !u 0xff4c1f1d
