aabbMax:
  X: 19.915700912475586
  Y: 0.555118978023529
  Z: 39.53300094604492
aabbMin:
  X: -18.76140022277832
  Y: -31.30030059814453
  Z: 1.1104199886322021
boundingForTraverse: 31.855419158935547
bugMask: 0
cursorOffsetY: 0.5
instSizeCafe: 29912
instSizeNx: -1
sortKey: 0
traverseDist: 554.5180053710938
