aabbMax:
  X: 27.603200912475586
  Y: 1.2895300388336182
  Z: 13.886099815368652
aabbMin:
  X: -28.35409927368164
  Y: -40.76530075073242
  Z: -10.552200317382812
boundingForTraverse: 42.054832458496094
bugMask: 0
cursorOffsetY: 0.5
instSizeCafe: 62372
instSizeNx: 169976
sortKey: 6
terrainTextures:
- !u 0xff373108
traverseDist: 561.06103515625
