aabbMax:
  X: 18.756200790405273
  Y: 22.256099700927734
  Z: 18.353700637817383
aabbMin:
  X: -13.270099639892578
  Y: -2.9274098873138428
  Z: -9.721059799194336
boundingForTraverse: 25.183509826660156
bugMask: 0
instSizeCafe: -1
instSizeNx: 75656
sortKey: -27
traverseDist: 1000.0
