aabbMax:
  X: 38.546600341796875
  Y: 1.2392200231552124
  Z: 23.032699584960938
aabbMin:
  X: -38.42250061035156
  Y: -18.45210075378418
  Z: -10.415900230407715
boundingForTraverse: 19.691320419311523
bugMask: 0
cursorOffsetY: 0.5
instSizeCafe: 29912
instSizeNx: 96160
sortKey: 0
terrainTextures:
- !u 0xffffff4e
traverseDist: 583.9229125976562
