aabbMax:
  X: 0.42574599385261536
  Y: 6.101970195770264
  Z: 0.4532420039176941
aabbMin:
  X: -0.4408169984817505
  Y: 1.100000023841858
  Z: -0.4351699948310852
boundingForTraverse: 5.001969814300537
bugMask: 3
cursorOffsetY: 0.5
instSizeCafe: 73152
instSizeNx: 196640
rigidBodyCenterY: 3.600990056991577
sortKey: -5
traverseDist: 150.0
