aabbMax:
  X: 2.25
  Y: 0.3294529914855957
  Z: 25.83370018005371
aabbMin:
  X: -2.25
  Y: -0.3294529914855957
  Z: -0.28531500697135925
boundingForTraverse: 0.6589059829711914
bugMask: 2
instSizeCafe: 26592
instSizeNx: -1
sortKey: 0
traverseDist: 200.0
