aabbMax:
  X: 21.807899475097656
  Y: 28.463699340820312
  Z: 22.688600540161133
aabbMin:
  X: -53.35530090332031
  Y: -3.7728800773620605
  Z: -24.82270050048828
boundingForTraverse: 32.23657989501953
bugMask: 0
cursorOffsetY: 0.5
instSizeCafe: 48256
instSizeNx: 145368
sortKey: 2
terrainTextures:
- !u 0xff373108
traverseDist: 800.0
