aabbMax:
  X: 2.2746500968933105
  Y: 0.3420349955558777
  Z: 5.3040900230407715
aabbMin:
  X: -2.0714800357818604
  Y: -0.3048110008239746
  Z: -1.3538299798965454
boundingForTraverse: 0.6468459963798523
bugMask: 0
instSizeCafe: -1
instSizeNx: 102648
rigidBodyCenterY: 0.05000000074505806
sortKey: 10
traverseDist: 300.0
