aabbMax:
  X: 42.236900329589844
  Y: 15.668399810791016
  Z: 14.118499755859375
aabbMin:
  X: -22.33679962158203
  Y: -4.581820011138916
  Z: -40.09049987792969
boundingForTraverse: 20.250219345092773
bugMask: 0
instSizeCafe: 28272
instSizeNx: -1
sortKey: 2
terrainTextures:
- 521998592
- !u 0xffffff4c
traverseDist: 584.3112182617188
