aabbMax:
  X: 4.719019889831543
  Y: 7.449460029602051
  Z: 2.3854000568389893
aabbMin:
  X: -4.978409767150879
  Y: -0.4520129859447479
  Z: -2.6851298809051514
boundingForTraverse: 7.901473045349121
bugMask: 2
cursorOffsetY: 0.5
instSizeCafe: -1
instSizeNx: 132152
rigidBodyCenterY: 2.5555200576782227
sortKey: -10
traverseDist: 200.0
