aabbMax:
  X: 33.743900299072266
  Y: 69.97440338134766
  Z: 37.042301177978516
aabbMin:
  X: -32.527000427246094
  Y: -3.612760066986084
  Z: -36.680599212646484
boundingForTraverse: 73.58716583251953
bugMask: 0
cursorOffsetY: 0.5
instSizeCafe: 39196
instSizeNx: 116672
sortKey: 0
terrainTextures:
- 1279139584
traverseDist: 2000.0
