aabbMax:
  X: 62.37889862060547
  Y: 54.89139938354492
  Z: 59.64720153808594
aabbMin:
  X: -47.0635986328125
  Y: -4.900000095367432
  Z: -48.04439926147461
boundingForTraverse: 59.79140090942383
bugMask: 0
instSizeCafe: 49208
instSizeNx: -1
sortKey: 19
terrainTextures:
- !u 0xff373108
traverseDist: 653.5419921875
