aabbMax:
  X: 53.72209930419922
  Y: 17.30340003967285
  Z: 79.0615005493164
aabbMin:
  X: -89.25869750976562
  Y: -44.208900451660156
  Z: -112.25700378417969
boundingForTraverse: 61.512298583984375
bugMask: 0
cursorOffsetY: 0.5
instSizeCafe: 42264
instSizeNx: -1
sortKey: 0
terrainTextures:
- 522064384
- !u 0xffffff4c
traverseDist: 738.8436279296875
