aabbMax:
  X: 7.311180114746094
  Y: 3.134619951248169
  Z: 6.109839916229248
aabbMin:
  X: -6.65841007232666
  Y: -3.0384700298309326
  Z: -5.454999923706055
boundingForTraverse: 6.173089981079102
bugMask: 1
cursorOffsetY: 0.5
instSizeCafe: -1
instSizeNx: 109416
rigidBodyCenterY: 0.10759499669075012
sortKey: -13
terrainTextures:
- !u 0xffffff15
traverseDist: 300.0
