aabbMax:
  X: 6.8526201248168945
  Y: 50.51210021972656
  Z: -3.0166800022125244
aabbMin:
  X: -135.7239990234375
  Y: -0.7686269879341125
  Z: -142.94700622558594
boundingForTraverse: 51.28072738647461
bugMask: 0
cursorOffsetY: 0.5
instSizeCafe: -1
instSizeNx: 75656
sortKey: 0
