aabbMax:
  X: 1.0566400289535522
  Y: 1.5
  Z: 0.22499999403953552
aabbMin:
  X: -0.7134199738502502
  Y: 0.06849300116300583
  Z: -0.22499999403953552
boundingForTraverse: 1.4315069913864136
bugMask: 1
cursorOffsetY: 0.5
instSizeCafe: 25900
instSizeNx: 84528
rigidBodyCenterY: 0.9000229835510254
sortKey: -20
