aabbMax:
  X: 9.661970138549805
  Y: 22.775100708007812
  Z: 7.633240222930908
aabbMin:
  X: -7.216650009155273
  Y: -4.619959831237793
  Z: -8.870409965515137
boundingForTraverse: 27.395061492919922
bugMask: 0
cursorOffsetY: 0.5
instSizeCafe: 18544
instSizeNx: -1
sortKey: 14
terrainTextures:
- !u 0xffffff57
traverseDist: 500.0
