aabbMax:
  X: 7.096749782562256
  Y: 5.936200141906738
  Z: 4.341390132904053
aabbMin:
  X: -5.142210006713867
  Y: -0.3468640148639679
  Z: -3.6227800846099854
boundingForTraverse: 6.283063888549805
bugMask: 0
cursorOffsetY: 0.5
instSizeCafe: -1
instSizeNx: 75656
sortKey: 0
traverseDist: 1000.0
