aabbMax:
  X: 59.875999450683594
  Y: 2.689470052719116
  Z: 34.39149856567383
aabbMin:
  X: -57.05329895019531
  Y: -47.385101318359375
  Z: -24.046199798583984
boundingForTraverse: 50.07456970214844
bugMask: 0
instSizeCafe: 30292
instSizeNx: -1
sortKey: 0
terrainTextures:
- !u 0xffffff15
traverseDist: 2000.0
