aabbMax:
  X: 38.979000091552734
  Y: 6.012340068817139
  Z: 30.532800674438477
aabbMin:
  X: -29.497299194335938
  Y: -22.9689998626709
  Z: -34.42649841308594
boundingForTraverse: 28.981340408325195
bugMask: 0
cursorOffsetY: 0.5
instSizeCafe: 28756
instSizeNx: -1
sortKey: 0
terrainTextures:
- !u 0xffffff57
traverseDist: 594.385986328125
