aabbMax:
  X: 13.347000122070312
  Y: 117.38200378417969
  Z: 20.430500030517578
aabbMin:
  X: -14.058500289916992
  Y: 39.49340057373047
  Z: -19.564599990844727
boundingForTraverse: 77.88860321044922
bugMask: 0
cursorOffsetY: 0.5
instSizeCafe: 183632
instSizeNx: 448544
sortKey: 0
traverseDist: 548.4837036132812
