aabbMax:
  X: 23.690799713134766
  Y: 33.48970031738281
  Z: 18.206300735473633
aabbMin:
  X: -28.962900161743164
  Y: -27.862199783325195
  Z: -23.034799575805664
boundingForTraverse: 61.351898193359375
bugMask: 0
instSizeCafe: -1
instSizeNx: 116672
sortKey: 0
terrainTextures:
- !u 0xff373108
traverseDist: 2000.0
