aabbMax:
  X: 0.27365899085998535
  Y: 0.0
  Z: 0.2739480137825012
aabbMin:
  X: -0.27366501092910767
  Y: -0.5597140192985535
  Z: -0.2733590006828308
boundingForTraverse: 0.5597140192985535
bugMask: 0
cursorOffsetY: 0.5
instSizeCafe: 28184
instSizeNx: -1
sortKey: -1
traverseDist: 400.0
