aabbMax:
  X: 10.926400184631348
  Y: 1.9804999828338623
  Z: 8.599720001220703
aabbMin:
  X: -8.873900413513184
  Y: -1.5
  Z: -6.810609817504883
boundingForTraverse: 3.4804999828338623
bugMask: 0
cursorOffsetY: 0.5
instSizeCafe: 18796
instSizeNx: -1
sortKey: 0
terrainTextures:
- !u 0xffffff57
traverseDist: 500.0
