aabbMax:
  X: 46.103599548339844
  Y: 5.1108598709106445
  Z: 22.26799964904785
aabbMin:
  X: -40.24079895019531
  Y: -66.12660217285156
  Z: -9.51692008972168
boundingForTraverse: 71.23746490478516
bugMask: 0
cursorOffsetY: 0.5
instSizeCafe: 18544
instSizeNx: -1
sortKey: -2
terrainTextures:
- !u 0xffffff57
traverseDist: 592.0089111328125
