aabbMax:
  X: 97.35549926757812
  Y: 17.671199798583984
  Z: 31.452899932861328
aabbMin:
  X: -97.44329833984375
  Y: -9.840339660644531
  Z: -32.07509994506836
boundingForTraverse: 27.511539459228516
bugMask: 0
instSizeCafe: 49208
instSizeNx: -1
sortKey: -8
terrainTextures:
- !u 0xff373108
traverseDist: 704.89599609375
