aabbMax:
  X: 13.734199523925781
  Y: 18.624799728393555
  Z: 4.850460052490234
aabbMin:
  X: -13.734199523925781
  Y: -18.624799728393555
  Z: -4.850460052490234
boundingForTraverse: 37.24959945678711
bugMask: 0
cursorOffsetY: 0.5
instSizeCafe: 19476
instSizeNx: -1
sortKey: 0
traverseDist: 529.131103515625
