aabbMax:
  X: 191.57000732421875
  Y: 195.36000061035156
  Z: 118.72699737548828
aabbMin:
  X: -183.99899291992188
  Y: -25.899099349975586
  Z: -320.2460021972656
boundingForTraverse: 221.25909423828125
bugMask: 0
instSizeCafe: -1
instSizeNx: 169976
sortKey: 8
terrainTextures:
- !u 0xff373108
traverseDist: 1077.71044921875
