aabbMax:
  X: 41.34410095214844
  Y: 17.447900772094727
  Z: 30.135799407958984
aabbMin:
  X: -38.72489929199219
  Y: -19.09670066833496
  Z: 1.282189965248108
boundingForTraverse: 36.54460144042969
bugMask: 0
cursorOffsetY: 0.5
instSizeCafe: 31704
instSizeNx: -1
sortKey: 0
terrainTextures:
- !u 0xffff4608
traverseDist: 585.1091918945312
