aabbMax:
  X: 129.37899780273438
  Y: 6.700479984283447
  Z: 62.779598236083984
aabbMin:
  X: -233.45399475097656
  Y: -332.3810119628906
  Z: -86.8407974243164
boundingForTraverse: 339.08148193359375
bugMask: 0
cursorOffsetY: 0.5
instSizeCafe: 30576
instSizeNx: -1
sortKey: 0
terrainTextures:
- !u 0xff4c1f00
traverseDist: 892.4717407226562
