aabbMax:
  X: 1.257580041885376
  Y: 0.11899100244045258
  Z: 0.6000000238418579
aabbMin:
  X: -1.479449987411499
  Y: -1.537500023841858
  Z: -0.6000000238418579
boundingForTraverse: 1.6564910411834717
bugMask: 1
cursorOffsetY: 0.5
instSizeCafe: -1
instSizeNx: 84520
rigidBodyCenterY: -0.9080690145492554
sortKey: -22
