aabbMax:
  X: 52.232398986816406
  Y: 27.164600372314453
  Z: 12.65060043334961
aabbMin:
  X: -50.954898834228516
  Y: -27.837400436401367
  Z: -15.918700218200684
boundingForTraverse: 55.00199890136719
bugMask: 0
instSizeCafe: -1
instSizeNx: 96160
sortKey: -26
terrainTextures:
- !u 0xffff3731
traverseDist: 607.0692749023438
