aabbMax:
  X: 23.18239974975586
  Y: 23.451400756835938
  Z: 24.91990089416504
aabbMin:
  X: -20.223800659179688
  Y: -26.67889976501465
  Z: -26.370500564575195
boundingForTraverse: 50.13030242919922
bugMask: 0
cursorOffsetY: 0.5
instSizeCafe: 28756
instSizeNx: -1
sortKey: 0
traverseDist: 500.0
