aabbMax:
  X: 7.975590229034424
  Y: 0.09999799728393555
  Z: 9.623539924621582
aabbMin:
  X: -7.884960174560547
  Y: -100.5979995727539
  Z: -15.897199630737305
boundingForTraverse: 100.697998046875
bugMask: 0
cursorOffsetY: 0.5
instSizeCafe: -1
instSizeNx: 76088
sortKey: -4
traverseDist: 530.0477294921875
