aabbMax:
  X: 6.367919921875
  Y: 1.3894399404525757
  Z: 6.250879764556885
aabbMin:
  X: -5.3207502365112305
  Y: -0.684578001499176
  Z: -6.307079792022705
boundingForTraverse: 2.0740180015563965
bugMask: 0
cursorOffsetY: 0.5
instSizeCafe: 41500
instSizeNx: 116672
sortKey: -3
traverseDist: 500.0
