aabbMax:
  X: 0.7496200203895569
  Y: -0.10085199773311615
  Z: 63.19110107421875
aabbMin:
  X: -2.517280101776123
  Y: -6.144859790802002
  Z: -50.16550064086914
boundingForTraverse: 6.044007778167725
bugMask: 2
cursorOffsetY: 0.5
instSizeCafe: 29056
instSizeNx: -1
sortKey: -1
traverseDist: 500.0
