aabbMax:
  X: 5.645060062408447
  Y: 0.5944470167160034
  Z: 5.0452399253845215
aabbMin:
  X: -4.1390299797058105
  Y: -0.8383569717407227
  Z: -4.678530216217041
boundingForTraverse: 1.432803988456726
bugMask: 0
cursorOffsetY: 0.5
instSizeCafe: -1
instSizeNx: 75656
sortKey: 0
terrainTextures:
- !u 0xffffff1c
