aabbMax:
  X: 1.9650800228118896
  Y: 0.22790899872779846
  Z: 0.8888850212097168
aabbMin:
  X: -1.5801500082015991
  Y: -0.3376150131225586
  Z: -0.885453999042511
boundingForTraverse: 0.5655239820480347
bugMask: 0
cursorOffsetY: 0.5
instSizeCafe: -1
instSizeNx: 75656
sortKey: -16
