aabbMax:
  X: 14.764300346374512
  Y: 16.98699951171875
  Z: 16.154800415039062
aabbMin:
  X: -16.23419952392578
  Y: -2.5585999488830566
  Z: -15.959400177001953
boundingForTraverse: 19.54559898376465
bugMask: 0
cursorOffsetY: 0.5
instSizeCafe: 28760
instSizeNx: 96160
sortKey: 0
traverseDist: 1000.0
