aabbMax:
  X: 3.9603700637817383
  Y: 2.4907500743865967
  Z: 3.912440061569214
aabbMin:
  X: -3.9010000228881836
  Y: -0.20077599585056305
  Z: -4.008659839630127
boundingForTraverse: 2.691525936126709
bugMask: 0
cursorOffsetY: 0.5
instSizeCafe: 65272
instSizeNx: -1
sortKey: 0
traverseDist: 1000.0
