aabbMax:
  X: 94.15779876708984
  Y: 142.18899536132812
  Z: 44.43899917602539
aabbMin:
  X: -94.45339965820312
  Y: -0.9953460097312927
  Z: -85.73699951171875
boundingForTraverse: 143.18434143066406
bugMask: 0
cursorOffsetY: 0.5
instSizeCafe: 43420
instSizeNx: -1
sortKey: 0
traverseDist: 729.17236328125
