aabbMax:
  X: 2.2482900619506836
  Y: 0.7857549786567688
  Z: 0.10820099711418152
aabbMin:
  X: -2.2482900619506836
  Y: -0.1352590024471283
  Z: -1.4662799835205078
boundingForTraverse: 0.9210140109062195
bugMask: 0
cursorOffsetY: 0.5
instSizeCafe: 27608
instSizeNx: 96160
sortKey: -7
traverseDist: 200.0
