aabbMax:
  X: 74.65080261230469
  Y: 6.341340065002441
  Z: 30.466400146484375
aabbMin:
  X: -80.59649658203125
  Y: -169.0
  Z: -59.89509963989258
boundingForTraverse: 175.34133911132812
bugMask: 0
cursorOffsetY: 0.5
instSizeCafe: 29908
instSizeNx: -1
sortKey: 0
terrainTextures:
- !u 0xff4c1f00
traverseDist: 679.6300048828125
