aabbMax:
  X: 48.91019821166992
  Y: 64.71620178222656
  Z: 35.47529983520508
aabbMin:
  X: -50.48860168457031
  Y: -41.12919998168945
  Z: -29.36389923095703
boundingForTraverse: 105.84539794921875
bugMask: 0
instSizeCafe: 38040
instSizeNx: -1
sortKey: 0
terrainTextures:
- !u 0xff373108
traverseDist: 6000.0
