aabbMax:
  X: 12.901200294494629
  Y: 3.4112799167633057
  Z: 11.591099739074707
aabbMin:
  X: -14.138500213623047
  Y: -1.9329500198364258
  Z: -11.419699668884277
boundingForTraverse: 5.3442301750183105
bugMask: 0
instSizeCafe: 27608
instSizeNx: 96160
sortKey: 0
terrainTextures:
- !u 0xffff1e12
traverseDist: 300.0
