aabbMax:
  X: 50.86249923706055
  Y: 2.426680088043213
  Z: 60.43170166015625
aabbMin:
  X: -41.4640007019043
  Y: -32.44649887084961
  Z: -23.8085994720459
boundingForTraverse: 34.8731803894043
bugMask: 0
cursorOffsetY: 0.5
instSizeCafe: 30004
instSizeNx: -1
sortKey: 0
