aabbMax:
  X: 8.133279800415039
  Y: 3.53695011138916
  Z: 55.37630081176758
aabbMin:
  X: -7.97422981262207
  Y: -20.495399475097656
  Z: -54.10029983520508
boundingForTraverse: 24.0323486328125
bugMask: 0
cursorOffsetY: 0.5
instSizeCafe: 49660
instSizeNx: -1
sortKey: 0
traverseDist: 610.6552124023438
