aabbMax:
  X: 30.747499465942383
  Y: 0.8608930110931396
  Z: 13.932900428771973
aabbMin:
  X: -30.499300003051758
  Y: -20.408599853515625
  Z: -4.062240123748779
boundingForTraverse: 21.269493103027344
bugMask: 0
cursorOffsetY: 0.5
instSizeCafe: 18548
instSizeNx: -1
sortKey: 0
terrainTextures:
- !u 0xffffff54
traverseDist: 1500.0
