aabbMax:
  X: 73.9269027709961
  Y: 60.554901123046875
  Z: 69.54820251464844
aabbMin:
  X: -72.28019714355469
  Y: 0.8717730045318604
  Z: -238.8470001220703
boundingForTraverse: 59.683128356933594
bugMask: 0
cursorOffsetY: 0.5
instSizeCafe: 40348
instSizeNx: 116672
sortKey: 0
terrainTextures:
- !u 0xff4c1f00
traverseDist: 841.2977294921875
