aabbMax:
  X: 61.009300231933594
  Y: 144.3939971923828
  Z: 43.38370132446289
aabbMin:
  X: -58.870601654052734
  Y: -0.9422150254249573
  Z: -56.950599670410156
boundingForTraverse: 145.33621215820312
bugMask: 0
instSizeCafe: 52476
instSizeNx: -1
sortKey: 0
terrainTextures:
- !u 0xffff4342
traverseDist: 8000.0
