aabbMax:
  X: 51.9202995300293
  Y: 37.12739944458008
  Z: 143.71400451660156
aabbMin:
  X: -52.18370056152344
  Y: -39.8494987487793
  Z: -142.61199951171875
boundingForTraverse: 76.97689819335938
bugMask: 0
cursorOffsetY: 0.5
instSizeCafe: 31736
instSizeNx: -1
sortKey: 0
terrainTextures:
- !u 0xffffff08
traverseDist: 804.6640625
