aabbMax:
  X: 28.338600158691406
  Y: 45.2843017578125
  Z: 9.75901985168457
aabbMin:
  X: -27.846500396728516
  Y: -2.2943599224090576
  Z: -9.594449996948242
boundingForTraverse: 47.57866287231445
bugMask: 0
cursorOffsetY: 0.5
instSizeCafe: 50816
instSizeNx: -1
sortKey: -8
traverseDist: 559.4249267578125
