aabbMax:
  X: 7.0963897705078125
  Y: 1.3809399604797363
  Z: 6.989799976348877
aabbMin:
  X: -7.136229991912842
  Y: -1.4645099639892578
  Z: -7.130970001220703
boundingForTraverse: 2.845449924468994
bugMask: 0
cursorOffsetY: 0.5
instSizeCafe: 17140
instSizeNx: -1
sortKey: 0
traverseDist: 1000.0
