aabbMax:
  X: 49.4025993347168
  Y: -0.21634000539779663
  Z: 19.216800689697266
aabbMin:
  X: -44.06930160522461
  Y: -64.06639862060547
  Z: -55.194698333740234
boundingForTraverse: 63.850059509277344
bugMask: 0
cursorOffsetY: 0.5
instSizeCafe: 29912
instSizeNx: -1
sortKey: 0
terrainTextures:
- !u 0xff4c1f00
traverseDist: 1000.0
