aabbMax:
  X: 22.568700790405273
  Y: 30.42140007019043
  Z: 12.366100311279297
aabbMin:
  X: -13.131099700927734
  Y: -32.849098205566406
  Z: -12.360300064086914
boundingForTraverse: 63.27050018310547
bugMask: 0
instSizeCafe: 27608
instSizeNx: -1
sortKey: 0
terrainTextures:
- !u 0xffff3731
traverseDist: 2000.0
