aabbMax:
  X: 104.42900085449219
  Y: 95.12129974365234
  Z: 66.65149688720703
aabbMin:
  X: -84.8927993774414
  Y: -58.70479965209961
  Z: -71.50859832763672
boundingForTraverse: 153.8260955810547
bugMask: 0
cursorOffsetY: 0.5
instSizeCafe: 52448
instSizeNx: 145368
sortKey: -5
traverseDist: 734.37353515625
