aabbMax:
  X: 81.2947006225586
  Y: 50.86090087890625
  Z: 121.58000183105469
aabbMin:
  X: -0.7937470078468323
  Y: -0.20000499486923218
  Z: 0.0
boundingForTraverse: 51.06090545654297
bugMask: 0
cursorOffsetY: 0.5
instSizeCafe: 283280
instSizeNx: -1
sortKey: 0
terrainTextures:
- !u 0xffffff47
traverseDist: 646.6976928710938
