aabbMax:
  X: 68.24120330810547
  Y: 136.58999633789062
  Z: 120.84200286865234
aabbMin:
  X: -67.7406997680664
  Y: -136.23500061035156
  Z: -121.26100158691406
boundingForTraverse: 272.82501220703125
bugMask: 0
cursorOffsetY: 0.5
instSizeCafe: -1
instSizeNx: 96160
sortKey: 35
traverseDist: 777.677734375
