aabbMax:
  X: 20.503400802612305
  Y: 13.542099952697754
  Z: 17.987499237060547
aabbMin:
  X: -21.742399215698242
  Y: -0.08815299719572067
  Z: -21.312999725341797
boundingForTraverse: 13.630252838134766
bugMask: 0
cursorOffsetY: 0.5
instSizeCafe: 39192
instSizeNx: -1
sortKey: 0
terrainTextures:
- 522064384
- !u 0xffffff4c
traverseDist: 500.0
