aabbMax:
  X: 10.530200004577637
  Y: 7.542200088500977
  Z: 4.635749816894531
aabbMin:
  X: -10.755599975585938
  Y: -7.1289801597595215
  Z: -2.057800054550171
boundingForTraverse: 14.671180725097656
bugMask: 0
cursorOffsetY: 0.5
instSizeCafe: -1
instSizeNx: 75656
sortKey: 0
terrainTextures:
- !u 0xffff1d11
traverseDist: 300.0
