aabbMax:
  X: 8.728050231933594
  Y: 3.276319980621338
  Z: 35.2400016784668
aabbMin:
  X: -8.147879600524902
  Y: -20.502899169921875
  Z: -31.178800582885742
boundingForTraverse: 23.779218673706055
bugMask: 0
cursorOffsetY: 0.5
instSizeCafe: 28760
instSizeNx: -1
sortKey: 0
traverseDist: 1000.0
