aabbMax:
  X: 19.332000732421875
  Y: 17.829999923706055
  Z: 4.167870044708252
aabbMin:
  X: -18.558500289916992
  Y: -1.9325499534606934
  Z: -4.5996198654174805
boundingForTraverse: 19.762550354003906
bugMask: 0
cursorOffsetY: 0.5
instSizeCafe: 50048
instSizeNx: 141272
sortKey: 0
traverseDist: 1000.0
