aabbMax:
  X: 1.330649971961975
  Y: 5.606269836425781
  Z: 1.5963599681854248
aabbMin:
  X: -1.330649971961975
  Y: -0.5
  Z: -1.4869799613952637
boundingForTraverse: 6.106269836425781
bugMask: 0
cursorOffsetY: 0.5
instSizeCafe: 28760
instSizeNx: 96160
sortKey: -12
traverseDist: 200.0
