aabbMax:
  X: 53.58810043334961
  Y: 2.5556600093841553
  Z: 50.91239929199219
aabbMin:
  X: -56.76340103149414
  Y: -198.0279998779297
  Z: -12.712499618530273
boundingForTraverse: 200.5836639404297
bugMask: 0
cursorOffsetY: 0.5
instSizeCafe: 31704
instSizeNx: 96160
sortKey: 0
terrainTextures:
- !u 0xffffff10
traverseDist: 627.3796997070312
