aabbMax:
  X: 89.62940216064453
  Y: 100.5250015258789
  Z: 52.87900161743164
aabbMin:
  X: -88.29350280761719
  Y: -16.184999465942383
  Z: -1.3571300506591797
boundingForTraverse: 116.70999908447266
bugMask: 0
cursorOffsetY: 0.5
instSizeCafe: 30008
instSizeNx: 96160
sortKey: 0
terrainTextures:
- !u 0xffff4608
traverseDist: 3000.0
