aabbMax:
  X: 53.02980041503906
  Y: 74.68340301513672
  Z: -4.524380207061768
aabbMin:
  X: -61.968101501464844
  Y: -8.185400009155273
  Z: -141.48399353027344
boundingForTraverse: 82.86880493164062
bugMask: 0
cursorOffsetY: 0.5
instSizeCafe: 18548
instSizeNx: 75656
sortKey: 0
terrainTextures:
- !u 0xffffff54
traverseDist: 678.8363647460938
