aabbMax:
  X: 54.65489959716797
  Y: 17.604299545288086
  Z: 79.160400390625
aabbMin:
  X: -89.46640014648438
  Y: -44.83089828491211
  Z: -112.38200378417969
boundingForTraverse: 62.43519592285156
bugMask: 0
cursorOffsetY: 0.5
instSizeCafe: -1
instSizeNx: 120768
sortKey: 0
terrainTextures:
- 522064384
- !u 0xffffff4c
