aabbMax:
  X: 1.4894700050354004
  Y: 2.682270050048828
  Z: 0.21741899847984314
aabbMin:
  X: -1.4894700050354004
  Y: -2.682270050048828
  Z: -0.2174219936132431
boundingForTraverse: 5.364540100097656
bugMask: 0
cursorOffsetY: 0.5
instSizeCafe: 17268
instSizeNx: 75656
sortKey: 0
