aabbMax:
  X: 113.51599884033203
  Y: 62.882198333740234
  Z: 91.29609680175781
aabbMin:
  X: -132.4739990234375
  Y: -3.1494300365448
  Z: 2.0640900135040283
boundingForTraverse: 66.03163146972656
bugMask: 0
instSizeCafe: 18544
instSizeNx: -1
sortKey: -3
terrainTextures:
- !u 0xffffff54
traverseDist: 761.6742553710938
