aabbMax:
  X: 55.32709884643555
  Y: 0.4708330035209656
  Z: 20.801599502563477
aabbMin:
  X: -57.4833984375
  Y: -94.01080322265625
  Z: -35.97309875488281
boundingForTraverse: 94.48163604736328
bugMask: 0
instSizeCafe: 27608
instSizeNx: 96160
sortKey: 2
terrainTextures:
- 521998592
- !u 0xffffff4c
traverseDist: 626.2916259765625
