aabbMax:
  X: 5.389200210571289
  Y: 40.97779846191406
  Z: -3.704930067062378
aabbMin:
  X: -4.999470233917236
  Y: 23.498600006103516
  Z: -4.560699939727783
boundingForTraverse: 17.479198455810547
bugMask: 0
cursorOffsetY: 0.5
instSizeCafe: 38428
instSizeNx: -1
sortKey: 4
traverseDist: 300.0
