aabbMax:
  X: 0.6603800058364868
  Y: 0.8840789794921875
  Z: 0.8017200231552124
aabbMin:
  X: -0.6603789925575256
  Y: -0.41472798585891724
  Z: -0.7714710235595703
boundingForTraverse: 1.2988070249557495
bugMask: 0
cursorOffsetY: 0.5
instSizeCafe: 28016
instSizeNx: -1
sortKey: 0
terrainTextures:
- !u 0xffffff42
