aabbMax:
  X: 13.370200157165527
  Y: 117.35600280761719
  Z: 20.406299591064453
aabbMin:
  X: -14.143799781799316
  Y: 37.737701416015625
  Z: -19.51259994506836
boundingForTraverse: 79.61830139160156
bugMask: 0
cursorOffsetY: 0.5
instSizeCafe: 120784
instSizeNx: -1
sortKey: 0
traverseDist: 1000.0
