aabbMax:
  X: 127.33300018310547
  Y: 141.81100463867188
  Z: 64.43900299072266
aabbMin:
  X: -128.72999572753906
  Y: -113.7249984741211
  Z: -63.52579879760742
boundingForTraverse: 255.5360107421875
bugMask: 0
cursorOffsetY: 0.5
instSizeCafe: 32368
instSizeNx: -1
sortKey: 0
terrainTextures:
- !u 0xffffff37
traverseDist: 786.25732421875
