aabbMax:
  X: 0.958640992641449
  Y: 50.996700286865234
  Z: 121.697998046875
aabbMin:
  X: -81.64360046386719
  Y: -0.5084760189056396
  Z: -0.25288400053977966
boundingForTraverse: 51.50517654418945
bugMask: 0
cursorOffsetY: 0.5
instSizeCafe: 17136
instSizeNx: -1
sortKey: 0
traverseDist: 1000.0
