aabbMax:
  X: 103.05799865722656
  Y: 83.55809783935547
  Z: 62.902198791503906
aabbMin:
  X: -110.51899719238281
  Y: -14.528900146484375
  Z: -57.20640182495117
boundingForTraverse: 98.08699798583984
bugMask: 0
cursorOffsetY: 0.5
instSizeCafe: -1
instSizeNx: 75656
sortKey: -10
traverseDist: 745.0330810546875
