aabbMax:
  X: 32.04090118408203
  Y: 21.603099822998047
  Z: 4.890639781951904
aabbMin:
  X: -32.375
  Y: -2.677449941635132
  Z: -4.500669956207275
boundingForTraverse: 24.280550003051758
bugMask: 0
instSizeCafe: -1
instSizeNx: 96160
sortKey: 0
traverseDist: 1000.0
