aabbMax:
  X: 11.507800102233887
  Y: 18.204099655151367
  Z: 10.18589973449707
aabbMin:
  X: -10.356499671936035
  Y: -0.8255519866943359
  Z: -10.786999702453613
boundingForTraverse: 19.029651641845703
bugMask: 0
instSizeCafe: -1
instSizeNx: 96160
sortKey: 0
terrainTextures:
- !u 0xffff1e12
