aabbMax:
  X: 0.5081660151481628
  Y: 0.0
  Z: 0.4907679855823517
aabbMin:
  X: -0.508171021938324
  Y: -32.6349983215332
  Z: -0.4907679855823517
boundingForTraverse: 32.6349983215332
bugMask: 0
cursorOffsetY: 0.5
instSizeCafe: 38040
instSizeNx: -1
sortKey: 0
traverseDist: 501.4129333496094
