aabbMax:
  X: 40.208099365234375
  Y: 4.957709789276123
  Z: 63.42720031738281
aabbMin:
  X: -39.499000549316406
  Y: -161.1540069580078
  Z: -40.76020050048828
boundingForTraverse: 166.11170959472656
bugMask: 0
cursorOffsetY: 0.5
instSizeCafe: 50816
instSizeNx: 145368
sortKey: 0
terrainTextures:
- !u 0xffff4d2a
traverseDist: 631.18017578125
