aabbMax:
  X: 40.23870086669922
  Y: 39.90520095825195
  Z: 20.064899444580078
aabbMin:
  X: -40.304100036621094
  Y: -1.6118199825286865
  Z: -23.702499389648438
boundingForTraverse: 41.51702117919922
bugMask: 0
cursorOffsetY: 0.5
instSizeCafe: 29912
instSizeNx: 96160
sortKey: 0
terrainTextures:
- !u 0xffffff4e
traverseDist: 2000.0
