aabbMax:
  X: 1.171589970588684
  Y: 4.021759986877441
  Z: 3.123260021209717
aabbMin:
  X: -1.1724200248718262
  Y: -0.011021999642252922
  Z: -0.9527900218963623
boundingForTraverse: 4.032782077789307
bugMask: 0
cursorOffsetY: 0.5
instSizeCafe: 28440
instSizeNx: 96160
sortKey: 28
traverseDist: 400.0
