aabbMax:
  X: 11.606599807739258
  Y: 0.8034330010414124
  Z: 20.095199584960938
aabbMin:
  X: -16.721900939941406
  Y: -31.70400047302246
  Z: -7.187829971313477
boundingForTraverse: 32.5074348449707
bugMask: 0
cursorOffsetY: 0.5
instSizeCafe: 42548
instSizeNx: -1
sortKey: 9
terrainTextures:
- !u 0xffffff32
traverseDist: 539.3302612304688
