aabbMax:
  X: 0.9389650225639343
  Y: 1.8766800165176392
  Z: 0.9760739803314209
aabbMin:
  X: -0.9355469942092896
  Y: -0.005154000129550695
  Z: -0.9536129832267761
boundingForTraverse: 1.8818340301513672
bugMask: 3
cursorOffsetY: 0.6000000238418579
instSizeCafe: -1
instSizeNx: 134312
sortKey: 11
traverseDist: 500.0
