aabbMax:
  X: 35.29759979248047
  Y: 0.03514200076460838
  Z: 60.22610092163086
aabbMin:
  X: -35.007598876953125
  Y: -0.08088599890470505
  Z: -60.52519989013672
boundingForTraverse: 0.11602800339460373
bugMask: 0
cursorOffsetY: 0.5
instSizeCafe: 52860
instSizeNx: -1
sortKey: 0
traverseDist: 1000.0
