aabbMax:
  X: 0.6600300073623657
  Y: 0.9585040211677551
  Z: 0.007215999998152256
aabbMin:
  X: -0.6600319743156433
  Y: -0.9966080188751221
  Z: -0.8869310021400452
boundingForTraverse: 1.9551119804382324
bugMask: 0
cursorOffsetY: 0.5
instSizeCafe: 28848
instSizeNx: -1
sortKey: -2
traverseDist: 400.0
