aabbMax:
  X: 0.44999998807907104
  Y: 0.10000000149011612
  Z: -0.05000000074505806
aabbMin:
  X: -0.6055309772491455
  Y: -0.10000000149011612
  Z: -7.949999809265137
boundingForTraverse: 0.20000000298023224
bugMask: 0
cursorOffsetY: 0.5
instSizeCafe: 31072
instSizeNx: -1
sortKey: -15
