aabbMax:
  X: 56.102298736572266
  Y: 34.11330032348633
  Z: 119.38099670410156
aabbMin:
  X: -60.005001068115234
  Y: -37.67250061035156
  Z: -120.6989974975586
boundingForTraverse: 71.78579711914062
bugMask: 0
cursorOffsetY: 0.5
instSizeCafe: 40884
instSizeNx: -1
sortKey: 0
terrainTextures:
- !u 0xffffff08
traverseDist: 766.6820068359375
