aabbMax:
  X: 26.84630012512207
  Y: 77.88240051269531
  Z: 24.454299926757812
aabbMin:
  X: -27.856300354003906
  Y: -0.9042209982872009
  Z: -24.24220085144043
boundingForTraverse: 78.78662109375
bugMask: 0
cursorOffsetY: 0.5
instSizeCafe: 41692
instSizeNx: -1
sortKey: 0
terrainTextures:
- !u 0xffffff47
traverseDist: 2000.0
