aabbMax:
  X: 4.94497013092041
  Y: 18.60420036315918
  Z: 4.439579963684082
aabbMin:
  X: -4.94497013092041
  Y: -0.005762000102549791
  Z: -4.2782697677612305
boundingForTraverse: 18.609962463378906
bugMask: 0
instSizeCafe: 17392
instSizeNx: -1
sortKey: 0
traverseDist: 300.0
