aabbMax:
  X: 14.378199577331543
  Y: 13.423500061035156
  Z: 15.820599555969238
aabbMin:
  X: -15.031999588012695
  Y: -1.534440040588379
  Z: -15.386099815368652
boundingForTraverse: 14.957940101623535
bugMask: 0
cursorOffsetY: 0.5
instSizeCafe: 17644
instSizeNx: -1
sortKey: -6
