aabbMax:
  X: 71.4530029296875
  Y: 60.5786018371582
  Z: 68.70110321044922
aabbMin:
  X: -70.61090087890625
  Y: 1.1583900451660156
  Z: -239.1959991455078
boundingForTraverse: 59.42021179199219
bugMask: 0
cursorOffsetY: 0.5
instSizeCafe: -1
instSizeNx: 120768
sortKey: 0
terrainTextures:
- !u 0xff4c1f00
traverseDist: 3000.0
