aabbMax:
  X: 0.7492499947547913
  Y: 0.7492499947547913
  Z: 0.7492499947547913
aabbMin:
  X: -0.7492499947547913
  Y: -0.7492499947547913
  Z: -0.7492499947547913
boundingForTraverse: 1.4984999895095825
bugMask: 3
instSizeCafe: -1
instSizeNx: 119032
rigidBodyCenterY: -3.7999998312443495e-05
sortKey: -15
traverseDist: 200.0
