aabbMax:
  X: 58.487701416015625
  Y: 77.01390075683594
  Z: 58.18989944458008
aabbMin:
  X: -57.39619827270508
  Y: -67.99240112304688
  Z: -60.1432991027832
boundingForTraverse: 145.0063018798828
bugMask: 0
cursorOffsetY: 0.5
instSizeCafe: 30584
instSizeNx: -1
sortKey: 0
terrainTextures:
- !u 0xffffff15
traverseDist: 8000.0
