aabbMax:
  X: 4.786029815673828
  Y: 3.8118999004364014
  Z: 4.959650039672852
aabbMin:
  X: -4.630129814147949
  Y: -0.3223069906234741
  Z: -4.979179859161377
boundingForTraverse: 4.134206771850586
bugMask: 0
cursorOffsetY: 0.5
instSizeCafe: -1
instSizeNx: 75656
sortKey: 0
terrainTextures:
- !u 0xffffff03
traverseDist: 300.0
