aabbMax:
  X: 29.560300827026367
  Y: 0.1000019982457161
  Z: 6.551340103149414
aabbMin:
  X: -29.710100173950195
  Y: -32.74449920654297
  Z: -31.987699508666992
boundingForTraverse: 32.84450149536133
bugMask: 0
instSizeCafe: -1
instSizeNx: 78168
sortKey: -10
traverseDist: 570.6982421875
