aabbMax:
  X: 125.39399719238281
  Y: 45.16809844970703
  Z: 118.35700225830078
aabbMin:
  X: -107.70999908447266
  Y: -49.693599700927734
  Z: -137.63699340820312
boundingForTraverse: 94.8616943359375
bugMask: 0
cursorOffsetY: 0.5
instSizeCafe: -1
instSizeNx: 186800
sortKey: 0
terrainTextures:
- !u 0xff43420b
traverseDist: 3000.0
