aabbMax:
  X: 337.24798583984375
  Y: 381.2510070800781
  Z: 283.9739990234375
aabbMin:
  X: -343.9989929199219
  Y: -16.391599655151367
  Z: -193.218994140625
boundingForTraverse: 397.6426086425781
bugMask: 0
cursorOffsetY: 0.5
instSizeCafe: 41528
instSizeNx: -1
sortKey: 0
terrainTextures:
- 487657472
- !u 0xffff4c1f
traverseDist: 8000.0
