aabbMax:
  X: 5.102250099182129
  Y: 5.190430164337158
  Z: 3.725759983062744
aabbMin:
  X: -5.139379978179932
  Y: -0.09245199710130692
  Z: -3.717250108718872
boundingForTraverse: 5.282883167266846
bugMask: 0
cursorOffsetY: 0.5
instSizeCafe: 60000
instSizeNx: -1
sortKey: 24
