aabbMax:
  X: 64.18250274658203
  Y: 2.1116600036621094
  Z: 40.354400634765625
aabbMin:
  X: -58.90679931640625
  Y: -402.0199890136719
  Z: -42.93349838256836
boundingForTraverse: 404.13165283203125
bugMask: 0
cursorOffsetY: 0.5
instSizeCafe: 17396
instSizeNx: 75656
sortKey: 0
terrainTextures:
- !u 0xffff1d11
traverseDist: 3000.0
