aabbMax:
  X: 57.41910171508789
  Y: 47.59450149536133
  Z: 34.649600982666016
aabbMin:
  X: -43.23569869995117
  Y: -4.063769817352295
  Z: -22.334199905395508
boundingForTraverse: 51.65827178955078
bugMask: 0
cursorOffsetY: 0.5
instSizeCafe: -1
instSizeNx: 120768
sortKey: 0
terrainTextures:
- 522064384
- !u 0xffffff4c
