aabbMax:
  X: 19.140199661254883
  Y: 0.23910899460315704
  Z: 22.553699493408203
aabbMin:
  X: -18.967599868774414
  Y: -72.7958984375
  Z: -19.433000564575195
boundingForTraverse: 73.03500366210938
bugMask: 0
cursorOffsetY: 0.5
instSizeCafe: -1
instSizeNx: 120768
sortKey: -2
terrainTextures:
- 487657472
- !u 0xffff4c1f
traverseDist: 400.0
