aabbMax:
  X: 97.42479705810547
  Y: 18.587600708007812
  Z: 31.452899932861328
aabbMin:
  X: -97.87590026855469
  Y: -9.905440330505371
  Z: -32.70709991455078
boundingForTraverse: 28.4930419921875
bugMask: 0
instSizeCafe: 48000
instSizeNx: -1
sortKey: 0
terrainTextures:
- !u 0xff373108
