aabbMax:
  X: -5.0
  Y: 50.0
  Z: 50.0
aabbMin:
  X: -60.0
  Y: 39.19029998779297
  Z: -10.0
boundingForTraverse: 10.809700012207031
bugMask: 0
cursorOffsetY: 0.5
instSizeCafe: 30320
instSizeNx: -1
sortKey: 0
terrainTextures:
- !u 0xffffff47
traverseDist: 1000.0
