aabbMax:
  X: 55.027000427246094
  Y: 38.47079849243164
  Z: 37.2599983215332
aabbMin:
  X: -65.16950225830078
  Y: -81.25129699707031
  Z: -43.16310119628906
boundingForTraverse: 119.72209167480469
bugMask: 0
cursorOffsetY: 0.5
instSizeCafe: 42844
instSizeNx: 124864
sortKey: 13
terrainTextures:
- !u 0xffffff10
traverseDist: 644.6204833984375
