aabbMax:
  X: 51.54990005493164
  Y: 90.51959991455078
  Z: 45.63359832763672
aabbMin:
  X: -53.72760009765625
  Y: -5.2753801345825195
  Z: -48.80830001831055
boundingForTraverse: 95.79498291015625
bugMask: 0
cursorOffsetY: 0.5
instSizeCafe: 42808
instSizeNx: -1
sortKey: 0
terrainTextures:
- !u 0xffffff15
traverseDist: 641.4306640625
