aabbMax:
  X: 13.387999534606934
  Y: 5.682859897613525
  Z: 76.4845962524414
aabbMin:
  X: -13.387999534606934
  Y: -44.15879821777344
  Z: -76.44609832763672
boundingForTraverse: 49.84165954589844
bugMask: 0
instSizeCafe: 172780
instSizeNx: 432160
sortKey: 0
traverseDist: 655.257080078125
