aabbMax:
  X: 86.6719970703125
  Y: 0.06762900203466415
  Z: 150.9499969482422
aabbMin:
  X: -95.47109985351562
  Y: -89.23400115966797
  Z: -85.25289916992188
boundingForTraverse: 89.30162811279297
bugMask: 0
cursorOffsetY: 0.5
instSizeCafe: 41756
instSizeNx: -1
sortKey: 0
terrainTextures:
- !u 0xffff4d2a
traverseDist: 1000.0
