aabbMax:
  X: 2.575890064239502
  Y: 1.474910020828247
  Z: 12.942099571228027
aabbMin:
  X: -2.4064199924468994
  Y: -3.4801700115203857
  Z: -2.6500799655914307
boundingForTraverse: 4.955080032348633
bugMask: 0
cursorOffsetY: 0.5
instSizeCafe: -1
instSizeNx: 116672
sortKey: -3
traverseDist: 500.0
