aabbMax:
  X: 14.45580005645752
  Y: 15.868300437927246
  Z: 17.012100219726562
aabbMin:
  X: -14.80109977722168
  Y: -1.7771400213241577
  Z: -15.592900276184082
boundingForTraverse: 17.64544105529785
bugMask: 0
instSizeCafe: 17140
instSizeNx: 75656
sortKey: 0
traverseDist: 1000.0
