aabbMax:
  X: 63.484100341796875
  Y: 7.685850143432617
  Z: 20.07110023498535
aabbMin:
  X: -63.484100341796875
  Y: -131.07200622558594
  Z: -18.944700241088867
boundingForTraverse: 138.7578582763672
bugMask: 0
cursorOffsetY: 0.5
instSizeCafe: 41084
instSizeNx: -1
sortKey: 0
terrainTextures:
- 522064384
- !u 0xffffff4c
traverseDist: 632.8275146484375
