aabbMax:
  X: 1.5
  Y: 1.5
  Z: 1.5
aabbMin:
  X: -1.5
  Y: -1.5
  Z: -1.5
baseScaleX: 0.699999988079071
baseScaleY: 0.699999988079071
baseScaleZ: 0.699999988079071
boundingForTraverse: 3.0
bugMask: 3
cursorOffsetY: 0.6000000238418579
instSizeCafe: 37084
instSizeNx: -1
sortKey: 9
traverseDist: 500.0
