aabbMax:
  X: -6.823019981384277
  Y: 50.56079864501953
  Z: 132.02699279785156
aabbMin:
  X: -135.7570037841797
  Y: -0.5000190138816833
  Z: 3.092819929122925
boundingForTraverse: 51.06081771850586
bugMask: 0
cursorOffsetY: 0.5
instSizeCafe: -1
instSizeNx: 989400
sortKey: 0
terrainTextures:
- !u 0xffffff08
traverseDist: 682.34033203125
