aabbMax:
  X: 163.18499755859375
  Y: -9.458880424499512
  Z: 258.4490051269531
aabbMin:
  X: -168.34500122070312
  Y: -24.289100646972656
  Z: -233.5780029296875
boundingForTraverse: 14.830220222473145
bugMask: 0
cursorOffsetY: 0.5
instSizeCafe: 19436
instSizeNx: -1
sortKey: 3
traverseDist: 500.0
