aabbMax:
  X: 0.397814005613327
  Y: 1.5949499607086182
  Z: 0.397814005613327
aabbMin:
  X: -0.397814005613327
  Y: 0.0
  Z: -0.397814005613327
boundingForTraverse: 1.5949499607086182
bugMask: 3
cursorOffsetY: 0.5
instSizeCafe: -1
instSizeNx: 111600
lookAtOffsetY: 0.699999988079071
rigidBodyCenterY: 0.75
sortKey: 28
