aabbMax:
  X: 1.6444000005722046
  Y: 1.8560099601745605
  Z: 1.861340045928955
aabbMin:
  X: -1.3273999691009521
  Y: -1.2999999523162842
  Z: -1.991510033607483
boundingForTraverse: 3.1560099124908447
bugMask: 3
cursorOffsetY: 0.5
instSizeCafe: 42908
instSizeNx: 119072
lookAtOffsetY: 0.5
rigidBodyCenterY: 0.30000001192092896
sortKey: -21
