aabbMax:
  X: 5.894529819488525
  Y: 40.9375
  Z: 1.5527299642562866
aabbMin:
  X: -1.551759958267212
  Y: 0.0
  Z: -2.0195300579071045
boundingForTraverse: 40.9375
bugMask: 0
instSizeCafe: 40660
instSizeNx: -1
rigidBodyCenterY: 14.825799942016602
sortKey: -1
traverseDist: 1000.0
