aabbMax:
  X: 57.1952018737793
  Y: 0.8591769933700562
  Z: 79.62519836425781
aabbMin:
  X: -98.9271011352539
  Y: -72.57749938964844
  Z: -21.04330062866211
boundingForTraverse: 73.43667602539062
bugMask: 0
instSizeCafe: 38580
instSizeNx: -1
sortKey: -4
terrainTextures:
- 487657472
- !u 0xffff4c1f
traverseDist: 685.76416015625
