aabbMax:
  X: 2.1928799152374268
  Y: 3.356920003890991
  Z: 0.5773389935493469
aabbMin:
  X: -2.4873600006103516
  Y: -0.20272600650787354
  Z: -0.174795001745224
boundingForTraverse: 3.559645891189575
bugMask: 0
cursorOffsetY: 0.5
instSizeCafe: 38424
instSizeNx: -1
sortKey: 15
traverseDist: 400.0
