aabbMax:
  X: 80.72049713134766
  Y: 88.03389739990234
  Z: 55.37009811401367
aabbMin:
  X: -163.73899841308594
  Y: -0.011225000023841858
  Z: -93.68440246582031
boundingForTraverse: 88.04512023925781
bugMask: 0
instSizeCafe: 54208
instSizeNx: 145368
sortKey: 2
terrainTextures:
- !u 0xffff4d2a
traverseDist: 786.3175048828125
