aabbMax:
  X: 6.29863977432251
  Y: 12.863800048828125
  Z: 1.915079951286316
aabbMin:
  X: -6.346960067749023
  Y: -12.159600257873535
  Z: -0.2683219909667969
boundingForTraverse: 25.023399353027344
bugMask: 0
cursorOffsetY: 0.5
instSizeCafe: 18292
instSizeNx: -1
sortKey: 0
terrainTextures:
- !u 0xffffff44
