aabbMax:
  X: 52.84230041503906
  Y: 87.06590270996094
  Z: 55.03779983520508
aabbMin:
  X: -48.933799743652344
  Y: -14.424300193786621
  Z: -18.948200225830078
boundingForTraverse: 101.49020385742188
bugMask: 0
instSizeCafe: -1
instSizeNx: 120768
sortKey: 0
terrainTextures:
- !u 0xff373108
traverseDist: 6000.0
