aabbMax:
  X: 2.661449909210205
  Y: 0.37337300181388855
  Z: 44.394901275634766
aabbMin:
  X: -2.5593299865722656
  Y: -10.720399856567383
  Z: -42.43159866333008
boundingForTraverse: 11.093772888183594
bugMask: 0
instSizeCafe: -1
instSizeNx: 165880
sortKey: -6
traverseDist: 586.9833374023438
