aabbMax:
  X: 5.132919788360596
  Y: 4.317969799041748
  Z: 18.401599884033203
aabbMin:
  X: -5.129730224609375
  Y: -4.24576997756958
  Z: -18.429899215698242
boundingForTraverse: 8.563739776611328
bugMask: 0
cursorOffsetY: 0.5
instSizeCafe: 86604
instSizeNx: -1
sortKey: 3
terrainTextures:
- !u 0xffffff2c
traverseDist: 200.0
