aabbMax:
  X: 27.21540069580078
  Y: 7.268199920654297
  Z: 15.248499870300293
aabbMin:
  X: -41.57619857788086
  Y: -87.59629821777344
  Z: -140.96299743652344
boundingForTraverse: 94.864501953125
bugMask: 0
instSizeCafe: 79308
instSizeNx: 206896
sortKey: 0
traverseDist: 1500.0
