aabbMax:
  X: 6.786320209503174
  Y: 8.29699993133545
  Z: 6.418990135192871
aabbMin:
  X: -7.91841983795166
  Y: -7.532340049743652
  Z: -2.0441200733184814
boundingForTraverse: 15.829339981079102
bugMask: 0
cursorOffsetY: 0.5
instSizeCafe: 17644
instSizeNx: -1
sortKey: 0
terrainTextures:
- !u 0xffffff3c
