aabbMax:
  X: 4.7251200675964355
  Y: 9.798239707946777
  Z: 0.460658997297287
aabbMin:
  X: -4.734370231628418
  Y: -0.35203999280929565
  Z: -0.35515299439430237
boundingForTraverse: 10.150279998779297
bugMask: 3
cursorOffsetY: 0.5
instSizeCafe: -1
instSizeNx: 94632
rigidBodyCenterY: 4.873459815979004
sortKey: 3
