aabbMax:
  X: 46.6963996887207
  Y: 34.34040069580078
  Z: 26.297300338745117
aabbMin:
  X: -48.337799072265625
  Y: -29.357200622558594
  Z: -18.947399139404297
boundingForTraverse: 63.697601318359375
bugMask: 0
cursorOffsetY: 0.5
instSizeCafe: -1
instSizeNx: 120768
sortKey: 0
terrainTextures:
- !u 0xffff4342
traverseDist: 3000.0
