aabbMax:
  X: 48.23509979248047
  Y: 2.906589984893799
  Z: 34.26100158691406
aabbMin:
  X: -48.48970031738281
  Y: -53.209598541259766
  Z: -14.805800437927246
boundingForTraverse: 56.116188049316406
bugMask: 0
cursorOffsetY: 0.5
instSizeCafe: 38580
instSizeNx: -1
sortKey: -1
terrainTextures:
- 487657472
- !u 0xffff4c1f
traverseDist: 608.45849609375
