aabbMax:
  X: 30.41230010986328
  Y: 1.3333499431610107
  Z: 47.63669967651367
aabbMin:
  X: -40.38629913330078
  Y: -77.36360168457031
  Z: -30.721200942993164
boundingForTraverse: 78.69695281982422
bugMask: 0
cursorOffsetY: 0.5
instSizeCafe: 41944
instSizeNx: -1
sortKey: 0
terrainTextures:
- !u 0xffffff47
traverseDist: 1000.0
