aabbMax:
  X: 31.045299530029297
  Y: 60.12220001220703
  Z: 3.034759998321533
aabbMin:
  X: -31.06730079650879
  Y: -0.10527800023555756
  Z: -18.169300079345703
boundingForTraverse: 60.22747802734375
bugMask: 0
cursorOffsetY: 0.5
instSizeCafe: -1
instSizeNx: 342200
sortKey: 0
traverseDist: 565.6322021484375
