aabbMax:
  X: 42.57720184326172
  Y: 2.184689998626709
  Z: 27.762100219726562
aabbMin:
  X: -51.71900177001953
  Y: -188.8489990234375
  Z: -44.04499816894531
boundingForTraverse: 191.03369140625
bugMask: 0
cursorOffsetY: 0.5
instSizeCafe: 30576
instSizeNx: -1
sortKey: 0
terrainTextures:
- !u 0xff4c1f00
traverseDist: 618.5244140625
