aabbMax:
  X: 30.47439956665039
  Y: 2.0950100421905518
  Z: 1.5268800258636475
aabbMin:
  X: -25.37579917907715
  Y: -55.192100524902344
  Z: -15.167099952697754
boundingForTraverse: 57.287109375
bugMask: 0
cursorOffsetY: 0.5
instSizeCafe: 38044
instSizeNx: 116672
sortKey: 6
terrainTextures:
- 487657472
- !u 0xffff4c1f
traverseDist: 558.2918090820312
