aabbMax:
  X: 19.817800521850586
  Y: 40.25680160522461
  Z: 33.561798095703125
aabbMin:
  X: -22.400299072265625
  Y: -53.20000076293945
  Z: -24.58530044555664
boundingForTraverse: 93.45680236816406
bugMask: 0
cursorOffsetY: 0.5
instSizeCafe: 19476
instSizeNx: -1
sortKey: 28
traverseDist: 571.857177734375
