aabbMax:
  X: 28.962200164794922
  Y: 23.463199615478516
  Z: 2.4658401012420654
aabbMin:
  X: -28.777599334716797
  Y: -0.6509630084037781
  Z: -2.637619972229004
boundingForTraverse: 24.11416244506836
bugMask: 0
cursorOffsetY: 0.5
instSizeCafe: 131836
instSizeNx: 329648
sortKey: 0
traverseDist: 2000.0
