aabbMax:
  X: 64.37370300292969
  Y: 91.6594009399414
  Z: 40.295799255371094
aabbMin:
  X: -65.63150024414062
  Y: -55.68330001831055
  Z: -43.085601806640625
boundingForTraverse: 147.3426971435547
bugMask: 0
cursorOffsetY: 0.5
instSizeCafe: -1
instSizeNx: 149464
sortKey: 0
terrainTextures:
- !u 0xffff4342
traverseDist: 654.44677734375
