aabbMax:
  X: 6.199999809265137
  Y: 12.451199531555176
  Z: 0.522737979888916
aabbMin:
  X: -6.2367401123046875
  Y: 0.049267999827861786
  Z: 0.04041700065135956
boundingForTraverse: 12.401931762695312
bugMask: 3
cursorOffsetY: 0.5
instSizeCafe: 44704
instSizeNx: -1
rigidBodyCenterY: 6.199999809265137
sortKey: 0
traverseDist: 1000.0
