aabbMax:
  X: 4.280340194702148
  Y: 4.262010097503662
  Z: 4.249670028686523
aabbMin:
  X: -4.410999774932861
  Y: -0.4293290078639984
  Z: -3.4876298904418945
boundingForTraverse: 4.691339015960693
bugMask: 0
cursorOffsetY: 0.5
instSizeCafe: 18544
instSizeNx: -1
sortKey: 0
terrainTextures:
- !u 0xffffff54
traverseDist: 500.0
