aabbMax:
  X: 3.2816898822784424
  Y: 12.149999618530273
  Z: 3.240000009536743
aabbMin:
  X: -3.240000009536743
  Y: 0.0
  Z: -3.3107500076293945
boundingForTraverse: 12.149999618530273
bugMask: 0
cursorOffsetY: 0.5
instSizeCafe: -1
instSizeNx: 145368
sortKey: 2
traverseDist: 500.0
