aabbMax:
  X: 1.6632800102233887
  Y: 1.1083699464797974
  Z: 1.6253199577331543
aabbMin:
  X: -1.633080005645752
  Y: -7.997129917144775
  Z: -1.6304399967193604
boundingForTraverse: 9.105500221252441
bugMask: 0
cursorOffsetY: 0.5
instSizeCafe: 17396
instSizeNx: -1
sortKey: 4
