aabbMax:
  X: -2.305730104446411
  Y: 2.9334099292755127
  Z: 2.1925599575042725
aabbMin:
  X: -3.0634500980377197
  Y: 1.3970600366592407
  Z: 0.9061149954795837
boundingForTraverse: 1.5363500118255615
bugMask: 1
cursorOffsetY: 0.5
instSizeCafe: 50228
instSizeNx: 122968
sortKey: 0
traverseDist: 500.0
