aabbMax:
  X: 102.56500244140625
  Y: 9.336899757385254
  Z: 126.58899688720703
aabbMin:
  X: -114.0999984741211
  Y: -245.6840057373047
  Z: -47.87770080566406
boundingForTraverse: 255.02090454101562
bugMask: 0
cursorOffsetY: 0.5
instSizeCafe: 18548
instSizeNx: -1
sortKey: 0
traverseDist: 778.1768798828125
