aabbMax:
  X: 8.409130096435547
  Y: 5.899270057678223
  Z: 4.95782995223999
aabbMin:
  X: -6.204329967498779
  Y: -0.8599879741668701
  Z: -4.559800148010254
boundingForTraverse: 6.759257793426514
bugMask: 0
cursorOffsetY: 0.5
instSizeCafe: 27608
instSizeNx: 96160
sortKey: 0
terrainTextures:
- !u 0xffffff4a
traverseDist: 500.0
