aabbMax:
  X: 77.91629791259766
  Y: 224.57000732421875
  Z: 99.4186019897461
aabbMin:
  X: -71.6906967163086
  Y: -0.30445900559425354
  Z: -104.76499938964844
boundingForTraverse: 224.8744659423828
bugMask: 0
cursorOffsetY: 0.5
instSizeCafe: 17644
instSizeNx: -1
sortKey: -5
terrainTextures:
- !u 0xffffff21
traverseDist: 753.1268310546875
