aabbMax:
  X: 21.03820037841797
  Y: 28.437700271606445
  Z: 80.24629974365234
aabbMin:
  X: -22.155099868774414
  Y: -27.4507999420166
  Z: -80.05079650878906
boundingForTraverse: 55.88850021362305
bugMask: 0
cursorOffsetY: 0.5
instSizeCafe: 18292
instSizeNx: -1
sortKey: 0
traverseDist: 1000.0
