aabbMax:
  X: 51.724300384521484
  Y: 1.3047300577163696
  Z: 17.096900939941406
aabbMin:
  X: -38.3036003112793
  Y: -121.89600372314453
  Z: -6.672249794006348
boundingForTraverse: 123.20073699951172
bugMask: 0
cursorOffsetY: 0.5
instSizeCafe: 30260
instSizeNx: -1
sortKey: 0
terrainTextures:
- !u 0xffffff44
