aabbMax:
  X: 293.87298583984375
  Y: -60.43730163574219
  Z: 185.6540069580078
aabbMin:
  X: 62.554901123046875
  Y: -235.99099731445312
  Z: -65.03579711914062
boundingForTraverse: 175.55369567871094
bugMask: 0
cursorOffsetY: 0.5
instSizeCafe: 53984
instSizeNx: -1
sortKey: 0
traverseDist: 8000.0
