aabbMax:
  X: 334.37799072265625
  Y: 26.09160041809082
  Z: 127.66400146484375
aabbMin:
  X: 38.65890121459961
  Y: -11.931900024414062
  Z: -7.512499809265137
boundingForTraverse: 38.02349853515625
bugMask: 0
cursorOffsetY: 0.5
instSizeCafe: 17392
instSizeNx: -1
sortKey: 2
traverseDist: 500.0
