aabbMax:
  X: 8.78207015991211
  Y: 10.010199546813965
  Z: 4.671989917755127
aabbMin:
  X: -8.504630088806152
  Y: -4.439909934997559
  Z: -4.476729869842529
boundingForTraverse: 14.450108528137207
bugMask: 0
cursorOffsetY: 0.5
instSizeCafe: 29424
instSizeNx: -1
sortKey: 2
