aabbMax:
  X: 26.93589973449707
  Y: 25.909299850463867
  Z: 30.037099838256836
aabbMin:
  X: -15.184300422668457
  Y: -13.5
  Z: -75.44219970703125
boundingForTraverse: 39.4093017578125
bugMask: 0
cursorOffsetY: 0.5
instSizeCafe: -1
instSizeNx: 826328
sortKey: 0
terrainTextures:
- !u 0xff1d1c11
traverseDist: 800.0
