aabbMax:
  X: 0.47742998600006104
  Y: 2.1788198947906494
  Z: 1.4500800371170044
aabbMin:
  X: -0.5261710286140442
  Y: -0.21834200620651245
  Z: -0.5579220056533813
boundingForTraverse: 2.3971619606018066
bugMask: 3
cursorOffsetY: 0.5
farModelCulling:
  center:
    X: 0.0
    Y: 1.149999976158142
    Z: 0.0
  height: 1.149999976158142
  radius: 2.0
instSizeCafe: -1
instSizeNx: 143336
rigidBodyCenterY: 1.100000023841858
sortKey: 4
