aabbMax:
  X: 141.125
  Y: 7.203750133514404
  Z: 79.59320068359375
aabbMin:
  X: -159.99099731445312
  Y: -242.82200622558594
  Z: -109.60900115966797
boundingForTraverse: 250.0257568359375
bugMask: 0
instSizeCafe: 18548
instSizeNx: -1
sortKey: -11
terrainTextures:
- !u 0xffffff3e
traverseDist: 855.6238403320312
