aabbMax:
  X: 11.20989990234375
  Y: 15.885100364685059
  Z: 17.024099349975586
aabbMin:
  X: -15.031999588012695
  Y: -4.956130027770996
  Z: -15.053199768066406
boundingForTraverse: 20.841230392456055
bugMask: 0
cursorOffsetY: 0.5
instSizeCafe: -1
instSizeNx: 116672
sortKey: -14
traverseDist: 541.44384765625
