aabbMax:
  X: 0.30557000637054443
  Y: 0.027997000142931938
  Z: 0.4024200141429901
aabbMin:
  X: -15.195099830627441
  Y: -21.870500564575195
  Z: -17.261199951171875
boundingForTraverse: 21.898496627807617
bugMask: 0
cursorOffsetY: 0.5
instSizeCafe: 162784
instSizeNx: -1
sortKey: 0
terrainTextures:
- !u 0xffffff34
traverseDist: 500.0
