aabbMax:
  X: 1.649999976158142
  Y: 0.0
  Z: 1.0499999523162842
aabbMin:
  X: -1.649999976158142
  Y: 0.0
  Z: -1.0499999523162842
boundingForTraverse: 1.9557609558105469
bugMask: 1
cursorOffsetY: 0.5
instSizeCafe: -1
instSizeNx: 90688
sortKey: -1
