aabbMax:
  X: 75.67279815673828
  Y: 3.831399917602539
  Z: 20.26650047302246
aabbMin:
  X: -70.3595962524414
  Y: -52.131099700927734
  Z: -14.309499740600586
boundingForTraverse: 55.962501525878906
bugMask: 0
instSizeCafe: 18548
instSizeNx: -1
sortKey: 0
terrainTextures:
- !u 0xffffff3e
traverseDist: 4000.0
