aabbMax:
  X: 18.142200469970703
  Y: 0.10000599920749664
  Z: 10.418600082397461
aabbMin:
  X: -18.058700561523438
  Y: -176.25799560546875
  Z: -26.18160057067871
boundingForTraverse: 176.35800170898438
bugMask: 0
cursorOffsetY: 0.5
instSizeCafe: -1
instSizeNx: 78184
sortKey: -2
traverseDist: 551.4789428710938
