aabbMax:
  X: 33.30179977416992
  Y: 9.928159713745117
  Z: 32.275001525878906
aabbMin:
  X: -7.754950046539307
  Y: -1.1641000509262085
  Z: -8.723560333251953
boundingForTraverse: 11.092259407043457
bugMask: 0
cursorOffsetY: 0.5
instSizeCafe: 38580
instSizeNx: -1
sortKey: 0
terrainTextures:
- !u 0xffff3008
traverseDist: 558.0219116210938
