aabbMax:
  X: 64.08390045166016
  Y: 1.0997799634933472
  Z: 23.126699447631836
aabbMin:
  X: -64.06449890136719
  Y: -10.07919979095459
  Z: -65.51210021972656
boundingForTraverse: 11.178979873657227
bugMask: 0
instSizeCafe: 95728
instSizeNx: 227400
sortKey: 0
terrainTextures:
- !u 0xffffff40
traverseDist: 3000.0
