aabbMax:
  X: 43.84239959716797
  Y: 2.335099935531616
  Z: 29.32379913330078
aabbMin:
  X: -39.68510055541992
  Y: -120.1760025024414
  Z: -3.7985899448394775
boundingForTraverse: 122.51110076904297
bugMask: 0
cursorOffsetY: 0.5
instSizeCafe: 30320
instSizeNx: -1
sortKey: 0
terrainTextures:
- !u 0xffffff44
