aabbMax:
  X: 32.03089904785156
  Y: 1.256100058555603
  Z: 20.468299865722656
aabbMin:
  X: -29.694900512695312
  Y: -201.01600646972656
  Z: -21.558300018310547
boundingForTraverse: 202.27210998535156
bugMask: 0
cursorOffsetY: 0.5
instSizeCafe: 17392
instSizeNx: -1
sortKey: 0
terrainTextures:
- !u 0xffff1d11
traverseDist: 3000.0
