aabbMax:
  X: 15.107999801635742
  Y: 9.030949592590332
  Z: 13.643799781799316
aabbMin:
  X: -13.553600311279297
  Y: -2.440340042114258
  Z: -12.821900367736816
boundingForTraverse: 11.47128963470459
bugMask: 0
cursorOffsetY: 0.5
instSizeCafe: 51296
instSizeNx: 145368
sortKey: 0
terrainTextures:
- !u 0xffffff08
traverseDist: 400.0
