aabbMax:
  X: 8.603919982910156
  Y: 16.364200592041016
  Z: 1.0254000425338745
aabbMin:
  X: -8.409830093383789
  Y: -1.6647000312805176
  Z: -5.716529846191406
boundingForTraverse: 18.028900146484375
bugMask: 1
farModelCulling:
  center:
    X: 0.0
    Y: 8.149999618530273
    Z: -3.0
  height: 8.149999618530273
  radius: 8.470000267028809
instSizeCafe: -1
instSizeNx: 132480
rigidBodyCenterY: 6.343210220336914
sortKey: 17
terrainTextures:
- !u 0xffffff33
traverseDist: 1000.0
