aabbMax:
  X: 19.90180015563965
  Y: 2.875760078430176
  Z: 17.367900848388672
aabbMin:
  X: -20.255699157714844
  Y: -3.2475900650024414
  Z: -18.337400436401367
boundingForTraverse: 6.123350143432617
bugMask: 0
cursorOffsetY: 0.5
instSizeCafe: 17392
instSizeNx: -1
sortKey: 9
terrainTextures:
- !u 0xffffff32
