aabbMax:
  X: 8.617549896240234
  Y: 3.1309499740600586
  Z: 0.8412179946899414
aabbMin:
  X: -8.414730072021484
  Y: -0.635358989238739
  Z: -0.7870919704437256
boundingForTraverse: 3.7663090229034424
bugMask: 0
cursorOffsetY: 0.5
instSizeCafe: -1
instSizeNx: 120768
sortKey: -11
traverseDist: 500.0
