aabbMax:
  X: -45.0
  Y: 54.5099983215332
  Z: 25.0
aabbMin:
  X: -130.0
  Y: -3.129009962081909
  Z: -41.01940155029297
boundingForTraverse: 57.639007568359375
bugMask: 0
cursorOffsetY: 0.5
instSizeCafe: 29912
instSizeNx: -1
sortKey: 0
