aabbMax:
  X: 13.209099769592285
  Y: 11.13290023803711
  Z: 3.960400104522705
aabbMin:
  X: -13.343000411987305
  Y: -16.927600860595703
  Z: -8.278030395507812
boundingForTraverse: 28.060501098632812
bugMask: 0
cursorOffsetY: 0.5
instSizeCafe: 40348
instSizeNx: 116672
sortKey: 0
terrainTextures:
- !u 0xffffff08
traverseDist: 529.2368774414062
