aabbMax:
  X: 39.64229965209961
  Y: 82.10199737548828
  Z: 41.653900146484375
aabbMin:
  X: -72.28269958496094
  Y: -25.139799118041992
  Z: -33.826900482177734
boundingForTraverse: 107.2417984008789
bugMask: 0
cursorOffsetY: 0.5
instSizeCafe: 50816
instSizeNx: -1
sortKey: 0
terrainTextures:
- !u 0xffffff15
traverseDist: 8000.0
