aabbMax:
  X: 24.912200927734375
  Y: 0.1397709995508194
  Z: 10.059900283813477
aabbMin:
  X: -24.33810043334961
  Y: -137.1020050048828
  Z: -30.75950050354004
boundingForTraverse: 137.2417755126953
bugMask: 0
cursorOffsetY: 0.5
instSizeCafe: 21244
instSizeNx: -1
sortKey: 0
traverseDist: 4000.0
