aabbMax:
  X: 5.729169845581055
  Y: 1.5928599834442139
  Z: 5.321569919586182
aabbMin:
  X: -5.726870059967041
  Y: 0.0
  Z: -5.056580066680908
boundingForTraverse: 1.5928599834442139
bugMask: 0
cursorOffsetY: 0.5
instSizeCafe: 48636
instSizeNx: -1
sortKey: -1
traverseDist: 500.0
