aabbMax:
  X: 6.971889972686768
  Y: 11.730600357055664
  Z: 8.195059776306152
aabbMin:
  X: -1.1642600297927856
  Y: -0.008837999776005745
  Z: -0.010149000212550163
boundingForTraverse: 11.7394380569458
bugMask: 0
cursorOffsetY: 0.5
instSizeCafe: 53120
instSizeNx: 145368
sortKey: 19
