aabbMax:
  X: 86.72200012207031
  Y: 14.684800148010254
  Z: 31.61039924621582
aabbMin:
  X: -76.55470275878906
  Y: -151.48899841308594
  Z: -35.315101623535156
boundingForTraverse: 166.17379760742188
bugMask: 0
instSizeCafe: -1
instSizeNx: 124864
sortKey: 0
terrainTextures:
- 487657472
- !u 0xffff4c1f
traverseDist: 5000.0
