aabbMax:
  X: 3.178879976272583
  Y: 3.3066399097442627
  Z: 1.0967799425125122
aabbMin:
  X: -4.656469821929932
  Y: -3.879430055618286
  Z: -6.5971198081970215
boundingForTraverse: 7.186069965362549
bugMask: 0
cursorOffsetY: 0.5
instSizeCafe: 18548
instSizeNx: -1
sortKey: 12
terrainTextures:
- !u 0xffffff33
traverseDist: 300.0
