aabbMax:
  X: 4.892819881439209
  Y: 0.7977830171585083
  Z: 5.618800163269043
aabbMin:
  X: -4.6186699867248535
  Y: -0.29093098640441895
  Z: -6.122779846191406
boundingForTraverse: 1.0887140035629272
bugMask: 0
cursorOffsetY: 0.5
instSizeCafe: 29140
instSizeNx: -1
sortKey: 0
