aabbMax:
  X: 154.69200134277344
  Y: 4.51455020904541
  Z: 64.8280029296875
aabbMin:
  X: -179.07899475097656
  Y: -240.61199951171875
  Z: -32.82789993286133
boundingForTraverse: 245.12655639648438
bugMask: 0
cursorOffsetY: 0.5
instSizeCafe: 48256
instSizeNx: -1
sortKey: 15
terrainTextures:
- !u 0xff373108
traverseDist: 847.763916015625
