aabbMax:
  X: 175.0240020751953
  Y: 100.84600067138672
  Z: 129.9949951171875
aabbMin:
  X: -174.26600646972656
  Y: -99.00900268554688
  Z: -131.28599548339844
boundingForTraverse: 199.85501098632812
bugMask: 0
cursorOffsetY: 0.5
instSizeCafe: 53344
instSizeNx: 145368
sortKey: 0
terrainTextures:
- !u 0xffff4342
traverseDist: 3000.0
