aabbMax:
  X: 2.5447099208831787
  Y: 3.6931400299072266
  Z: 4.138629913330078
aabbMin:
  X: -2.7550699710845947
  Y: -0.14494800567626953
  Z: -4.090869903564453
boundingForTraverse: 3.838088035583496
bugMask: 0
cursorOffsetY: 0.5
instSizeCafe: -1
instSizeNx: 145368
sortKey: 0
terrainTextures:
- !u 0xffffff08
