aabbMax:
  X: 3.0
  Y: 3.4000000953674316
  Z: 0.7875000238418579
aabbMin:
  X: -0.0004440000047907233
  Y: 0.0
  Z: -0.755698025226593
boundingForTraverse: 3.4000000953674316
bugMask: 0
cursorOffsetY: 0.5
instSizeCafe: 41500
instSizeNx: -1
sortKey: 27
