aabbMax:
  X: 86.9031982421875
  Y: 14.728400230407715
  Z: 31.718700408935547
aabbMin:
  X: -76.51509857177734
  Y: -151.46099853515625
  Z: -35.602298736572266
boundingForTraverse: 166.18939208984375
bugMask: 0
cursorOffsetY: 0.5
instSizeCafe: 17392
instSizeNx: -1
sortKey: 0
terrainTextures:
- !u 0xff331d11
traverseDist: 8000.0
