aabbMax:
  X: 61.015499114990234
  Y: 48.05970001220703
  Z: 18.67099952697754
aabbMin:
  X: -61.015499114990234
  Y: -52.1338005065918
  Z: -84.7073974609375
boundingForTraverse: 100.19349670410156
bugMask: 0
cursorOffsetY: 0.5
instSizeCafe: -1
instSizeNx: 117728
sortKey: -4
traverseDist: 659.9332885742188
