aabbMax:
  X: 24.845199584960938
  Y: 1.8660500049591064
  Z: 38.690399169921875
aabbMin:
  X: -33.77429962158203
  Y: -30.0
  Z: -31.90920066833496
boundingForTraverse: 31.866050720214844
bugMask: 0
cursorOffsetY: 0.5
instSizeCafe: -1
instSizeNx: 75656
sortKey: 0
terrainTextures:
- !u 0xffff1d11
traverseDist: 591.7635498046875
