aabbMax:
  X: 52.77989959716797
  Y: 65.23880004882812
  Z: 65.15640258789062
aabbMin:
  X: -88.01409912109375
  Y: -65.1415023803711
  Z: -74.2490005493164
boundingForTraverse: 130.38031005859375
bugMask: 0
cursorOffsetY: 0.5
instSizeCafe: -1
instSizeNx: 100256
sortKey: 0
terrainTextures:
- 522064384
- !u 0xffffff4c
traverseDist: 2000.0
