aabbMax:
  X: 22.447900772094727
  Y: 37.62919998168945
  Z: 21.715599060058594
aabbMin:
  X: -30.973100662231445
  Y: 0.0
  Z: -7.9777398109436035
boundingForTraverse: 37.62919998168945
bugMask: 0
instSizeCafe: -1
instSizeNx: 96160
sortKey: 6
terrainTextures:
- !u 0xffff1d11
traverseDist: 561.1187133789062
