aabbMax:
  X: 40.690399169921875
  Y: 6.624760150909424
  Z: 38.522701263427734
aabbMin:
  X: -39.38349914550781
  Y: -12.312899589538574
  Z: -37.6348991394043
boundingForTraverse: 18.937660217285156
bugMask: 0
cursorOffsetY: 0.5
instSizeCafe: 38044
instSizeNx: -1
sortKey: 0
terrainTextures:
- !u 0xff373108
traverseDist: 2000.0
