aabbMax:
  X: 39.15769958496094
  Y: 5.50137996673584
  Z: 18.000699996948242
aabbMin:
  X: -73.36810302734375
  Y: -68.67420196533203
  Z: -39.404598236083984
boundingForTraverse: 74.17558288574219
bugMask: 0
cursorOffsetY: 0.5
instSizeCafe: 134552
instSizeNx: -1
sortKey: 0
traverseDist: 626.3226928710938
