aabbMax:
  X: 0.5504689812660217
  Y: 2.0210399627685547
  Z: 0.133309006690979
aabbMin:
  X: -0.6146619915962219
  Y: -0.010928000323474407
  Z: -0.06563100218772888
boundingForTraverse: 2.031968116760254
bugMask: 3
cursorOffsetY: 0.3499999940395355
instSizeCafe: 86960
instSizeNx: -1
lookAtOffsetY: 1.7999999523162842
rigidBodyCenterY: 1.4620399475097656
sortKey: -9
traverseDist: 150.0
