aabbMax:
  X: 56.93130111694336
  Y: 12.343899726867676
  Z: 70.66570281982422
aabbMin:
  X: -30.867700576782227
  Y: -16.372800827026367
  Z: -64.7135009765625
boundingForTraverse: 28.71670150756836
bugMask: 0
cursorOffsetY: 0.5
instSizeCafe: 17644
instSizeNx: -1
sortKey: 0
terrainTextures:
- !u 0xffff3222
