aabbMax:
  X: 34.13249969482422
  Y: 1.7000000476837158
  Z: 37.76250076293945
aabbMin:
  X: -4.545259952545166
  Y: -0.699999988079071
  Z: 15.40999984741211
boundingForTraverse: 2.4000000953674316
bugMask: 0
cursorOffsetY: 0.5
instSizeCafe: 41496
instSizeNx: -1
sortKey: 0
traverseDist: 300.0
