aabbMax:
  X: 27.841800689697266
  Y: 23.56450080871582
  Z: 9.833919525146484
aabbMin:
  X: -28.304000854492188
  Y: -5.604770183563232
  Z: -11.140199661254883
boundingForTraverse: 29.16927146911621
bugMask: 0
instSizeCafe: 17392
instSizeNx: -1
sortKey: 0
terrainTextures:
- !u 0xffffff3c
traverseDist: 500.0
