aabbMax:
  X: 4.147480010986328
  Y: 0.1759209930896759
  Z: 0.1171799972653389
aabbMin:
  X: -4.451980113983154
  Y: -0.9107999801635742
  Z: -6.840099811553955
boundingForTraverse: 1.0867209434509277
bugMask: 0
cursorOffsetY: 0.5
instSizeCafe: 38424
instSizeNx: -1
sortKey: -23
traverseDist: 400.0
