aabbMax:
  X: 1.818850040435791
  Y: 1.6684000492095947
  Z: 1.6567399501800537
aabbMin:
  X: -1.4704099893569946
  Y: -1.4749499559402466
  Z: -1.7093499898910522
boundingForTraverse: 3.1433498859405518
bugMask: 3
instSizeCafe: 33468
instSizeNx: -1
rigidBodyCenterY: -0.00800000037997961
sortKey: -24
