aabbMax:
  X: 88.13009643554688
  Y: 0.0
  Z: 151.7050018310547
aabbMin:
  X: -96.13490295410156
  Y: -89.09290313720703
  Z: -85.15689849853516
boundingForTraverse: 89.09290313720703
bugMask: 0
cursorOffsetY: 0.5
instSizeCafe: -1
instSizeNx: 145368
sortKey: 0
terrainTextures:
- !u 0xffff4d2a
traverseDist: 800.09521484375
