aabbMax:
  X: 43.03390121459961
  Y: 5.890210151672363
  Z: 31.40690040588379
aabbMin:
  X: -43.03390121459961
  Y: -0.3221690058708191
  Z: -10.21619987487793
boundingForTraverse: 6.212378978729248
bugMask: 0
cursorOffsetY: 0.5
instSizeCafe: 20404
instSizeNx: 76712
sortKey: 0
traverseDist: 1000.0
