aabbMax:
  X: 1.8112599849700928
  Y: 8.133609771728516
  Z: 1.7990399599075317
aabbMin:
  X: -1.8492900133132935
  Y: 1.7094199657440186
  Z: -1.8492200374603271
boundingForTraverse: 6.424190044403076
bugMask: 0
cursorOffsetY: 0.5
instSizeCafe: 17140
instSizeNx: -1
sortKey: 0
traverseDist: 1000.0
