aabbMax:
  X: 13.72920036315918
  Y: 18.850500106811523
  Z: 4.861440181732178
aabbMin:
  X: -13.790200233459473
  Y: -18.84869956970215
  Z: -5.0879597663879395
boundingForTraverse: 37.69919967651367
bugMask: 0
cursorOffsetY: 0.5
instSizeCafe: -1
instSizeNx: 75656
sortKey: 0
traverseDist: 6000.0
