aabbMax:
  X: 2.723099946975708
  Y: 1.5644999742507935
  Z: 1.246019959449768
aabbMin:
  X: -2.8216800689697266
  Y: -0.2525239884853363
  Z: -1.2920000553131104
boundingForTraverse: 1.8170239925384521
bugMask: 0
cursorOffsetY: 0.5
instSizeCafe: 17388
instSizeNx: -1
sortKey: 0
traverseDist: 1000.0
