aabbMax:
  X: 9.052510261535645
  Y: 57.3568000793457
  Z: 9.0
aabbMin:
  X: -9.0
  Y: -4.0
  Z: -9.0
boundingForTraverse: 61.3568000793457
bugMask: 0
instSizeCafe: 39196
instSizeNx: 116672
sortKey: -5
traverseDist: 525.4929809570312
