aabbMax:
  X: 14.461199760437012
  Y: -3.67467999458313
  Z: 56.881500244140625
aabbMin:
  X: -16.433000564575195
  Y: -50.42660140991211
  Z: -56.881500244140625
boundingForTraverse: 46.751922607421875
bugMask: 0
instSizeCafe: 29908
instSizeNx: -1
sortKey: 0
