aabbMax:
  X: 24.10140037536621
  Y: 2.4052999019622803
  Z: 20.555200576782227
aabbMin:
  X: -23.715099334716797
  Y: -127.6760025024414
  Z: -14.64680004119873
boundingForTraverse: 130.081298828125
bugMask: 0
cursorOffsetY: 0.5
instSizeCafe: 30704
instSizeNx: -1
sortKey: 0
terrainTextures:
- !u 0xffffff44
traverseDist: 1500.0
