aabbMax:
  X: 54.438499450683594
  Y: 2.45920991897583
  Z: 41.49340057373047
aabbMin:
  X: -54.282501220703125
  Y: -120.41699981689453
  Z: -11.466899871826172
boundingForTraverse: 122.87621307373047
bugMask: 0
cursorOffsetY: 0.5
instSizeCafe: 30296
instSizeNx: 96160
sortKey: 0
terrainTextures:
- !u 0xffffff44
traverseDist: 8000.0
