aabbMax:
  X: 28.467300415039062
  Y: 7.7016401290893555
  Z: 35.131500244140625
aabbMin:
  X: -28.507699966430664
  Y: -71.40470123291016
  Z: -12.145099639892578
boundingForTraverse: 79.10633850097656
bugMask: 0
cursorOffsetY: 0.5
instSizeCafe: 17780
instSizeNx: 75656
sortKey: 0
traverseDist: 8000.0
