aabbMax:
  X: 19.723600387573242
  Y: 21.749900817871094
  Z: 20.811599731445312
aabbMin:
  X: -20.48780059814453
  Y: -13.203700065612793
  Z: -10.182900428771973
boundingForTraverse: 34.9536018371582
bugMask: 0
cursorOffsetY: 0.5
instSizeCafe: 18608
instSizeNx: -1
sortKey: 0
terrainTextures:
- !u 0xffffff57
traverseDist: 1000.0
