aabbMax:
  X: 2.685770034790039
  Y: 47.740501403808594
  Z: 3.0566799640655518
aabbMin:
  X: -3.0925300121307373
  Y: 15.101499557495117
  Z: -3.213560104370117
boundingForTraverse: 32.638999938964844
bugMask: 0
cursorOffsetY: 0.5
instSizeCafe: 30320
instSizeNx: -1
sortKey: 0
traverseDist: 2000.0
