aabbMax:
  X: 73.25830078125
  Y: 0.42984798550605774
  Z: 27.946500778198242
aabbMin:
  X: -90.45249938964844
  Y: -48.39659881591797
  Z: -20.312999725341797
boundingForTraverse: 48.826446533203125
bugMask: 0
cursorOffsetY: 0.5
instSizeCafe: 30264
instSizeNx: 96160
sortKey: 0
terrainTextures:
- !u 0xffffff15
traverseDist: 8000.0
