aabbMax:
  X: 90.17489624023438
  Y: 223.29299926757812
  Z: 164.85299682617188
aabbMin:
  X: -85.2052001953125
  Y: -223.33200073242188
  Z: -161.3040008544922
boundingForTraverse: 446.625
bugMask: 0
cursorOffsetY: 0.5
instSizeCafe: -1
instSizeNx: 75656
sortKey: 0
traverseDist: 8000.0
