aabbMax:
  X: 0.9817559719085693
  Y: -0.10085199773311615
  Z: 63.19110107421875
aabbMin:
  X: -2.517280101776123
  Y: -13.10099983215332
  Z: -50.16550064086914
boundingForTraverse: 13.000147819519043
bugMask: 2
cursorOffsetY: 0.5
instSizeCafe: 29056
instSizeNx: -1
sortKey: -3
traverseDist: 500.0
