aabbMax:
  X: 39.4098014831543
  Y: 5.854680061340332
  Z: 14.273300170898438
aabbMin:
  X: -39.1682014465332
  Y: -18.04010009765625
  Z: -20.565399169921875
boundingForTraverse: 23.894779205322266
bugMask: 0
instSizeCafe: -1
instSizeNx: 96840
sortKey: 0
terrainTextures:
- !u 0xffffff33
traverseDist: 1000.0
