aabbMax:
  X: 56.78710174560547
  Y: 33.71260070800781
  Z: 111.01899719238281
aabbMin:
  X: -27.036399841308594
  Y: -7.769289970397949
  Z: 32.976898193359375
boundingForTraverse: 41.48189163208008
bugMask: 0
instSizeCafe: 120016
instSizeNx: -1
sortKey: -9
traverseDist: 400.0
