aabbMax:
  X: 40.436100006103516
  Y: 21.312999725341797
  Z: 33.70560073852539
aabbMin:
  X: -48.34080123901367
  Y: -19.897199630737305
  Z: -35.868099212646484
boundingForTraverse: 41.21019744873047
bugMask: 0
cursorOffsetY: 0.5
instSizeCafe: 19796
instSizeNx: 75656
sortKey: 11
traverseDist: 612.7911376953125
