aabbMax:
  X: 78.78299713134766
  Y: 50.22560119628906
  Z: 67.20899963378906
aabbMin:
  X: -90.77890014648438
  Y: -46.163700103759766
  Z: -15.579500198364258
boundingForTraverse: 96.38929748535156
bugMask: 0
cursorOffsetY: 0.5
instSizeCafe: -1
instSizeNx: 96160
sortKey: 0
terrainTextures:
- !u 0xff4c1f00
traverseDist: 688.693359375
