aabbMax:
  X: 17.536699295043945
  Y: 53.00559997558594
  Z: -2.699660062789917
aabbMin:
  X: -124.77400207519531
  Y: -5.14054012298584
  Z: -130.01499938964844
boundingForTraverse: 58.146141052246094
bugMask: 0
cursorOffsetY: 0.5
instSizeCafe: -1
instSizeNx: 120768
sortKey: 0
terrainTextures:
- !u 0xffffff08
traverseDist: 1000.0
