aabbMax:
  X: 71.97219848632812
  Y: -3.2945001125335693
  Z: 22.58449935913086
aabbMin:
  X: -69.3998031616211
  Y: -72.59310150146484
  Z: -9.012900352478027
boundingForTraverse: 69.29859924316406
bugMask: 0
instSizeCafe: 38580
instSizeNx: -1
sortKey: 2
terrainTextures:
- 286262016
- !u 0xff4c1f1d
traverseDist: 644.860107421875
