aabbMax:
  X: 69.99829864501953
  Y: 0.0
  Z: 60.04869842529297
aabbMin:
  X: -60.01860046386719
  Y: 0.0
  Z: -70.0
boundingForTraverse: 91.94708251953125
bugMask: 0
cursorOffsetY: 0.5
instSizeCafe: -1
instSizeNx: 145368
sortKey: 0
traverseDist: 1000.0
