aabbMax:
  X: 9.630049705505371
  Y: 68.74949645996094
  Z: 9.699999809265137
aabbMin:
  X: -9.699999809265137
  Y: -4.0
  Z: -9.699999809265137
boundingForTraverse: 72.74949645996094
bugMask: 0
instSizeCafe: -1
instSizeNx: 120768
sortKey: -6
traverseDist: 527.3863525390625
