aabbMax:
  X: 0.38220301270484924
  Y: 1.482200026512146
  Z: 0.3586600124835968
aabbMin:
  X: -0.38220301270484924
  Y: -0.2714869976043701
  Z: -0.130963996052742
boundingForTraverse: 1.7536870241165161
bugMask: 3
cursorOffsetY: 0.5
instSizeCafe: -1
instSizeNx: 85024
sortKey: -32
