aabbMax:
  X: 3.427229881286621
  Y: 2.598259925842285
  Z: 3.016510009765625
aabbMin:
  X: -2.785290002822876
  Y: -0.5059959888458252
  Z: -2.6334400177001953
boundingForTraverse: 3.1042559146881104
bugMask: 0
cursorOffsetY: 0.5
instSizeCafe: -1
instSizeNx: 120768
sortKey: -6
traverseDist: 500.0
