aabbMax:
  X: -2.3037800788879395
  Y: 4.9338698387146
  Z: 2.2046499252319336
aabbMin:
  X: -3.1387600898742676
  Y: 0.8582620024681091
  Z: 0.9237899780273438
boundingForTraverse: 4.075607776641846
bugMask: 1
cursorOffsetY: 0.5
instSizeCafe: 47780
instSizeNx: -1
sortKey: 2
traverseDist: 1000.0
