aabbMax:
  X: 1.9650800228118896
  Y: 0.22790899872779846
  Z: 0.9078350067138672
aabbMin:
  X: -1.5801500082015991
  Y: -0.9765430092811584
  Z: -0.885565996170044
boundingForTraverse: 1.2044520378112793
bugMask: 0
cursorOffsetY: 0.5
instSizeCafe: -1
instSizeNx: 75656
sortKey: -22
