aabbMax:
  X: 3.7063100337982178
  Y: 0.3044719994068146
  Z: 0.9012899994850159
aabbMin:
  X: -3.4463300704956055
  Y: -0.32946598529815674
  Z: -3.1573500633239746
boundingForTraverse: 0.6339380145072937
bugMask: 0
cursorOffsetY: 0.5
instSizeCafe: 30576
instSizeNx: -1
sortKey: -14
