aabbMax:
  X: 2.748029947280884
  Y: 0.8306469917297363
  Z: 1.7856099605560303
aabbMin:
  X: -1.6620299816131592
  Y: -0.14222300052642822
  Z: -2.7556099891662598
boundingForTraverse: 0.9728699922561646
bugMask: 0
cursorOffsetY: 0.5
instSizeCafe: 39644
instSizeNx: 116672
sortKey: 0
