aabbMax:
  X: 58.786598205566406
  Y: 0.0
  Z: 23.789600372314453
aabbMin:
  X: -58.786598205566406
  Y: -199.44200134277344
  Z: -54.834999084472656
boundingForTraverse: 199.44200134277344
bugMask: 0
cursorOffsetY: 0.5
instSizeCafe: 21252
instSizeNx: 78184
sortKey: -5
traverseDist: 641.4400634765625
