aabbMax:
  X: 31.36479949951172
  Y: 60.28850173950195
  Z: 3.9862000942230225
aabbMin:
  X: -31.446300506591797
  Y: -0.780601978302002
  Z: -18.382999420166016
boundingForTraverse: 61.0691032409668
bugMask: 0
cursorOffsetY: 0.5
instSizeCafe: -1
instSizeNx: 215088
sortKey: 0
traverseDist: 2000.0
