aabbMax:
  X: 2.3914101123809814
  Y: 0.013605999760329723
  Z: 2.157219886779785
aabbMin:
  X: -2.112190008163452
  Y: -1.6994600296020508
  Z: -3.1745998859405518
boundingForTraverse: 1.7130659818649292
bugMask: 0
cursorOffsetY: 0.5
instSizeCafe: 28056
instSizeNx: -1
sortKey: 0
