aabbMax:
  X: 2.805389881134033
  Y: 47.58089828491211
  Z: 3.197700023651123
aabbMin:
  X: -3.798099994659424
  Y: -17.34869956970215
  Z: -3.1891698837280273
boundingForTraverse: 64.92959594726562
bugMask: 0
cursorOffsetY: 0.5
instSizeCafe: 29908
instSizeNx: -1
sortKey: 0
traverseDist: 2000.0
