aabbMax:
  X: 5.798759937286377
  Y: 0.5885940194129944
  Z: 5.387519836425781
aabbMin:
  X: -6.3914899826049805
  Y: 0.000674000009894371
  Z: -4.150839805603027
boundingForTraverse: 12.190250396728516
bugMask: 0
instSizeCafe: 27608
instSizeNx: -1
sortKey: 10
