aabbMax:
  X: 60.0
  Y: 50.0
  Z: 50.0
aabbMin:
  X: 5.0
  Y: 24.70490074157715
  Z: -10.0
boundingForTraverse: 25.29509925842285
bugMask: 0
cursorOffsetY: 0.5
instSizeCafe: 29908
instSizeNx: -1
sortKey: 0
terrainTextures:
- !u 0xffffff47
traverseDist: 1000.0
