aabbMax:
  X: 14.273300170898438
  Y: 2.7627599239349365
  Z: 7.428890228271484
aabbMin:
  X: -14.821999549865723
  Y: -9.345809936523438
  Z: -7.711790084838867
boundingForTraverse: 12.108570098876953
bugMask: 0
cursorOffsetY: 0.5
instSizeCafe: 17140
instSizeNx: 75656
sortKey: -12
traverseDist: 1000.0
