aabbMax:
  X: 29.55590057373047
  Y: 39.836299896240234
  Z: 16.432199478149414
aabbMin:
  X: -18.743999481201172
  Y: -2.8297901153564453
  Z: -20.654499053955078
boundingForTraverse: 42.66609191894531
bugMask: 3
cursorOffsetY: 0.5
instSizeCafe: 143900
instSizeNx: -1
rigidBodyCenterY: 13.501500129699707
sortKey: -3
traverseDist: 200.0
