aabbMax:
  X: 71.97219848632812
  Y: -3.833940029144287
  Z: 23.74799919128418
aabbMin:
  X: -69.3998031616211
  Y: -72.59310150146484
  Z: -9.012900352478027
boundingForTraverse: 68.75916290283203
bugMask: 0
cursorOffsetY: 0.5
instSizeCafe: 17396
instSizeNx: 75656
sortKey: 9
terrainTextures:
- !u 0xff331d11
traverseDist: 500.0
