aabbMax:
  X: 18.606000900268555
  Y: 30.061199188232422
  Z: 19.824399948120117
aabbMin:
  X: -18.41710090637207
  Y: -30.05820083618164
  Z: -10.657299995422363
boundingForTraverse: 60.11940002441406
bugMask: 0
cursorOffsetY: 0.5
instSizeCafe: 52224
instSizeNx: 145368
sortKey: 0
traverseDist: 547.9566650390625
