aabbMax:
  X: 10.0
  Y: 17.103700637817383
  Z: -2.0228800773620605
aabbMin:
  X: -10.0
  Y: 2.771749973297119
  Z: -9.006050109863281
boundingForTraverse: 14.331951141357422
bugMask: 0
cursorOffsetY: 0.5
instSizeCafe: 41500
instSizeNx: 116672
sortKey: 35
traverseDist: 500.0
