aabbMax:
  X: 107.00599670410156
  Y: 79.45189666748047
  Z: 53.435001373291016
aabbMin:
  X: -107.19100189208984
  Y: -1.5234999656677246
  Z: -79.6416015625
boundingForTraverse: 80.97539520263672
bugMask: 0
instSizeCafe: 40856
instSizeNx: -1
sortKey: 0
terrainTextures:
- !u 0xffff4d2a
traverseDist: 1000.0
