aabbMax:
  X: 1.5
  Y: 1.0468499660491943
  Z: 0.22835899889469147
aabbMin:
  X: 0.13739599287509918
  Y: -0.6868320107460022
  Z: -0.22715799510478973
boundingForTraverse: 1.7336820363998413
bugMask: 1
cursorOffsetY: 0.5
instSizeCafe: -1
instSizeNx: 84520
rigidBodyCenterY: 0.09506600350141525
sortKey: -21
