aabbMax:
  X: 8.022970199584961
  Y: 2.5699100494384766
  Z: 7.735899925231934
aabbMin:
  X: -9.979069709777832
  Y: -1.0526399612426758
  Z: -7.907780170440674
boundingForTraverse: 3.6225500106811523
bugMask: 0
cursorOffsetY: 0.5
instSizeCafe: 18420
instSizeNx: -1
sortKey: 8
traverseDist: 500.0
