aabbMax:
  X: 10.592000007629395
  Y: 7.4019999504089355
  Z: 4.93002986907959
aabbMin:
  X: -10.755599975585938
  Y: -7.1289801597595215
  Z: -2.057800054550171
boundingForTraverse: 14.530980110168457
bugMask: 0
cursorOffsetY: 0.5
instSizeCafe: 18796
instSizeNx: -1
sortKey: 0
terrainTextures:
- !u 0xffffff54
traverseDist: 500.0
