aabbMax:
  X: 2.640000104904175
  Y: 3.5199999809265137
  Z: 0.18218599259853363
aabbMin:
  X: -2.640000104904175
  Y: 0.0
  Z: -0.21999900043010712
boundingForTraverse: 3.5199999809265137
bugMask: 2
cursorOffsetY: 0.5
instSizeCafe: 41852
instSizeNx: -1
rigidBodyCenterY: 1.75
sortKey: 21
traverseDist: 400.0
