aabbMax:
  X: 46.103599548339844
  Y: 13.866299629211426
  Z: 14.994400024414062
aabbMin:
  X: -40.24079895019531
  Y: -63.09920120239258
  Z: -36.30509948730469
boundingForTraverse: 76.96549987792969
bugMask: 0
cursorOffsetY: 0.5
instSizeCafe: 19840
instSizeNx: 78200
sortKey: -1
terrainTextures:
- !u 0xffffff57
traverseDist: 500.0
