aabbMax:
  X: 63.22100067138672
  Y: 1.7090599536895752
  Z: 18.289100646972656
aabbMin:
  X: -50.59260177612305
  Y: -75.80760192871094
  Z: -28.493799209594727
boundingForTraverse: 77.51666259765625
bugMask: 0
cursorOffsetY: 0.5
instSizeCafe: 29912
instSizeNx: -1
sortKey: 0
terrainTextures:
- !u 0xff4c1f00
traverseDist: 3000.0
