aabbMax:
  X: 3.6081199645996094
  Y: 23.217100143432617
  Z: 8.216460227966309
aabbMin:
  X: -3.2468700408935547
  Y: -0.530663013458252
  Z: -5.053390026092529
boundingForTraverse: 23.74776268005371
bugMask: 0
instSizeCafe: 27608
instSizeNx: 96160
sortKey: 0
