aabbMax:
  X: 58.66320037841797
  Y: 20.284900665283203
  Z: 8.499670028686523
aabbMin:
  X: -58.31480026245117
  Y: -107.6500015258789
  Z: -64.15019989013672
boundingForTraverse: 127.93490600585938
bugMask: 0
cursorOffsetY: 0.5
instSizeCafe: 49020
instSizeNx: -1
sortKey: 0
terrainTextures:
- 487656448
- !u 0xffff4c1f
traverseDist: 2000.0
