aabbMax:
  X: 49.4025993347168
  Y: -0.6065530180931091
  Z: 19.625099182128906
aabbMin:
  X: -43.97779846191406
  Y: -64.06639862060547
  Z: -55.62540054321289
boundingForTraverse: 63.45984649658203
bugMask: 0
cursorOffsetY: 0.5
instSizeCafe: 29912
instSizeNx: 96160
sortKey: 0
terrainTextures:
- !u 0xff4c1f00
traverseDist: 619.92724609375
