aabbMax:
  X: 84.19400024414062
  Y: 1.3857799768447876
  Z: 57.863399505615234
aabbMin:
  X: -82.32640075683594
  Y: -78.6852035522461
  Z: -21.147499084472656
boundingForTraverse: 80.07098388671875
bugMask: 0
cursorOffsetY: 0.5
instSizeCafe: 41436
instSizeNx: -1
sortKey: 0
terrainTextures:
- !u 0xffff4d2a
traverseDist: 2000.0
