aabbMax:
  X: 0.9572070240974426
  Y: 0.7622269988059998
  Z: 0.907368004322052
aabbMin:
  X: -0.9076060056686401
  Y: -0.041788000613451004
  Z: -0.982807993888855
boundingForTraverse: 0.8040149807929993
bugMask: 0
instSizeCafe: 17140
instSizeNx: -1
sortKey: 0
terrainTextures:
- !u 0xffffff15
