aabbMax:
  X: 72.84459686279297
  Y: 89.73400115966797
  Z: 65.97589874267578
aabbMin:
  X: -69.97049713134766
  Y: -4.000160217285156
  Z: -114.05000305175781
boundingForTraverse: 93.73416137695312
bugMask: 0
instSizeCafe: 210412
instSizeNx: -1
sortKey: 0
terrainTextures:
- !u 0xffff1d11
traverseDist: 729.79443359375
