aabbMax:
  X: 36.4015007019043
  Y: 59.26959991455078
  Z: 34.774898529052734
aabbMin:
  X: -37.162601470947266
  Y: -39.33300018310547
  Z: -11.173700332641602
boundingForTraverse: 98.60260009765625
bugMask: 0
instSizeCafe: -1
instSizeNx: 145368
sortKey: 0
terrainTextures:
- !u 0xff373108
traverseDist: 2000.0
