aabbMax:
  X: 5.7759599685668945
  Y: 39.80149841308594
  Z: 6.422609806060791
aabbMin:
  X: -6.168650150299072
  Y: -0.9068179726600647
  Z: -6.144790172576904
boundingForTraverse: 40.708316802978516
bugMask: 0
cursorOffsetY: 0.5
instSizeCafe: 42036
instSizeNx: -1
sortKey: 0
traverseDist: 1000.0
