aabbMax:
  X: 57.051998138427734
  Y: -13.876500129699707
  Z: 47.598899841308594
aabbMin:
  X: -50.109901428222656
  Y: -81.92259979248047
  Z: -71.75039672851562
boundingForTraverse: 68.04609680175781
bugMask: 0
cursorOffsetY: 0.5
instSizeCafe: 48256
instSizeNx: -1
sortKey: -3
terrainTextures:
- 487657472
- !u 0xffff4c1f
traverseDist: 400.0
