aabbMax:
  X: 21.011899948120117
  Y: 77.46980285644531
  Z: 25.323699951171875
aabbMin:
  X: -27.90839958190918
  Y: 37.46799850463867
  Z: -23.92329978942871
boundingForTraverse: 40.00180435180664
bugMask: 0
cursorOffsetY: 0.5
instSizeCafe: 41660
instSizeNx: -1
sortKey: 0
terrainTextures:
- !u 0xffffff47
traverseDist: 1000.0
