aabbMax:
  X: 1.5
  Y: 12.140399932861328
  Z: 2.566119909286499
aabbMin:
  X: -1.5
  Y: 8.773699760437012
  Z: 1.7280000448226929
boundingForTraverse: 3.3666999340057373
bugMask: 0
cursorOffsetY: 0.5
instSizeCafe: 40092
instSizeNx: -1
sortKey: 0
traverseDist: 300.0
