aabbMax:
  X: 4.645130157470703
  Y: 1.5282200574874878
  Z: 4.9989800453186035
aabbMin:
  X: -4.714710235595703
  Y: -0.5754740238189697
  Z: -4.787690162658691
boundingForTraverse: 2.103693962097168
bugMask: 2
cursorOffsetY: 0.5
instSizeCafe: 19112
instSizeNx: -1
sortKey: 5
