aabbMax:
  X: 8.889730453491211
  Y: 8.86614990234375
  Z: 12.035799980163574
aabbMin:
  X: -8.16821002960205
  Y: -0.6384329795837402
  Z: -11.873499870300293
boundingForTraverse: 9.504583358764648
bugMask: 0
cursorOffsetY: 0.5
instSizeCafe: 121936
instSizeNx: -1
sortKey: -2
traverseDist: 800.0
