aabbMax:
  X: 3.9344499111175537
  Y: 27.480300903320312
  Z: 3.766669988632202
aabbMin:
  X: -3.7410900592803955
  Y: -0.5252060294151306
  Z: -2.9935801029205322
boundingForTraverse: 28.00550651550293
bugMask: 0
cursorOffsetY: 0.5
instSizeCafe: -1
instSizeNx: 141272
sortKey: -1
traverseDist: 1000.0
