aabbMax:
  X: 34.88959884643555
  Y: 29.737499237060547
  Z: 23.13050079345703
aabbMin:
  X: -45.16109848022461
  Y: -27.666099548339844
  Z: -57.827301025390625
boundingForTraverse: 57.40359878540039
bugMask: 0
cursorOffsetY: 0.5
instSizeCafe: 28760
instSizeNx: -1
sortKey: 0
traverseDist: 1000.0
