aabbMax:
  X: 2.687000036239624
  Y: 15.560799598693848
  Z: 2.7101500034332275
aabbMin:
  X: -2.687000036239624
  Y: -0.014895999804139137
  Z: -2.687000036239624
boundingForTraverse: 15.575695991516113
bugMask: 0
instSizeCafe: -1
instSizeNx: 116672
sortKey: 0
traverseDist: 500.0
