aabbMax:
  X: 35.54880142211914
  Y: 35.70899963378906
  Z: 21.461000442504883
aabbMin:
  X: -89.00859832763672
  Y: -32.400299072265625
  Z: -48.77280044555664
boundingForTraverse: 68.10929870605469
bugMask: 0
cursorOffsetY: 0.5
instSizeCafe: 55324
instSizeNx: -1
sortKey: 0
terrainTextures:
- !u 0xffff4342
traverseDist: 642.994140625
