aabbMax:
  X: 6.367919921875
  Y: 2.5191099643707275
  Z: 6.250879764556885
aabbMin:
  X: -5.3207502365112305
  Y: -0.684578001499176
  Z: -6.307079792022705
boundingForTraverse: 3.203687906265259
bugMask: 0
cursorOffsetY: 0.5
instSizeCafe: 76416
instSizeNx: -1
sortKey: 0
