aabbMax:
  X: 297.1600036621094
  Y: 28.793800354003906
  Z: 457.6679992675781
aabbMin:
  X: -316.5419921875
  Y: -14.300399780273438
  Z: -436.05999755859375
boundingForTraverse: 43.094200134277344
bugMask: 2
cursorOffsetY: 0.5
instSizeCafe: -1
instSizeNx: 123488
sortKey: 0
traverseDist: 2000.0
