aabbMax:
  X: 35.742401123046875
  Y: 27.125699996948242
  Z: 22.60919952392578
aabbMin:
  X: -44.257301330566406
  Y: -27.650299072265625
  Z: -57.20970153808594
boundingForTraverse: 54.7760009765625
bugMask: 0
cursorOffsetY: 0.5
instSizeCafe: 17396
instSizeNx: 75656
sortKey: 0
terrainTextures:
- !u 0xffff1d11
traverseDist: 2000.0
