aabbMax:
  X: 11.602499961853027
  Y: 2.1536900997161865
  Z: 12.496299743652344
aabbMin:
  X: -11.797100067138672
  Y: -2.6796300411224365
  Z: -11.970399856567383
boundingForTraverse: 4.833320140838623
bugMask: 0
cursorOffsetY: 0.5
instSizeCafe: -1
instSizeNx: 75656
sortKey: 0
terrainTextures:
- !u 0xffff4d03
traverseDist: 500.0
