aabbMax:
  X: 14.881699562072754
  Y: 6.887400150299072
  Z: -0.8403679728507996
aabbMin:
  X: -15.210700035095215
  Y: -2.325500011444092
  Z: -16.46809959411621
boundingForTraverse: 9.212900161743164
bugMask: 0
cursorOffsetY: 0.5
instSizeCafe: 17644
instSizeNx: -1
sortKey: 2
terrainTextures:
- 1279139584
traverseDist: 500.0
