aabbMax:
  X: 126.0510025024414
  Y: 50.94779968261719
  Z: 50.054901123046875
aabbMin:
  X: -119.10600280761719
  Y: -88.93319702148438
  Z: -24.570600509643555
boundingForTraverse: 139.88099670410156
bugMask: 0
cursorOffsetY: 0.5
instSizeCafe: 18860
instSizeNx: -1
sortKey: 0
terrainTextures:
- !u 0xffffff46
traverseDist: 100000.0
