aabbMax:
  X: 10.05720043182373
  Y: 21.77739906311035
  Z: 4.429940223693848
aabbMin:
  X: -10.037799835205078
  Y: -1.7713899612426758
  Z: -9.084269523620605
boundingForTraverse: 23.548789978027344
bugMask: 0
cursorOffsetY: 0.5
instSizeCafe: 41244
instSizeNx: 116672
sortKey: 0
