aabbMax:
  X: 36.34320068359375
  Y: 36.04309844970703
  Z: 45.1870002746582
aabbMin:
  X: -37.05229949951172
  Y: -3.999999989900971e-06
  Z: -36.29560089111328
boundingForTraverse: 36.0431022644043
bugMask: 0
instSizeCafe: 28272
instSizeNx: -1
sortKey: 2
terrainTextures:
- !u 0xffff1d11
traverseDist: 609.66455078125
