aabbMax:
  X: 1.07669997215271
  Y: 2.841099977493286
  Z: 0.22904199361801147
aabbMin:
  X: -1.2541199922561646
  Y: -0.010928000323474407
  Z: -0.21855400502681732
boundingForTraverse: 2.8520278930664062
bugMask: 3
cursorOffsetY: 0.3499999940395355
instSizeCafe: 88052
instSizeNx: 215408
lookAtOffsetY: 2.5
rigidBodyCenterY: 2.0144801139831543
sortKey: -2
traverseDist: 150.0
