aabbMax:
  X: 4.6919097900390625
  Y: 11.373000144958496
  Z: 4.030749797821045
aabbMin:
  X: -4.459780216217041
  Y: -0.30467501282691956
  Z: -4.156070232391357
boundingForTraverse: 11.677675247192383
bugMask: 0
cursorOffsetY: 0.5
instSizeCafe: 29112
instSizeNx: 96160
sortKey: 0
traverseDist: 512.2791748046875
