aabbMax:
  X: 0.5504689812660217
  Y: 2.0210399627685547
  Z: 0.133309006690979
aabbMin:
  X: -0.6146619915962219
  Y: 1.100000023841858
  Z: -0.06563100218772888
boundingForTraverse: 0.9210399985313416
bugMask: 3
cursorOffsetY: 0.5
instSizeCafe: -1
instSizeNx: 173464
rigidBodyCenterY: 1.5824899673461914
sortKey: -8
traverseDist: 150.0
