aabbMax:
  X: 12.391599655151367
  Y: 99.95610046386719
  Z: 14.007800102233887
aabbMin:
  X: -12.391599655151367
  Y: -438.70001220703125
  Z: -12.440600395202637
boundingForTraverse: 538.6561279296875
bugMask: 3
cursorOffsetY: 0.5
instSizeCafe: 172024
instSizeNx: -1
rigidBodyCenterY: 63.04249954223633
sortKey: -5
traverseDist: 1500.0
