aabbMax:
  X: 17.410600662231445
  Y: 51.81529998779297
  Z: 15.4798002243042
aabbMin:
  X: -18.26449966430664
  Y: -0.3662030100822449
  Z: -15.968999862670898
boundingForTraverse: 52.18150329589844
bugMask: 0
instSizeCafe: 103252
instSizeNx: 260200
lookAtOffsetY: 1.100000023841858
sortKey: -8
traverseDist: 500.0
