aabbMax:
  X: 91.57050323486328
  Y: 88.99600219726562
  Z: 85.73519897460938
aabbMin:
  X: -124.49500274658203
  Y: 0.0
  Z: -168.89199829101562
boundingForTraverse: 88.99600219726562
bugMask: 0
instSizeCafe: 53920
instSizeNx: -1
sortKey: 2
terrainTextures:
- !u 0xffff4d2a
traverseDist: 833.945068359375
