aabbMax:
  X: 36.28129959106445
  Y: 3.6850900650024414
  Z: 29.927200317382812
aabbMin:
  X: -34.984798431396484
  Y: -287.96099853515625
  Z: -21.47640037536621
boundingForTraverse: 291.6460876464844
bugMask: 0
cursorOffsetY: 0.5
instSizeCafe: 31480
instSizeNx: -1
sortKey: 1
terrainTextures:
- !u 0xffffff10
traverseDist: 587.8703002929688
