aabbMax:
  X: 1.7692099809646606
  Y: 16.123300552368164
  Z: 1.856510043144226
aabbMin:
  X: -1.8442200422286987
  Y: 3.3531301021575928
  Z: -1.8437199592590332
boundingForTraverse: 12.770170211791992
bugMask: 0
cursorOffsetY: 0.5
instSizeCafe: 17140
instSizeNx: 75656
sortKey: 0
traverseDist: 1000.0
