aabbMax:
  X: 0.6253880262374878
  Y: 5.7398200035095215
  Z: 0.5418969988822937
aabbMin:
  X: -0.6253880262374878
  Y: 0.0
  Z: -0.7088800072669983
boundingForTraverse: 5.7398200035095215
bugMask: 0
cursorOffsetY: 0.5
instSizeCafe: 41244
instSizeNx: 116672
sortKey: 2
terrainTextures:
- !u 0xffffff08
