aabbMax:
  X: 367.0010070800781
  Y: 430.49700927734375
  Z: 192.34300231933594
aabbMin:
  X: -366.7239990234375
  Y: -1.8743599653244019
  Z: -242.40899658203125
boundingForTraverse: 432.3713684082031
bugMask: 0
cursorOffsetY: 0.5
instSizeCafe: 40764
instSizeNx: 124864
sortKey: 0
terrainTextures:
- 487657472
- !u 0xffff4c1f
traverseDist: 8000.0
