aabbMax:
  X: 4.051370143890381
  Y: 13.346500396728516
  Z: 4.051360130310059
aabbMin:
  X: -4.051360130310059
  Y: 0.0
  Z: -4.051360130310059
boundingForTraverse: 13.346500396728516
bugMask: 0
cursorOffsetY: 0.5
instSizeCafe: -1
instSizeNx: 235592
sortKey: 0
terrainTextures:
- !u 0xffffff4d
traverseDist: 500.0
