aabbMax:
  X: 7.430540084838867
  Y: 0.463126003742218
  Z: 5.985219955444336
aabbMin:
  X: -7.895199775695801
  Y: -24.249000549316406
  Z: -6.493239879608154
boundingForTraverse: 24.712125778198242
bugMask: 0
cursorOffsetY: 0.5
instSizeCafe: 37788
instSizeNx: -1
sortKey: 2
terrainTextures:
- 487657472
- !u 0xffff4c1f
traverseDist: 519.7633666992188
