aabbMax:
  X: -13.067999839782715
  Y: 11.9891996383667
  Z: 124.37699890136719
aabbMin:
  X: -56.19919967651367
  Y: -17.274499893188477
  Z: 44.55329895019531
boundingForTraverse: 29.26369857788086
bugMask: 0
instSizeCafe: 60412
instSizeNx: -1
sortKey: 0
terrainTextures:
- !u 0xffffff1c
