aabbMax:
  X: 30.269800186157227
  Y: 8.862600326538086
  Z: 18.11079978942871
aabbMin:
  X: -27.05299949645996
  Y: -29.924400329589844
  Z: 4.919050216674805
boundingForTraverse: 38.78700256347656
bugMask: 0
cursorOffsetY: 0.5
instSizeCafe: -1
instSizeNx: 75656
sortKey: 0
terrainTextures:
- !u 0xffffff54
traverseDist: 800.0
