aabbMax:
  X: 90.12770080566406
  Y: 29.58530044555664
  Z: 335.7229919433594
aabbMin:
  X: -89.51570129394531
  Y: -26.990699768066406
  Z: -332.5849914550781
boundingForTraverse: 56.57600021362305
bugMask: 0
cursorOffsetY: 0.5
instSizeCafe: 269132
instSizeNx: 645160
sortKey: 0
traverseDist: 1000.0
