aabbMax:
  X: 221.02499389648438
  Y: 153.08099365234375
  Z: 113.38200378417969
aabbMin:
  X: -207.6269989013672
  Y: -22.38719940185547
  Z: 2.694730043411255
boundingForTraverse: 175.46820068359375
bugMask: 0
cursorOffsetY: 0.5
instSizeCafe: 31736
instSizeNx: -1
sortKey: -7
terrainTextures:
- !u 0xffff4608
traverseDist: 942.7122802734375
