aabbMax:
  X: 10.052800178527832
  Y: 4.741040229797363
  Z: 10.165200233459473
aabbMin:
  X: -9.763839721679688
  Y: -1.0996500253677368
  Z: -9.302800178527832
boundingForTraverse: 5.8406901359558105
bugMask: 0
instSizeCafe: 38428
instSizeNx: -1
sortKey: -5
