aabbMax:
  X: 20.15559959411621
  Y: 0.29199299216270447
  Z: 8.751620292663574
aabbMin:
  X: -20.18630027770996
  Y: -11.460100173950195
  Z: -23.662700653076172
boundingForTraverse: 40.34189987182617
bugMask: 0
instSizeCafe: 17140
instSizeNx: -1
sortKey: 0
terrainTextures:
- !u 0xffff1d11
