aabbMax:
  X: 20.11319923400879
  Y: 0.09999799728393555
  Z: 6.669620037078857
aabbMin:
  X: -20.00790023803711
  Y: -70.2979965209961
  Z: -24.499300003051758
boundingForTraverse: 70.39799499511719
bugMask: 0
cursorOffsetY: 0.5
instSizeCafe: 21240
instSizeNx: -1
sortKey: 5
traverseDist: 550.8055419921875
