aabbMax:
  X: 0.9006999731063843
  Y: 0.42120999097824097
  Z: 0.9042320251464844
aabbMin:
  X: -0.8503199815750122
  Y: -0.23403799533843994
  Z: -0.8905439972877502
boundingForTraverse: 0.6552479863166809
bugMask: 0
cursorOffsetY: 0.5
instSizeCafe: 17140
instSizeNx: 75656
sortKey: 0
terrainTextures:
- !u 0xffffff4d
