aabbMax:
  X: 1.4200899600982666
  Y: 1.1984699964523315
  Z: 1.0805399417877197
aabbMin:
  X: -0.9950799942016602
  Y: 0.0
  Z: -1.4661999940872192
boundingForTraverse: 1.1984699964523315
bugMask: 3
cursorOffsetY: 0.5
instSizeCafe: 47328
instSizeNx: 128336
rigidBodyCenterY: 0.3026840090751648
sortKey: 4
