aabbMax:
  X: 4.656070232391357
  Y: 11.368800163269043
  Z: 5.795470237731934
aabbMin:
  X: -4.916689872741699
  Y: -5.7118401527404785
  Z: -2.7437000274658203
boundingForTraverse: 17.08064079284668
bugMask: 0
cursorOffsetY: 0.5
instSizeCafe: 27604
instSizeNx: -1
sortKey: 0
terrainTextures:
- !u 0xffffff3c
traverseDist: 512.827880859375
