aabbMax:
  X: 3.956389904022217
  Y: 4.877739906311035
  Z: 0.34017300605773926
aabbMin:
  X: -3.9447100162506104
  Y: -0.02807600051164627
  Z: -0.2827509939670563
boundingForTraverse: 4.905816078186035
bugMask: 0
cursorOffsetY: 0.5
instSizeCafe: 73924
instSizeNx: -1
sortKey: 0
terrainTextures:
- !u 0xffffff08
