aabbMax:
  X: 2.1451001167297363
  Y: 1.7331199645996094
  Z: 10.755599975585938
aabbMin:
  X: -2.069380044937134
  Y: -11.12969970703125
  Z: -2.474020004272461
boundingForTraverse: 12.86281967163086
bugMask: 2
cursorOffsetY: 0.5
instSizeCafe: 18360
instSizeNx: -1
sortKey: -5
traverseDist: 500.0
