aabbMax:
  X: 18.410400390625
  Y: 30.16950035095215
  Z: 19.830799102783203
aabbMin:
  X: -18.440500259399414
  Y: -30.363300323486328
  Z: -10.901200294494629
boundingForTraverse: 60.532798767089844
bugMask: 0
cursorOffsetY: 0.5
instSizeCafe: 19180
instSizeNx: -1
sortKey: 0
traverseDist: 1000.0
