aabbMax:
  X: 84.04299926757812
  Y: 0.40611401200294495
  Z: 57.59199905395508
aabbMin:
  X: -82.58670043945312
  Y: -78.41809844970703
  Z: -21.03219985961914
boundingForTraverse: 78.82421112060547
bugMask: 0
cursorOffsetY: 0.5
instSizeCafe: -1
instSizeNx: 149464
sortKey: 0
terrainTextures:
- !u 0xffff4d2a
traverseDist: 684.2477416992188
