aabbMax:
  X: 14.501199722290039
  Y: 0.10000000149011612
  Z: 6.411479949951172
aabbMin:
  X: -14.501199722290039
  Y: -31.523500442504883
  Z: -35.53219985961914
boundingForTraverse: 31.62350082397461
bugMask: 0
cursorOffsetY: 0.5
instSizeCafe: 19960
instSizeNx: -1
sortKey: 0
traverseDist: 500.0
