aabbMax:
  X: 49.688201904296875
  Y: 2.5556700229644775
  Z: 30.39150047302246
aabbMin:
  X: -52.04389953613281
  Y: -60.29399871826172
  Z: -11.728699684143066
boundingForTraverse: 62.84967041015625
bugMask: 0
cursorOffsetY: 0.5
instSizeCafe: 29912
instSizeNx: -1
sortKey: 0
terrainTextures:
- !u 0xffffff10
traverseDist: 610.10693359375
