aabbMax:
  X: 16.824499130249023
  Y: 2.2814700603485107
  Z: 13.599900245666504
aabbMin:
  X: -18.783000946044922
  Y: -10.752599716186523
  Z: -11.018899917602539
boundingForTraverse: 13.034070014953613
bugMask: 0
cursorOffsetY: 0.5
instSizeCafe: 29912
instSizeNx: -1
sortKey: -1
terrainTextures:
- !u 0xffffff10
traverseDist: 500.0
