aabbMax:
  X: 2.277679920196533
  Y: 1.4396100044250488
  Z: 13.854700088500977
aabbMin:
  X: -2.277679920196533
  Y: -3.2415099143981934
  Z: -2.763619899749756
boundingForTraverse: 4.681119918823242
bugMask: 0
cursorOffsetY: 0.5
instSizeCafe: 38040
instSizeNx: -1
sortKey: -4
traverseDist: 500.0
