aabbMax:
  X: 204.5749969482422
  Y: 116.46199798583984
  Z: 90.26709747314453
aabbMin:
  X: -163.61700439453125
  Y: -113.66300201416016
  Z: -120.58799743652344
boundingForTraverse: 230.125
bugMask: 0
instSizeCafe: 38044
instSizeNx: 116672
sortKey: 0
terrainTextures:
- 487657472
- !u 0xffff4c1f
traverseDist: 924.2938232421875
