aabbMax:
  X: 95.54759979248047
  Y: 76.81060028076172
  Z: 47.944400787353516
aabbMin:
  X: -106.75499725341797
  Y: -7.685460090637207
  Z: -51.16559982299805
boundingForTraverse: 84.49606323242188
bugMask: 0
cursorOffsetY: 0.5
instSizeCafe: 19188
instSizeNx: -1
sortKey: 0
traverseDist: 1000.0
