aabbMax:
  X: 64.0
  Y: 1.100000023841858
  Z: 23.0
aabbMin:
  X: -64.0
  Y: -10.047699928283691
  Z: -65.5
boundingForTraverse: 11.147700309753418
bugMask: 0
instSizeCafe: 107284
instSizeNx: -1
sortKey: 0
terrainTextures:
- !u 0xffffff40
traverseDist: 655.61572265625
