aabbMax:
  X: 58.44169998168945
  Y: 76.76750183105469
  Z: 57.88719940185547
aabbMin:
  X: -57.2244987487793
  Y: -67.52559661865234
  Z: -59.908199310302734
boundingForTraverse: 144.2930908203125
bugMask: 0
cursorOffsetY: 0.5
instSizeCafe: -1
instSizeNx: 100256
sortKey: 0
terrainTextures:
- !u 0xffffff15
traverseDist: 665.089111328125
