aabbMax:
  X: 36.967498779296875
  Y: 37.08089828491211
  Z: 32.393699645996094
aabbMin:
  X: -35.50090026855469
  Y: -0.22377799451351166
  Z: -34.302101135253906
boundingForTraverse: 37.3046760559082
bugMask: 0
cursorOffsetY: 0.5
instSizeCafe: 30648
instSizeNx: -1
sortKey: 0
terrainTextures:
- !u 0xffffff4e
traverseDist: 2000.0
