aabbMax:
  X: 78.71820068359375
  Y: 159.25999450683594
  Z: 62.99549865722656
aabbMin:
  X: -73.19020080566406
  Y: -14.401800155639648
  Z: -94.58390045166016
boundingForTraverse: 173.6617889404297
bugMask: 0
instSizeCafe: 28760
instSizeNx: -1
sortKey: 0
terrainTextures:
- 522064384
- !u 0xffffff4c
traverseDist: 3000.0
