aabbMax:
  X: 35.69559860229492
  Y: 38.569801330566406
  Z: 28.021299362182617
aabbMin:
  X: -35.087501525878906
  Y: -38.40129852294922
  Z: -28.131200790405273
boundingForTraverse: 76.97109985351562
bugMask: 0
cursorOffsetY: 0.5
instSizeCafe: -1
instSizeNx: 100256
sortKey: 17
traverseDist: 590.3512573242188
