aabbMax:
  X: 4.855299949645996
  Y: 95.01210021972656
  Z: 2.84525990486145
aabbMin:
  X: -4.855299949645996
  Y: 84.722900390625
  Z: -5.564680099487305
boundingForTraverse: 10.289199829101562
bugMask: 3
instSizeCafe: 52152
instSizeNx: -1
rigidBodyCenterY: 4.015349864959717
sortKey: -7
traverseDist: 500.0
