aabbMax:
  X: 21.21269989013672
  Y: 100.12899780273438
  Z: 43.62480163574219
aabbMin:
  X: -21.69860076904297
  Y: -0.3145290017127991
  Z: -5.201210021972656
boundingForTraverse: 100.44352722167969
bugMask: 0
instSizeCafe: 82512
instSizeNx: -1
rigidBodyCenterY: 45.30509948730469
sortKey: 0
terrainTextures:
- !u 0xffffff46
traverseDist: 4000.0
