aabbMax:
  X: 2.4245200157165527
  Y: 0.4685409963130951
  Z: 15.964699745178223
aabbMin:
  X: -2.430269956588745
  Y: -5.913569927215576
  Z: -15.579099655151367
boundingForTraverse: 6.382111072540283
bugMask: 0
cursorOffsetY: 0.5
instSizeCafe: -1
instSizeNx: 96160
sortKey: 0
