aabbMax:
  X: 35.57699966430664
  Y: 21.770599365234375
  Z: 22.05270004272461
aabbMin:
  X: -15.165200233459473
  Y: -19.802499771118164
  Z: -29.234399795532227
boundingForTraverse: 41.573097229003906
bugMask: 0
cursorOffsetY: 0.5
instSizeCafe: 17644
instSizeNx: -1
sortKey: 6
terrainTextures:
- !u 0xff331d11
traverseDist: 500.0
