aabbMax:
  X: 6.7488298416137695
  Y: 2.593369960784912
  Z: 7.887710094451904
aabbMin:
  X: -6.223690032958984
  Y: -3.1358299255371094
  Z: -7.648690223693848
boundingForTraverse: 5.7291998863220215
bugMask: 0
instSizeCafe: 20612
instSizeNx: 76448
rigidBodyCenterY: -0.8564749956130981
sortKey: 101301
