aabbMax:
  X: 124.64099884033203
  Y: 6.79925012588501
  Z: 85.2665023803711
aabbMin:
  X: -231.41099548339844
  Y: -332.1719970703125
  Z: -58.94200134277344
boundingForTraverse: 338.97125244140625
bugMask: 0
cursorOffsetY: 0.5
instSizeCafe: 29908
instSizeNx: -1
sortKey: 0
terrainTextures:
- !u 0xff4c1f00
traverseDist: 4000.0
