aabbMax:
  X: -45.0
  Y: 54.5099983215332
  Z: 97.69979858398438
aabbMin:
  X: -132.1529998779297
  Y: 0.010002000257372856
  Z: 25.0
boundingForTraverse: 54.499996185302734
bugMask: 0
cursorOffsetY: 0.5
instSizeCafe: 29912
instSizeNx: -1
sortKey: -4
traverseDist: 613.4940795898438
