aabbMax:
  X: 101.35299682617188
  Y: -0.2479970008134842
  Z: 55.07270050048828
aabbMin:
  X: -107.73500061035156
  Y: -140.89999389648438
  Z: -23.376100540161133
boundingForTraverse: 140.65199279785156
bugMask: 0
cursorOffsetY: 0.5
instSizeCafe: 53952
instSizeNx: -1
sortKey: 0
terrainTextures:
- !u 0xff4d3a2a
traverseDist: 723.3204345703125
