aabbMax:
  X: 46.92490005493164
  Y: 71.09480285644531
  Z: 32.82500076293945
aabbMin:
  X: -47.152801513671875
  Y: -0.4977720081806183
  Z: -42.861900329589844
boundingForTraverse: 71.59257507324219
bugMask: 0
cursorOffsetY: 0.5
instSizeCafe: 56312
instSizeNx: -1
sortKey: 0
terrainTextures:
- !u 0xffffff46
traverseDist: 620.7440185546875
