aabbMax:
  X: 0.6304519772529602
  Y: 1.1911100149154663
  Z: 8.233929634094238
aabbMin:
  X: -16.5
  Y: -3.683150053024292
  Z: -11.926400184631348
boundingForTraverse: 4.874259948730469
bugMask: 0
cursorOffsetY: 0.5
instSizeCafe: 53120
instSizeNx: -1
sortKey: 0
traverseDist: 500.0
