aabbMax:
  X: 133.89199829101562
  Y: 22.6830997467041
  Z: 28.329500198364258
aabbMin:
  X: -50.43519973754883
  Y: -109.02200317382812
  Z: -72.93800354003906
boundingForTraverse: 131.70510864257812
bugMask: 0
cursorOffsetY: 0.5
instSizeCafe: -1
instSizeNx: 96160
sortKey: 0
terrainTextures:
- !u 0xff4c1f00
traverseDist: 710.3131713867188
