aabbMax:
  X: 14.413299560546875
  Y: 29.927000045776367
  Z: 12.452300071716309
aabbMin:
  X: -15.871000289916992
  Y: 0.0
  Z: -7.955530166625977
boundingForTraverse: 29.927000045776367
bugMask: 0
instSizeCafe: 27608
instSizeNx: 96160
sortKey: 6
terrainTextures:
- !u 0xffff1d11
traverseDist: 800.0
