aabbMax:
  X: 29.585100173950195
  Y: 6.723020076751709
  Z: -2.210900068283081
aabbMin:
  X: -29.3799991607666
  Y: -3.275969982147217
  Z: -32.861698150634766
boundingForTraverse: 9.998990058898926
bugMask: 0
cursorOffsetY: 0.5
instSizeCafe: 17392
instSizeNx: -1
sortKey: 0
terrainTextures:
- 1279139584
traverseDist: 566.4556884765625
