aabbMax:
  X: 9.155790328979492
  Y: 11.24940013885498
  Z: 1.1054500341415405
aabbMin:
  X: -8.06404972076416
  Y: -0.06761900335550308
  Z: -1.1823999881744385
boundingForTraverse: 11.31701946258545
bugMask: 0
cursorOffsetY: 0.5
instSizeCafe: -1
instSizeNx: 260200
sortKey: -1
traverseDist: 517.3711547851562
