aabbMax:
  X: 51.55580139160156
  Y: 1.0553499460220337
  Z: 22.056499481201172
aabbMin:
  X: -34.954200744628906
  Y: -51.280399322509766
  Z: -43.25230026245117
boundingForTraverse: 52.335750579833984
bugMask: 0
cursorOffsetY: 0.5
instSizeCafe: 30320
instSizeNx: -1
sortKey: 0
terrainTextures:
- !u 0xff4c1f00
traverseDist: 1000.0
