aabbMax:
  X: 14.126099586486816
  Y: 2.6135001182556152
  Z: 7.281670093536377
aabbMin:
  X: -14.678400039672852
  Y: -9.010310173034668
  Z: -7.788959980010986
boundingForTraverse: 11.623809814453125
bugMask: 0
cursorOffsetY: 0.5
instSizeCafe: 58724
instSizeNx: -1
sortKey: -4
traverseDist: 400.0
