aabbMax:
  X: 14.378199577331543
  Y: 15.885100364685059
  Z: 17.024099349975586
aabbMin:
  X: -15.031999588012695
  Y: -2.120529890060425
  Z: -15.386099815368652
boundingForTraverse: 18.005630493164062
bugMask: 0
instSizeCafe: 28756
instSizeNx: -1
sortKey: -2
terrainTextures:
- !u 0xffffff06
traverseDist: 543.7650756835938
