aabbMax:
  X: 190.2010040283203
  Y: 89.01699829101562
  Z: 100.46399688720703
aabbMin:
  X: -197.7469940185547
  Y: -100.99500274658203
  Z: -89.53800201416016
boundingForTraverse: 190.01199340820312
bugMask: 0
cursorOffsetY: 0.5
instSizeCafe: -1
instSizeNx: 75656
sortKey: 0
traverseDist: 1000.0
