aabbMax:
  X: 13.513999938964844
  Y: 3.468319892883301
  Z: 11.591099739074707
aabbMin:
  X: -14.088199615478516
  Y: -2.083739995956421
  Z: -11.43529987335205
boundingForTraverse: 5.552060127258301
bugMask: 0
cursorOffsetY: 0.5
instSizeCafe: 18548
instSizeNx: -1
sortKey: 2
terrainTextures:
- !u 0xffffff38
traverseDist: 300.0
