aabbMax:
  X: 4.94497013092041
  Y: 13.258999824523926
  Z: 3.3266398906707764
aabbMin:
  X: -4.94497013092041
  Y: -0.005762000102549791
  Z: -3.7883899211883545
boundingForTraverse: 13.264761924743652
bugMask: 0
cursorOffsetY: 0.5
instSizeCafe: 27608
instSizeNx: 96160
sortKey: 0
