aabbMax:
  X: 35.59880065917969
  Y: 27.23900032043457
  Z: 21.02899932861328
aabbMin:
  X: -38.73460006713867
  Y: -18.221399307250977
  Z: -25.107099533081055
boundingForTraverse: 45.46039962768555
bugMask: 0
cursorOffsetY: 0.5
instSizeCafe: 18796
instSizeNx: -1
sortKey: 2
traverseDist: 587.4871215820312
