aabbMax:
  X: 5.3524699211120605
  Y: 5.239910125732422
  Z: 7.106599807739258
aabbMin:
  X: -5.72629976272583
  Y: -0.4316369891166687
  Z: -5.31850004196167
boundingForTraverse: 5.671546936035156
bugMask: 0
instSizeCafe: 48636
instSizeNx: -1
sortKey: 0
terrainTextures:
- !u 0xffffff08
