aabbMax:
  X: 3.054810047149658
  Y: 2.9334099292755127
  Z: 2.192650079727173
aabbMin:
  X: 2.305540084838867
  Y: 1.3970600366592407
  Z: 0.9210860133171082
boundingForTraverse: 1.5363500118255615
bugMask: 1
cursorOffsetY: 0.5
instSizeCafe: -1
instSizeNx: 122968
sortKey: -3
traverseDist: 500.0
