aabbMax:
  X: 25.0
  Y: 54.5099983215332
  Z: 75.0
aabbMin:
  X: -25.0
  Y: 4.510000228881836
  Z: -10.0
boundingForTraverse: 50.0
bugMask: 0
cursorOffsetY: 0.5
instSizeCafe: 40348
instSizeNx: 116672
sortKey: 0
traverseDist: 598.6154174804688
