aabbMax:
  X: 10.148500442504883
  Y: 5.45028018951416
  Z: 9.843560218811035
aabbMin:
  X: -10.617500305175781
  Y: -5.8437700271606445
  Z: -9.565899848937988
boundingForTraverse: 11.294050216674805
bugMask: 0
cursorOffsetY: 0.5
instSizeCafe: 17136
instSizeNx: -1
sortKey: 0
terrainTextures:
- !u 0xff4d1d11
traverseDist: 1000.0
