aabbMax:
  X: 44.613399505615234
  Y: 71.47740173339844
  Z: 19.631900787353516
aabbMin:
  X: -77.8478012084961
  Y: -13.686100006103516
  Z: -57.193599700927734
boundingForTraverse: 85.16349792480469
bugMask: 0
instSizeCafe: 48256
instSizeNx: 145368
sortKey: -12
terrainTextures:
- !u 0xff373108
traverseDist: 644.5645141601562
