aabbMax:
  X: 59.96549987792969
  Y: 61.74409866333008
  Z: 89.71990203857422
aabbMin:
  X: -57.36690139770508
  Y: -1.1862800121307373
  Z: -45.9473991394043
boundingForTraverse: 62.93037796020508
bugMask: 0
instSizeCafe: 65316
instSizeNx: 169976
sortKey: 2
terrainTextures:
- !u 0xffff4d2a
traverseDist: 679.366943359375
