aabbMax:
  X: 24.19099998474121
  Y: 34.023399353027344
  Z: 1.7734899520874023
aabbMin:
  X: -56.715999603271484
  Y: -15.776399612426758
  Z: -30.720600128173828
boundingForTraverse: 49.79979705810547
bugMask: 0
instSizeCafe: 38044
instSizeNx: -1
sortKey: -2
terrainTextures:
- !u 0xffff3731
traverseDist: 587.1883544921875
