aabbMax:
  X: 154.62399291992188
  Y: 3.6798999309539795
  Z: 64.85870361328125
aabbMin:
  X: -178.64700317382812
  Y: -240.51400756835938
  Z: -33.012001037597656
boundingForTraverse: 244.19390869140625
bugMask: 0
cursorOffsetY: 0.5
instSizeCafe: 17644
instSizeNx: -1
sortKey: 0
terrainTextures:
- !u 0xffffff37
