aabbMax:
  X: 0.6129999756813049
  Y: 1.8264600038528442
  Z: 1.0592299699783325
aabbMin:
  X: -0.6129999756813049
  Y: -0.3096260130405426
  Z: -1.0271899700164795
boundingForTraverse: 2.1360859870910645
bugMask: 3
instSizeCafe: 53136
instSizeNx: -1
rigidBodyCenterY: 0.8105310201644897
sortKey: -41
traverseDist: 400.0
