aabbMax:
  X: 2.8570001125335693
  Y: 0.020344000309705734
  Z: 2.7807600498199463
aabbMin:
  X: -2.849829912185669
  Y: -0.7578949928283691
  Z: -2.7910799980163574
boundingForTraverse: 0.7782390117645264
bugMask: 0
cursorOffsetY: 0.5
instSizeCafe: 27608
instSizeNx: 96160
sortKey: 0
