aabbMax:
  X: 20.695899963378906
  Y: 33.71229934692383
  Z: -1.2051700353622437
aabbMin:
  X: -21.478599548339844
  Y: -3.885349988937378
  Z: -55.39350128173828
boundingForTraverse: 37.59764862060547
bugMask: 0
cursorOffsetY: 0.5
instSizeCafe: 18548
instSizeNx: -1
sortKey: 0
terrainTextures:
- !u 0xffffff4d
traverseDist: 568.6663208007812
