aabbMax:
  X: 7.833849906921387
  Y: 2.0301599502563477
  Z: 4.754799842834473
aabbMin:
  X: -7.016930103302002
  Y: -1.3882499933242798
  Z: -4.993639945983887
boundingForTraverse: 3.418410062789917
bugMask: 0
cursorOffsetY: 0.5
instSizeCafe: 28756
instSizeNx: -1
sortKey: 0
terrainTextures:
- !u 0xffffff54
traverseDist: 500.0
