aabbMax:
  X: 5.627349853515625
  Y: 3.0
  Z: 7.5
aabbMin:
  X: -5.626160144805908
  Y: -3.0
  Z: -6.25
boundingForTraverse: 6.0
bugMask: 0
cursorOffsetY: 0.5
instSizeCafe: -1
instSizeNx: 96160
sortKey: -1
terrainTextures:
- !u 0xffffff0b
traverseDist: 500.0
