aabbMax:
  X: 5.736760139465332
  Y: 33.6234016418457
  Z: -8.19336986541748
aabbMin:
  X: -5.736760139465332
  Y: -54.07979965209961
  Z: -42.27429962158203
boundingForTraverse: 87.70320129394531
bugMask: 0
cursorOffsetY: 0.5
instSizeCafe: 20360
instSizeNx: -1
sortKey: 5
traverseDist: 535.9603881835938
