aabbMax:
  X: 0.48732998967170715
  Y: 0.0
  Z: 0.48732998967170715
aabbMin:
  X: -0.48732998967170715
  Y: -1.2866100072860718
  Z: -0.48732998967170715
boundingForTraverse: 1.2866100072860718
bugMask: 3
cursorOffsetY: 0.5
instSizeCafe: -1
instSizeNx: 104568
rigidBodyCenterY: -0.75
sortKey: -21
