aabbMax:
  X: 7.697080135345459
  Y: 3.9404900074005127
  Z: 2.6370298862457275
aabbMin:
  X: -6.562359809875488
  Y: -0.39816799759864807
  Z: -7.302840232849121
boundingForTraverse: 4.338657855987549
bugMask: 0
cursorOffsetY: 0.5
instSizeCafe: 17388
instSizeNx: -1
sortKey: 0
traverseDist: 1000.0
