aabbMax:
  X: 2.7692201137542725
  Y: 0.3877849876880646
  Z: 3.570919990539551
aabbMin:
  X: -2.739459991455078
  Y: -0.25097501277923584
  Z: -0.1657090038061142
boundingForTraverse: 0.638759970664978
bugMask: 0
instSizeCafe: 23104
instSizeNx: -1
rigidBodyCenterY: 0.11999999731779099
sortKey: 10
traverseDist: 300.0
