aabbMax:
  X: 221.5919952392578
  Y: 153.10699462890625
  Z: 114.21199798583984
aabbMin:
  X: -207.27099609375
  Y: -22.56410026550293
  Z: 2.9241700172424316
boundingForTraverse: 175.6710968017578
bugMask: 0
cursorOffsetY: 0.5
instSizeCafe: 31280
instSizeNx: -1
sortKey: 0
terrainTextures:
- !u 0xffff4608
traverseDist: 8000.0
