aabbMax:
  X: 21.564699172973633
  Y: 5.996600151062012
  Z: 13.38290023803711
aabbMin:
  X: -14.087499618530273
  Y: -4.5766401290893555
  Z: -7.915669918060303
boundingForTraverse: 10.573240280151367
bugMask: 0
cursorOffsetY: 0.5
instSizeCafe: 17392
instSizeNx: -1
sortKey: 0
terrainTextures:
- !u 0xffffff4a
