aabbMax:
  X: 23.040599822998047
  Y: 67.16429901123047
  Z: 30.25079917907715
aabbMin:
  X: -29.149099349975586
  Y: 0.903668999671936
  Z: -71.57720184326172
boundingForTraverse: 66.26062774658203
bugMask: 0
cursorOffsetY: 0.5
instSizeCafe: 213580
instSizeNx: -1
sortKey: 0
terrainTextures:
- !u 0xffff3708
traverseDist: 1000.0
