aabbMax:
  X: 7.679200172424316
  Y: 0.06969399750232697
  Z: 7.3957200050354
aabbMin:
  X: -7.579080104827881
  Y: -70.2979965209961
  Z: -14.387100219726562
boundingForTraverse: 70.36769104003906
bugMask: 0
cursorOffsetY: 0.5
instSizeCafe: 19960
instSizeNx: 76088
sortKey: 3
traverseDist: 526.59521484375
