aabbMax:
  X: 10.878399848937988
  Y: 1.6773600578308105
  Z: 15.777799606323242
aabbMin:
  X: -12.433799743652344
  Y: -40.93069839477539
  Z: -17.856199264526367
boundingForTraverse: 42.60805892944336
bugMask: 0
cursorOffsetY: 0.5
instSizeCafe: 69192
instSizeNx: 186384
sortKey: 0
terrainTextures:
- !u 0xff373108
traverseDist: 2000.0
