aabbMax:
  X: 9.332130432128906
  Y: 1.1337100267410278
  Z: 12.099100112915039
aabbMin:
  X: -10.178299903869629
  Y: -30.434799194335938
  Z: -0.6612750291824341
boundingForTraverse: 31.568510055541992
bugMask: 0
cursorOffsetY: 0.5
instSizeCafe: -1
instSizeNx: 96160
sortKey: 0
terrainTextures:
- !u 0xffffff44
