aabbMax:
  X: 106.33000183105469
  Y: 5.2187299728393555
  Z: 12.2677001953125
aabbMin:
  X: -16.01420021057129
  Y: -11.03689956665039
  Z: -80.9520034790039
boundingForTraverse: 16.255630493164062
bugMask: 0
cursorOffsetY: 0.5
instSizeCafe: 18356
instSizeNx: -1
sortKey: 4
traverseDist: 500.0
