aabbMax:
  X: 57.27899932861328
  Y: 0.6318129897117615
  Z: 79.87930297851562
aabbMin:
  X: -99.09929656982422
  Y: -72.91850280761719
  Z: -21.149499893188477
boundingForTraverse: 73.5503158569336
bugMask: 0
instSizeCafe: 17388
instSizeNx: -1
sortKey: 0
traverseDist: 3000.0
