aabbMax:
  X: 106.85399627685547
  Y: 79.19519805908203
  Z: 53.40599822998047
aabbMin:
  X: -106.35299682617188
  Y: -0.3261660039424896
  Z: -79.51940155029297
boundingForTraverse: 79.5213623046875
bugMask: 0
instSizeCafe: 53948
instSizeNx: -1
sortKey: 2
terrainTextures:
- !u 0xffff4d2a
traverseDist: 751.2496337890625
