aabbMax:
  X: 4.73652982711792
  Y: 3.8165900707244873
  Z: 4.9439802169799805
aabbMin:
  X: -4.494719982147217
  Y: -0.33941200375556946
  Z: -4.861040115356445
boundingForTraverse: 4.156002044677734
bugMask: 0
cursorOffsetY: 0.5
instSizeCafe: 49660
instSizeNx: -1
sortKey: 0
terrainTextures:
- !u 0xffffff08
traverseDist: 200.0
