aabbMax:
  X: 190.16000366210938
  Y: 88.22709655761719
  Z: 100.02200317382812
aabbMin:
  X: -198.05599975585938
  Y: -100.98400115966797
  Z: -89.42520141601562
boundingForTraverse: 189.21109008789062
bugMask: 0
cursorOffsetY: 0.5
instSizeCafe: -1
instSizeNx: 96160
sortKey: 13
traverseDist: 931.9744262695312
