aabbMax:
  X: 0.4148620069026947
  Y: 0.04427200183272362
  Z: 0.5209569931030273
aabbMin:
  X: -0.5128260254859924
  Y: -5.003159999847412
  Z: -0.4162620007991791
boundingForTraverse: 5.047431945800781
bugMask: 0
cursorOffsetY: 0.5
instSizeCafe: -1
instSizeNx: 165880
sortKey: 8
