aabbMax:
  X: 50.13800048828125
  Y: 70.98539733886719
  Z: 52.91559982299805
aabbMin:
  X: -49.52080154418945
  Y: -3.5874199867248535
  Z: -42.37990188598633
boundingForTraverse: 74.57281494140625
bugMask: 0
cursorOffsetY: 0.5
instSizeCafe: 18548
instSizeNx: 75656
sortKey: -7
terrainTextures:
- !u 0xffffff3e
traverseDist: 637.8880615234375
