aabbMax:
  X: 19.518800735473633
  Y: 22.184099197387695
  Z: 20.29520034790039
aabbMin:
  X: -19.953699111938477
  Y: -12.44320011138916
  Z: -9.616350173950195
boundingForTraverse: 34.62730026245117
bugMask: 0
cursorOffsetY: 0.5
instSizeCafe: 19792
instSizeNx: -1
sortKey: 0
terrainTextures:
- !u 0xffffff57
traverseDist: 549.5255126953125
