aabbMax:
  X: 3.3994998931884766
  Y: 0.6107469797134399
  Z: 0.4904269874095917
aabbMin:
  X: -3.5899600982666016
  Y: -1.8172600269317627
  Z: -0.3177269995212555
boundingForTraverse: 2.428006887435913
bugMask: 0
cursorOffsetY: 0.5
instSizeCafe: 28056
instSizeNx: 96160
sortKey: -32
traverseDist: 150.0
