aabbMax:
  X: 0.4033690094947815
  Y: 1.4878100156784058
  Z: 0.40121498703956604
aabbMin:
  X: -0.3884350061416626
  Y: -8.800000068731606e-05
  Z: -0.5148259997367859
boundingForTraverse: 1.4878979921340942
bugMask: 2
instSizeCafe: -1
instSizeNx: 130088
lookAtOffsetY: 0.8999999761581421
rigidBodyCenterY: 0.5
sortKey: -19
