aabbMax:
  X: 2.670300006866455
  Y: 1.2138099670410156
  Z: 5.00439977645874
aabbMin:
  X: -4.3049798011779785
  Y: -13.955900192260742
  Z: -2.2294700145721436
boundingForTraverse: 15.169710159301758
bugMask: 0
cursorOffsetY: 0.5
instSizeCafe: 18288
instSizeNx: -1
sortKey: 0
