aabbMax:
  X: 13.599200248718262
  Y: 11.829999923706055
  Z: 6.870820045471191
aabbMin:
  X: -13.559900283813477
  Y: -3.072230100631714
  Z: -10.947199821472168
boundingForTraverse: 14.902230262756348
bugMask: 0
cursorOffsetY: 0.5
instSizeCafe: 17392
instSizeNx: -1
sortKey: 12
terrainTextures:
- !u 0xffffff33
traverseDist: 400.0
