aabbMax:
  X: 60.0
  Y: 50.0
  Z: -5.0
aabbMin:
  X: 5.0
  Y: 37.58660125732422
  Z: -55.0
boundingForTraverse: 12.413398742675781
bugMask: 0
cursorOffsetY: 0.5
instSizeCafe: -1
instSizeNx: 96160
sortKey: 0
terrainTextures:
- !u 0xffffff47
traverseDist: 1000.0
