aabbMax:
  X: 1.656690001487732
  Y: 9.021430015563965
  Z: 1.3244199752807617
aabbMin:
  X: -1.673840045928955
  Y: -0.378574013710022
  Z: -0.16872000694274902
boundingForTraverse: 9.400004386901855
bugMask: 1
instSizeCafe: 38128
instSizeNx: -1
rigidBodyCenterY: 4.25
sortKey: 14
