aabbMax:
  X: 2.158679962158203
  Y: 6.376279830932617
  Z: 17.814599990844727
aabbMin:
  X: -15.49269962310791
  Y: -1.536020040512085
  Z: -15.979100227355957
boundingForTraverse: 7.912300109863281
bugMask: 0
cursorOffsetY: 0.5
instSizeCafe: 18796
instSizeNx: -1
sortKey: 0
traverseDist: 538.1259155273438
