aabbMax:
  X: 40.00559997558594
  Y: 39.29859924316406
  Z: 20.875600814819336
aabbMin:
  X: -40.4567985534668
  Y: -1.22107994556427
  Z: -24.172000885009766
boundingForTraverse: 40.51968002319336
bugMask: 0
instSizeCafe: -1
instSizeNx: 96160
sortKey: 0
terrainTextures:
- !u 0xffffff15
traverseDist: 3000.0
