aabbMax:
  X: 32.412601470947266
  Y: 127.14900207519531
  Z: 35.02410125732422
aabbMin:
  X: -37.518798828125
  Y: 3.203049898147583
  Z: -40.45389938354492
boundingForTraverse: 123.94595336914062
bugMask: 0
cursorOffsetY: 0.5
instSizeCafe: 56888
instSizeNx: -1
sortKey: 0
terrainTextures:
- !u 0xffff4342
traverseDist: 602.894775390625
