aabbMax:
  X: 10.427399635314941
  Y: 12.11359977722168
  Z: 8.92216968536377
aabbMin:
  X: -11.442000389099121
  Y: 2.197319984436035
  Z: -9.094059944152832
boundingForTraverse: 9.916279792785645
bugMask: 0
cursorOffsetY: 0.5
instSizeCafe: 18424
instSizeNx: -1
sortKey: 6
traverseDist: 500.0
