aabbMax:
  X: 160.84800720214844
  Y: 149.072998046875
  Z: 84.95449829101562
aabbMin:
  X: -160.0
  Y: -1.2715500593185425
  Z: -103.2030029296875
boundingForTraverse: 150.34454345703125
bugMask: 0
cursorOffsetY: 0.5
instSizeCafe: -1
instSizeNx: 96160
sortKey: 0
traverseDist: 5000.0
