aabbMax:
  X: 29.370399475097656
  Y: 2.0678999423980713
  Z: 7.090219974517822
aabbMin:
  X: -25.66950035095215
  Y: -60.13130187988281
  Z: -11.291299819946289
boundingForTraverse: 62.19920349121094
bugMask: 0
instSizeCafe: 17136
instSizeNx: -1
sortKey: 0
terrainTextures:
- !u 0xffffff3c
traverseDist: 1000.0
