aabbMax:
  X: 35.382301330566406
  Y: 35.798099517822266
  Z: 21.644399642944336
aabbMin:
  X: -89.03410339355469
  Y: -32.812599182128906
  Z: -48.77069854736328
boundingForTraverse: 68.61070251464844
bugMask: 0
cursorOffsetY: 0.5
instSizeCafe: 52480
instSizeNx: -1
sortKey: 0
terrainTextures:
- !u 0xffff4342
traverseDist: 3000.0
