aabbMax:
  X: 29.065799713134766
  Y: 7.870580196380615
  Z: 31.11039924621582
aabbMin:
  X: -28.94610023498535
  Y: -90.58599853515625
  Z: -31.185800552368164
boundingForTraverse: 98.45658111572266
bugMask: 0
cursorOffsetY: 0.5
instSizeCafe: -1
instSizeNx: 76056
sortKey: 0
traverseDist: 8000.0
