aabbMax:
  X: 5.309800148010254
  Y: 2.431610107421875
  Z: 6.353360176086426
aabbMin:
  X: -5.739890098571777
  Y: -4.192279815673828
  Z: -6.9125800132751465
boundingForTraverse: 6.623889923095703
bugMask: 0
cursorOffsetY: 0.5
instSizeCafe: -1
instSizeNx: 96160
sortKey: 0
terrainTextures:
- !u 0xffffff4a
