aabbMax:
  X: 2.0597400665283203
  Y: 0.3217419981956482
  Z: 13.876099586486816
aabbMin:
  X: -2.0597400665283203
  Y: -0.29237499833106995
  Z: -0.2718670070171356
boundingForTraverse: 0.6141170263290405
bugMask: 0
cursorOffsetY: 0.5
instSizeCafe: 25396
instSizeNx: -1
sortKey: 1
traverseDist: 100.0
