aabbMax:
  X: 72.8501968383789
  Y: 174.0489959716797
  Z: 111.64099884033203
aabbMin:
  X: -63.83470153808594
  Y: -7.348599910736084
  Z: -167.39100646972656
boundingForTraverse: 181.39759826660156
bugMask: 0
cursorOffsetY: 0.5
instSizeCafe: 64056
instSizeNx: -1
sortKey: 0
terrainTextures:
- !u 0xffff330b
traverseDist: 10000.0
