aabbMax:
  X: 52.036800384521484
  Y: 46.9473991394043
  Z: 33.54140090942383
aabbMin:
  X: -53.00979995727539
  Y: -43.02040100097656
  Z: -24.638099670410156
boundingForTraverse: 89.96780395507812
bugMask: 0
cursorOffsetY: 0.5
instSizeCafe: 19444
instSizeNx: 75656
sortKey: 10
traverseDist: 620.081787109375
