aabbMax:
  X: 39.3119010925293
  Y: 6.024529933929443
  Z: 11.557499885559082
aabbMin:
  X: -39.03099822998047
  Y: -34.85369873046875
  Z: -11.620599746704102
boundingForTraverse: 40.87822723388672
bugMask: 0
cursorOffsetY: 0.5
instSizeCafe: -1
instSizeNx: 120768
sortKey: 0
terrainTextures:
- !u 0xffff4608
traverseDist: 2000.0
