aabbMax:
  X: 61.47700119018555
  Y: 3.5999999046325684
  Z: 13.157999992370605
aabbMin:
  X: 2.1440200805664062
  Y: -1.2000000476837158
  Z: -23.940500259399414
boundingForTraverse: 4.800000190734863
bugMask: 0
cursorOffsetY: 0.5
instSizeCafe: 17136
instSizeNx: -1
sortKey: 0
terrainTextures:
- !u 0xffffff47
traverseDist: 500.0
