aabbMax:
  X: 130.8459930419922
  Y: 34.986698150634766
  Z: 49.94960021972656
aabbMin:
  X: -17.275400161743164
  Y: -5.292099952697754
  Z: -26.621999740600586
boundingForTraverse: 40.2787971496582
bugMask: 0
cursorOffsetY: 0.5
instSizeCafe: -1
instSizeNx: 75656
sortKey: 0
