aabbMax:
  X: 3.567770004272461
  Y: 1.7475899457931519
  Z: 2.638700008392334
aabbMin:
  X: -3.5701301097869873
  Y: -0.6183850169181824
  Z: -2.5602200031280518
boundingForTraverse: 2.3659749031066895
bugMask: 0
cursorOffsetY: 0.5
instSizeCafe: 27608
instSizeNx: 96160
sortKey: 0
terrainTextures:
- !u 0xffffff42
