aabbMax:
  X: 7.411449909210205
  Y: 0.1959269940853119
  Z: 6.695000171661377
aabbMin:
  X: -7.411449909210205
  Y: -0.5462899804115295
  Z: -6.695000171661377
boundingForTraverse: 0.7422170042991638
bugMask: 0
cursorOffsetY: 0.5
instSizeCafe: -1
instSizeNx: 75656
sortKey: 0
terrainTextures:
- !u 0xffff482a
traverseDist: 200.0
