aabbMax:
  X: 130.2100067138672
  Y: 6.716929912567139
  Z: 62.819000244140625
aabbMin:
  X: -233.0749969482422
  Y: -332.4049987792969
  Z: -87.16799926757812
boundingForTraverse: 339.1219177246094
bugMask: 0
cursorOffsetY: 0.5
instSizeCafe: 30576
instSizeNx: -1
sortKey: 0
terrainTextures:
- !u 0xff4c1f00
traverseDist: 4000.0
