aabbMax:
  X: 44.817298889160156
  Y: 5.749660015106201
  Z: 28.15060043334961
aabbMin:
  X: -44.03099822998047
  Y: -108.22799682617188
  Z: -12.696599960327148
boundingForTraverse: 113.97765350341797
bugMask: 0
cursorOffsetY: 0.5
instSizeCafe: -1
instSizeNx: 120768
sortKey: 0
terrainTextures:
- 487657472
- !u 0xffff4c1f
traverseDist: 3000.0
