aabbMax:
  X: 117.54499816894531
  Y: 0.6045600175857544
  Z: 56.239200592041016
aabbMin:
  X: -122.74099731445312
  Y: -144.3459930419922
  Z: -24.92639923095703
boundingForTraverse: 144.95054626464844
bugMask: 0
cursorOffsetY: 0.5
instSizeCafe: 41468
instSizeNx: 124864
sortKey: 0
terrainTextures:
- !u 0xffff4d2a
traverseDist: 2000.0
