aabbMax:
  X: 11.498700141906738
  Y: 6.8570098876953125
  Z: 7.030350208282471
aabbMin:
  X: -16.2549991607666
  Y: -0.111115001142025
  Z: -8.112279891967773
boundingForTraverse: 6.968124866485596
bugMask: 0
cursorOffsetY: 0.5
instSizeCafe: 150656
instSizeNx: -1
sortKey: 2
traverseDist: 500.0
