aabbMax:
  X: 11.426799774169922
  Y: 18.63920021057129
  Z: 10.381799697875977
aabbMin:
  X: -11.526900291442871
  Y: -2.7728400230407715
  Z: -10.674799919128418
boundingForTraverse: 21.41204071044922
bugMask: 0
cursorOffsetY: 0.5
instSizeCafe: 42740
instSizeNx: -1
sortKey: 0
terrainTextures:
- !u 0xffff4608
traverseDist: 531.1488647460938
