aabbMax:
  X: 4.202569961547852
  Y: 2.7604799270629883
  Z: 0.8535299897193909
aabbMin:
  X: -4.2352800369262695
  Y: -0.6759300231933594
  Z: -0.760657012462616
boundingForTraverse: 3.4364099502563477
bugMask: 0
cursorOffsetY: 0.5
instSizeCafe: 41244
instSizeNx: 116672
sortKey: -9
traverseDist: 500.0
