aabbMax:
  X: 19.518600463867188
  Y: 22.81410026550293
  Z: 21.328699111938477
aabbMin:
  X: -20.413999557495117
  Y: -12.559599876403809
  Z: -9.485750198364258
boundingForTraverse: 35.37369918823242
bugMask: 0
cursorOffsetY: 0.5
instSizeCafe: -1
instSizeNx: 75656
sortKey: 0
terrainTextures:
- !u 0xffffff54
traverseDist: 1000.0
