aabbMax:
  X: 36.524600982666016
  Y: 28.59749984741211
  Z: 31.55900001525879
aabbMin:
  X: -33.109100341796875
  Y: -0.9386879801750183
  Z: -35.3401985168457
boundingForTraverse: 29.53618812561035
bugMask: 0
cursorOffsetY: 0.5
instSizeCafe: 28760
instSizeNx: 96160
sortKey: 0
traverseDist: 1000.0
