aabbMax:
  X: 125.51000213623047
  Y: 52.37969970703125
  Z: 17.319400787353516
aabbMin:
  X: 4.55610990524292
  Y: -3.3983099460601807
  Z: -110.71399688720703
boundingForTraverse: 55.778011322021484
bugMask: 0
cursorOffsetY: 0.5
instSizeCafe: 53560
instSizeNx: -1
sortKey: 0
terrainTextures:
- !u 0xffffff08
traverseDist: 1000.0
