aabbMax:
  X: 70.03959655761719
  Y: 26.211599349975586
  Z: 131.1580047607422
aabbMin:
  X: -69.43099975585938
  Y: -23.75830078125
  Z: -169.53399658203125
boundingForTraverse: 49.96990203857422
bugMask: 0
instSizeCafe: -1
instSizeNx: 76440
rigidBodyCenterY: 1.7223600149154663
sortKey: 0
traverseDist: 5000.0
