aabbMax:
  X: 24.371700286865234
  Y: 58.388999938964844
  Z: 36.47079849243164
aabbMin:
  X: -21.256099700927734
  Y: -0.858223021030426
  Z: -19.485700607299805
boundingForTraverse: 59.247222900390625
bugMask: 0
cursorOffsetY: 0.5
instSizeCafe: 57548
instSizeNx: -1
sortKey: 15
terrainTextures:
- !u 0xffffff33
traverseDist: 572.2012939453125
