aabbMax:
  X: -0.613722026348114
  Y: 7.960629940032959
  Z: 39.5
aabbMin:
  X: -15.389399528503418
  Y: -0.08724299818277359
  Z: 12.617799758911133
boundingForTraverse: 8.047872543334961
bugMask: 0
cursorOffsetY: 0.5
instSizeCafe: -1
instSizeNx: 497728
sortKey: 0
traverseDist: 3000.0
