aabbMax:
  X: 123.61100006103516
  Y: 164.0279998779297
  Z: 160.66200256347656
aabbMin:
  X: -138.6320037841797
  Y: -1.054569959640503
  Z: -139.0780029296875
boundingForTraverse: 165.0825653076172
bugMask: 0
cursorOffsetY: 0.5
instSizeCafe: 30260
instSizeNx: -1
sortKey: 0
terrainTextures:
- !u 0xffff4608
traverseDist: 100000.0
