aabbMax:
  X: 77.79080200195312
  Y: 95.84729766845703
  Z: 63.93360137939453
aabbMin:
  X: -79.81500244140625
  Y: -41.99169921875
  Z: -49.78329849243164
boundingForTraverse: 137.8389892578125
bugMask: 0
cursorOffsetY: 0.5
instSizeCafe: 38044
instSizeNx: 116672
sortKey: 0
terrainTextures:
- !u 0xff373108
traverseDist: 2000.0
