aabbMax:
  X: 54.29330062866211
  Y: 2.6262199878692627
  Z: 41.0713996887207
aabbMin:
  X: -53.933101654052734
  Y: -120.11900329589844
  Z: -11.728699684143066
boundingForTraverse: 122.74522399902344
bugMask: 0
cursorOffsetY: 0.5
instSizeCafe: 32368
instSizeNx: -1
sortKey: 0
terrainTextures:
- !u 0xffffff44
traverseDist: 620.4193115234375
