aabbMax:
  X: 6.086909770965576
  Y: 4.59768009185791
  Z: 67.27110290527344
aabbMin:
  X: -6.17963981628418
  Y: -34.11000061035156
  Z: -67.18800354003906
boundingForTraverse: 38.707679748535156
bugMask: 0
instSizeCafe: 70020
instSizeNx: -1
sortKey: -2
traverseDist: 635.0174560546875
