aabbMax:
  X: 11.447699546813965
  Y: 15.823100090026855
  Z: 5.4658098220825195
aabbMin:
  X: -3.5192999839782715
  Y: -3.474709987640381
  Z: -5.966460227966309
boundingForTraverse: 19.297809600830078
bugMask: 0
cursorOffsetY: 0.5
instSizeCafe: -1
instSizeNx: 120768
sortKey: 0
