aabbMax:
  X: 29.579700469970703
  Y: 10.31779956817627
  Z: 2.231149911880493
aabbMin:
  X: -29.411800384521484
  Y: -53.551700592041016
  Z: -33.97880172729492
boundingForTraverse: 63.86949920654297
bugMask: 0
cursorOffsetY: 0.5
instSizeCafe: 49720
instSizeNx: -1
sortKey: -1
terrainTextures:
- 487656448
- !u 0xffff4c1f
traverseDist: 569.2182006835938
