aabbMax:
  X: 79.12670135498047
  Y: 79.7217025756836
  Z: 50.402198791503906
aabbMin:
  X: -90.44290161132812
  Y: -88.71769714355469
  Z: -18.695999145507812
boundingForTraverse: 168.43939208984375
bugMask: 0
instSizeCafe: 18932
instSizeNx: 75656
sortKey: 0
traverseDist: 8000.0
