aabbMax:
  X: 2.7766098976135254
  Y: 1.7674200534820557
  Z: 0.8976290225982666
aabbMin:
  X: -2.7764599323272705
  Y: -0.20000000298023224
  Z: -0.9296240210533142
boundingForTraverse: 1.967419981956482
bugMask: 0
cursorOffsetY: 0.5
instSizeCafe: -1
instSizeNx: 120768
sortKey: -17
