aabbMax:
  X: 7.46088981628418
  Y: 9.197790145874023
  Z: 7.407979965209961
aabbMin:
  X: -6.817470073699951
  Y: -0.8320040106773376
  Z: -7.407120227813721
boundingForTraverse: 10.029793739318848
bugMask: 0
instSizeCafe: 29908
instSizeNx: -1
sortKey: 0
terrainTextures:
- !u 0xffffff15
