aabbMax:
  X: 221.64500427246094
  Y: 153.70599365234375
  Z: 114.11399841308594
aabbMin:
  X: -207.5590057373047
  Y: -23.009300231933594
  Z: 2.814840078353882
boundingForTraverse: 176.71530151367188
bugMask: 0
cursorOffsetY: 0.5
instSizeCafe: -1
instSizeNx: 96160
sortKey: 0
terrainTextures:
- !u 0xffff4608
traverseDist: 100000.0
