aabbMax:
  X: 15.5
  Y: 49.70000076293945
  Z: 110.0
aabbMin:
  X: -127.0
  Y: -1.300029993057251
  Z: -20.0
boundingForTraverse: 51.000030517578125
bugMask: 0
cursorOffsetY: 0.5
instSizeCafe: 51968
instSizeNx: -1
sortKey: 0
terrainTextures:
- !u 0xffffff08
traverseDist: 692.8892211914062
