aabbMax:
  X: 3.5810799598693848
  Y: 1.145259976387024
  Z: 0.23184500634670258
aabbMin:
  X: -3.7724900245666504
  Y: -1.9874099493026733
  Z: -0.8108360171318054
boundingForTraverse: 3.1326699256896973
bugMask: 0
cursorOffsetY: 0.5
instSizeCafe: 17588
instSizeNx: -1
sortKey: -29
traverseDist: 150.0
