aabbMax:
  X: 19.180200576782227
  Y: 1.708400011062622
  Z: 19.946399688720703
aabbMin:
  X: -19.15290069580078
  Y: -11.684200286865234
  Z: -0.09994299709796906
boundingForTraverse: 13.392600059509277
bugMask: 0
cursorOffsetY: 0.5
instSizeCafe: 18608
instSizeNx: -1
sortKey: 0
terrainTextures:
- !u 0xffffff44
traverseDist: 1000.0
