aabbMax:
  X: 1.650979995727539
  Y: 7.483870029449463
  Z: 1.603309988975525
aabbMin:
  X: -1.639549970626831
  Y: 0.0
  Z: -1.6025700569152832
boundingForTraverse: 7.483870029449463
bugMask: 0
cursorOffsetY: 0.5
instSizeCafe: 42292
instSizeNx: -1
sortKey: -4
