aabbMax:
  X: 8.001569747924805
  Y: 1.9342299699783325
  Z: 0.7032420039176941
aabbMin:
  X: -8.74524974822998
  Y: -0.9412040114402771
  Z: -0.6621310114860535
boundingForTraverse: 2.875433921813965
bugMask: 0
cursorOffsetY: 0.5
instSizeCafe: 50944
instSizeNx: 145368
sortKey: 0
traverseDist: 400.0
