aabbMax:
  X: 138.41600036621094
  Y: 50.917301177978516
  Z: 11.54699993133545
aabbMin:
  X: -2.2772700786590576
  Y: -0.734050989151001
  Z: -132.17300415039062
boundingForTraverse: 51.65135192871094
bugMask: 0
cursorOffsetY: 0.5
instSizeCafe: 17140
instSizeNx: -1
sortKey: 0
