aabbMax:
  X: 42.562801361083984
  Y: 5.7428998947143555
  Z: 20.63759994506836
aabbMin:
  X: -39.41490173339844
  Y: -33.12889862060547
  Z: -8.72152042388916
boundingForTraverse: 38.87179946899414
bugMask: 0
cursorOffsetY: 0.5
instSizeCafe: 18288
instSizeNx: -1
sortKey: 0
terrainTextures:
- !u 0xffffff57
traverseDist: 1000.0
