aabbMax:
  X: 158.61199951171875
  Y: 6.092899799346924
  Z: 60.62730026245117
aabbMin:
  X: -180.00399780273438
  Y: -264.0979919433594
  Z: -44.042701721191406
boundingForTraverse: 270.1908874511719
bugMask: 0
instSizeCafe: -1
instSizeNx: 75656
sortKey: 0
terrainTextures:
- !u 0xffffff3e
traverseDist: 3000.0
