aabbMax:
  X: 87.92060089111328
  Y: 46.634498596191406
  Z: 29.071199417114258
aabbMin:
  X: -89.20690155029297
  Y: -43.72850036621094
  Z: -31.741100311279297
boundingForTraverse: 90.36299896240234
bugMask: 0
cursorOffsetY: 0.5
instSizeCafe: 18612
instSizeNx: -1
sortKey: 0
traverseDist: 1000.0
