aabbMax:
  X: 35.49209976196289
  Y: 27.23900032043457
  Z: 16.85580062866211
aabbMin:
  X: -43.33549880981445
  Y: -25.979799270629883
  Z: -56.41419982910156
boundingForTraverse: 53.21879959106445
bugMask: 0
cursorOffsetY: 0.5
instSizeCafe: 29424
instSizeNx: -1
sortKey: 0
terrainTextures:
- !u 0xffffff57
traverseDist: 607.6210327148438
