aabbMax:
  X: 83.09970092773438
  Y: 14.556300163269043
  Z: 29.27790069580078
aabbMin:
  X: -72.50430297851562
  Y: -146.71600341796875
  Z: -19.488500595092773
boundingForTraverse: 161.27230834960938
bugMask: 0
instSizeCafe: -1
instSizeNx: 120768
sortKey: 0
terrainTextures:
- 487657472
- !u 0xffff4c1f
traverseDist: 5000.0
