aabbMax:
  X: 14.437299728393555
  Y: 11.386799812316895
  Z: 3.510469913482666
aabbMin:
  X: -13.717499732971191
  Y: -17.094499588012695
  Z: -8.244070053100586
boundingForTraverse: 28.481300354003906
bugMask: 0
cursorOffsetY: 0.5
instSizeCafe: 40092
instSizeNx: 116672
sortKey: 0
terrainTextures:
- !u 0xffffff08
