aabbMax:
  X: 8.269749641418457
  Y: 6.244269847869873
  Z: 5.139510154724121
aabbMin:
  X: -6.682690143585205
  Y: -0.7616620063781738
  Z: -4.848390102386475
boundingForTraverse: 7.005931854248047
bugMask: 0
cursorOffsetY: 0.5
instSizeCafe: 28760
instSizeNx: -1
sortKey: 0
