aabbMax:
  X: 95.84140014648438
  Y: 103.69200134277344
  Z: 56.97880172729492
aabbMin:
  X: -98.01290130615234
  Y: -0.7408450245857239
  Z: -53.92530059814453
boundingForTraverse: 104.43284606933594
bugMask: 0
cursorOffsetY: 0.5
instSizeCafe: 53176
instSizeNx: -1
sortKey: 0
terrainTextures:
- !u 0xffff4342
traverseDist: 8000.0
