aabbMax:
  X: 146.9010009765625
  Y: 56.346900939941406
  Z: 165.9739990234375
aabbMin:
  X: -120.76599884033203
  Y: -179.73599243164062
  Z: -108.96399688720703
boundingForTraverse: 236.0828857421875
bugMask: 0
cursorOffsetY: 0.5
instSizeCafe: 43100
instSizeNx: -1
sortKey: 0
terrainTextures:
- !u 0xffffff47
traverseDist: 883.714111328125
