aabbMax:
  X: 3.8016300201416016
  Y: 0.1880429983139038
  Z: 3.4580399990081787
aabbMin:
  X: -3.8016300201416016
  Y: -9.123259544372559
  Z: -3.9702301025390625
boundingForTraverse: 9.311302185058594
bugMask: 0
cursorOffsetY: 0.5
instSizeCafe: 38580
instSizeNx: -1
sortKey: 2
terrainTextures:
- 1293750544
