aabbMax:
  X: 13.907299995422363
  Y: 7.892169952392578
  Z: 7.079559803009033
aabbMin:
  X: -6.888209819793701
  Y: -6.853320121765137
  Z: -11.012700080871582
boundingForTraverse: 14.745490074157715
bugMask: 0
cursorOffsetY: 0.5
instSizeCafe: 80520
instSizeNx: -1
sortKey: -4
terrainTextures:
- !u 0xffffff08
