aabbMax:
  X: 14.331000328063965
  Y: 2.0893099308013916
  Z: 6.746140003204346
aabbMin:
  X: 6.288899898529053
  Y: -2.5436599254608154
  Z: -6.771920204162598
boundingForTraverse: 4.632969856262207
bugMask: 0
cursorOffsetY: 0.5
instSizeCafe: 17140
instSizeNx: 75656
sortKey: 0
traverseDist: 1000.0
