aabbMax:
  X: 49.845699310302734
  Y: 11.376099586486816
  Z: 52.74480056762695
aabbMin:
  X: -46.06669998168945
  Y: -1.8077199459075928
  Z: -11.335100173950195
boundingForTraverse: 13.183819770812988
bugMask: 0
cursorOffsetY: 0.5
instSizeCafe: 39732
instSizeNx: -1
sortKey: 0
terrainTextures:
- 1279139584
traverseDist: 3000.0
