aabbMax:
  X: 34.0906982421875
  Y: 0.6300510168075562
  Z: 7.538320064544678
aabbMin:
  X: -34.34000015258789
  Y: -94.3772964477539
  Z: -15.679699897766113
boundingForTraverse: 95.0073471069336
bugMask: 0
cursorOffsetY: 0.5
instSizeCafe: 19940
instSizeNx: -1
sortKey: 0
traverseDist: 1000.0
