aabbMax:
  X: 0.7448430061340332
  Y: 1.0314799547195435
  Z: 1.9999999949504854e-06
aabbMin:
  X: -0.7448430061340332
  Y: -1.0314799547195435
  Z: -1.9999999949504854e-06
boundingForTraverse: 2.062959909439087
bugMask: 0
cursorOffsetY: 0.5
instSizeCafe: 18072
instSizeNx: 76768
sortKey: 0
variationMatAnim: ChangeRecipe
variationMatAnimFrame: 9
