aabbMax:
  X: 26.809099197387695
  Y: 2.45671010017395
  Z: 22.63680076599121
aabbMin:
  X: -26.87299919128418
  Y: -221.46800231933594
  Z: -14.616000175476074
boundingForTraverse: 223.92471313476562
bugMask: 0
cursorOffsetY: 0.5
instSizeCafe: 31764
instSizeNx: -1
sortKey: 0
terrainTextures:
- !u 0xffffff10
traverseDist: 565.3416748046875
