aabbMax:
  X: -35.0
  Y: 54.5099983215332
  Z: -30.0
aabbMin:
  X: -134.21499633789062
  Y: -1.5646899938583374
  Z: -95.0
boundingForTraverse: 56.07468795776367
bugMask: 0
cursorOffsetY: 0.5
instSizeCafe: 29912
instSizeNx: -1
sortKey: 0
