aabbMax:
  X: 138.8990020751953
  Y: 7.3577399253845215
  Z: 79.51439666748047
aabbMin:
  X: -160.06300354003906
  Y: -242.88600158691406
  Z: -109.82099914550781
boundingForTraverse: 250.24374389648438
bugMask: 0
instSizeCafe: 18548
instSizeNx: -1
sortKey: 0
terrainTextures:
- !u 0xffffff3e
traverseDist: 5000.0
