aabbMax:
  X: 116.46299743652344
  Y: 32.86579895019531
  Z: 77.12120056152344
aabbMin:
  X: -124.12999725341797
  Y: -176.5570068359375
  Z: -60.692501068115234
boundingForTraverse: 209.4228057861328
bugMask: 0
instSizeCafe: 39740
instSizeNx: 124864
sortKey: 0
terrainTextures:
- 487657472
- !u 0xffff4c1f
traverseDist: 6000.0
