aabbMax:
  X: 2.2679998874664307
  Y: 10.109000205993652
  Z: 1.25
aabbMin:
  X: -2.9820001125335693
  Y: -0.009701999835669994
  Z: -1.2676399946212769
boundingForTraverse: 10.118701934814453
bugMask: 0
cursorOffsetY: 0.5
instSizeCafe: 29424
instSizeNx: -1
sortKey: 0
