aabbMax:
  X: 3.8701601028442383
  Y: 5.75186014175415
  Z: 1.7180800437927246
aabbMin:
  X: -3.469320058822632
  Y: -0.8386690020561218
  Z: -1.9113500118255615
boundingForTraverse: 6.590528964996338
bugMask: 0
cursorOffsetY: 0.5
instSizeCafe: 75588
instSizeNx: -1
sortKey: -7
traverseDist: 500.0
