aabbMax:
  X: 39.32820129394531
  Y: 7.853270053863525
  Z: 17.709199905395508
aabbMin:
  X: -73.4207992553711
  Y: -68.33740234375
  Z: -38.732398986816406
boundingForTraverse: 76.190673828125
bugMask: 0
cursorOffsetY: 0.5
instSizeCafe: 101332
instSizeNx: -1
sortKey: 0
traverseDist: 2000.0
