aabbMax:
  X: 41.47359848022461
  Y: 23.41309928894043
  Z: 13.098899841308594
aabbMin:
  X: -41.47760009765625
  Y: -3.846329927444458
  Z: -12.403400421142578
boundingForTraverse: 27.259429931640625
bugMask: 0
instSizeCafe: 18796
instSizeNx: -1
sortKey: 0
terrainTextures:
- !u 0xffffff3e
traverseDist: 3000.0
