aabbMax:
  X: 134.48699951171875
  Y: 15.287799835205078
  Z: 69.65290069580078
aabbMin:
  X: -144.6300048828125
  Y: -199.66299438476562
  Z: -50.11399841308594
boundingForTraverse: 214.95079040527344
bugMask: 0
cursorOffsetY: 0.5
instSizeCafe: 60548
instSizeNx: 165880
sortKey: 0
terrainTextures:
- !u 0xff373108
traverseDist: 3000.0
