aabbMax:
  X: 2.3039300441741943
  Y: 5.098859786987305
  Z: 2.3039300441741943
aabbMin:
  X: -2.430069923400879
  Y: -1.8512300252914429
  Z: -2.3039300441741943
boundingForTraverse: 6.950089931488037
bugMask: 0
cursorOffsetY: 0.5
instSizeCafe: -1
instSizeNx: 125504
rigidBodyCenterY: 2.573960065841675
sortKey: 0
