aabbMax:
  X: 36.99879837036133
  Y: 48.179500579833984
  Z: 29.933399200439453
aabbMin:
  X: -35.808998107910156
  Y: -0.5679469704627991
  Z: -33.8838996887207
boundingForTraverse: 48.7474479675293
bugMask: 0
instSizeCafe: -1
instSizeNx: 75656
sortKey: 0
