aabbMax:
  X: 53.5452995300293
  Y: 2.8176798820495605
  Z: 50.3650016784668
aabbMin:
  X: -56.49039840698242
  Y: -198.61599731445312
  Z: -12.634200096130371
boundingForTraverse: 201.4336700439453
bugMask: 0
cursorOffsetY: 0.5
instSizeCafe: 30584
instSizeNx: 96160
sortKey: 0
terrainTextures:
- !u 0xffffff10
traverseDist: 8000.0
