aabbMax:
  X: 81.70099639892578
  Y: 51.077999114990234
  Z: 0.9945369958877563
aabbMin:
  X: 9.46133041381836
  Y: -0.41721299290657043
  Z: -121.63200378417969
boundingForTraverse: 51.49521255493164
bugMask: 0
cursorOffsetY: 0.5
instSizeCafe: 17140
instSizeNx: 75656
sortKey: 0
traverseDist: 1000.0
