aabbMax:
  X: 130.0
  Y: 54.5099983215332
  Z: 25.285400390625
aabbMin:
  X: 25.0
  Y: -3.4145500659942627
  Z: -40.81159973144531
boundingForTraverse: 57.9245491027832
bugMask: 0
cursorOffsetY: 0.5
instSizeCafe: 29912
instSizeNx: 96160
sortKey: 0
