aabbMax:
  X: 53.67720031738281
  Y: 113.03299713134766
  Z: 22.39349937438965
aabbMin:
  X: -23.007400512695312
  Y: -0.08489999920129776
  Z: -21.179000854492188
boundingForTraverse: 113.1178970336914
bugMask: 0
cursorOffsetY: 0.5
instSizeCafe: 30296
instSizeNx: 96160
sortKey: 0
terrainTextures:
- !u 0xffffff15
traverseDist: 3000.0
