aabbMax:
  X: 8.850830078125
  Y: 0.5356389880180359
  Z: 11.617899894714355
aabbMin:
  X: -8.454689979553223
  Y: -29.561599731445312
  Z: -0.016440000385046005
boundingForTraverse: 30.097238540649414
bugMask: 0
cursorOffsetY: 0.5
instSizeCafe: 31128
instSizeNx: 96160
sortKey: 0
terrainTextures:
- !u 0xffffff44
traverseDist: 520.852783203125
