aabbMax:
  X: 39.339298248291016
  Y: 5.450089931488037
  Z: 14.691100120544434
aabbMin:
  X: -38.947601318359375
  Y: -18.228599548339844
  Z: -20.468000411987305
boundingForTraverse: 23.67868995666504
bugMask: 0
instSizeCafe: -1
instSizeNx: 146064
sortKey: 14
terrainTextures:
- !u 0xffffff33
traverseDist: 585.819580078125
