aabbMax:
  X: 19.81100082397461
  Y: 13.60669994354248
  Z: 13.264100074768066
aabbMin:
  X: -10.70479965209961
  Y: -32.075599670410156
  Z: -16.985599517822266
boundingForTraverse: 45.68230056762695
bugMask: 0
cursorOffsetY: 0.5
instSizeCafe: 18608
instSizeNx: -1
sortKey: 0
traverseDist: 1000.0
