aabbMax:
  X: 63.39609909057617
  Y: 61.64509963989258
  Z: 48.07619857788086
aabbMin:
  X: -70.997802734375
  Y: -0.3087480068206787
  Z: -46.45180130004883
boundingForTraverse: 61.9538459777832
bugMask: 0
instSizeCafe: 40796
instSizeNx: 120768
sortKey: 0
terrainTextures:
- !u 0xffff4d2a
traverseDist: 1000.0
