aabbMax:
  X: 7.40516996383667
  Y: 6.929150104522705
  Z: 5.952199935913086
aabbMin:
  X: -4.300519943237305
  Y: -1.3021700382232666
  Z: -5.918300151824951
boundingForTraverse: 8.23132038116455
bugMask: 0
cursorOffsetY: 0.5
instSizeCafe: -1
instSizeNx: 432160
sortKey: 0
traverseDist: 500.0
