aabbMax:
  X: 24.437700271606445
  Y: 35.76959991455078
  Z: 49.06639862060547
aabbMin:
  X: -20.12700080871582
  Y: -0.8353769779205322
  Z: -13.306400299072266
boundingForTraverse: 36.604976654052734
bugMask: 0
instSizeCafe: 29168
instSizeNx: -1
sortKey: 0
terrainTextures:
- !u 0xffffff3e
traverseDist: 1000.0
