aabbMax:
  X: 184.85400390625
  Y: 123.12300109863281
  Z: 157.4429931640625
aabbMin:
  X: -107.01100158691406
  Y: -51.853599548339844
  Z: -174.4510040283203
boundingForTraverse: 174.97659301757812
bugMask: 0
cursorOffsetY: 0.5
instSizeCafe: 50592
instSizeNx: 145368
sortKey: 0
terrainTextures:
- 487657472
- !u 0xffff4c1f
traverseDist: 10000.0
