aabbMax:
  X: 81.14579772949219
  Y: 0.5871430039405823
  Z: 91.41259765625
aabbMin:
  X: -91.42970275878906
  Y: -69.1395034790039
  Z: -100.24099731445312
boundingForTraverse: 69.72664642333984
bugMask: 0
cursorOffsetY: 0.5
instSizeCafe: 18320
instSizeNx: -1
sortKey: 8
terrainTextures:
- !u 0xff331d11
traverseDist: 757.9019165039062
