aabbMax:
  X: 59.073001861572266
  Y: 5.621190071105957
  Z: 7.668059825897217
aabbMin:
  X: -37.730899810791016
  Y: -115.0510025024414
  Z: -69.18270111083984
boundingForTraverse: 120.67219543457031
bugMask: 0
cursorOffsetY: 0.5
instSizeCafe: 18924
instSizeNx: -1
sortKey: 0
traverseDist: 1000.0
