aabbMax:
  X: 102.29000091552734
  Y: 9.186710357666016
  Z: 125.91600036621094
aabbMin:
  X: -114.1500015258789
  Y: -245.94000244140625
  Z: -47.82109832763672
boundingForTraverse: 255.126708984375
bugMask: 0
cursorOffsetY: 0.5
instSizeCafe: 18900
instSizeNx: -1
sortKey: 0
traverseDist: 4000.0
