aabbMax:
  X: 81.1448974609375
  Y: 28.395099639892578
  Z: 85.97589874267578
aabbMin:
  X: -83.90509796142578
  Y: -31.72450065612793
  Z: -85.27269744873047
boundingForTraverse: 60.119598388671875
bugMask: 0
cursorOffsetY: 0.5
instSizeCafe: 273512
instSizeNx: -1
sortKey: 0
terrainTextures:
- !u 0xffff1d11
traverseDist: 737.8394165039062
