aabbMax:
  X: 9.055509567260742
  Y: 13.434200286865234
  Z: 8.261480331420898
aabbMin:
  X: -7.426620006561279
  Y: -2.7349400520324707
  Z: -8.344900131225586
boundingForTraverse: 16.169139862060547
bugMask: 0
cursorOffsetY: 0.5
instSizeCafe: -1
instSizeNx: 96160
sortKey: 2
terrainTextures:
- !u 0xffff1d11
traverseDist: 523.3972778320312
