aabbMax:
  X: 160.55299377441406
  Y: 149.4550018310547
  Z: 84.70269775390625
aabbMin:
  X: -160.55299377441406
  Y: 0.0
  Z: -103.06199645996094
boundingForTraverse: 149.4550018310547
bugMask: 0
cursorOffsetY: 0.5
instSizeCafe: -1
instSizeNx: 100256
sortKey: 0
traverseDist: 871.9739990234375
