aabbMax:
  X: 50.1614990234375
  Y: 11.486300468444824
  Z: 53.24610137939453
aabbMin:
  X: -45.48149871826172
  Y: -0.9437680244445801
  Z: -10.69260025024414
boundingForTraverse: 12.430068969726562
bugMask: 0
cursorOffsetY: 0.5
instSizeCafe: 39192
instSizeNx: -1
sortKey: -6
terrainTextures:
- 1279139584
traverseDist: 615.0466918945312
