aabbMax:
  X: 23.12820053100586
  Y: 21.399700164794922
  Z: 15.461299896240234
aabbMin:
  X: -18.15839958190918
  Y: -2.67467999458313
  Z: -25.61370086669922
boundingForTraverse: 24.07438087463379
bugMask: 0
instSizeCafe: 17140
instSizeNx: -1
sortKey: -26
traverseDist: 1000.0
