aabbMax:
  X: 5.645060062408447
  Y: 0.5778639912605286
  Z: 5.0452399253845215
aabbMin:
  X: -4.1390299797058105
  Y: -0.508014976978302
  Z: -4.778910160064697
boundingForTraverse: 1.0858789682388306
bugMask: 0
cursorOffsetY: 0.5
instSizeCafe: 17644
instSizeNx: -1
sortKey: 0
terrainTextures:
- !u 0xffffff4a
