aabbMax:
  X: 115.0
  Y: -35.084999084472656
  Z: 95.0
aabbMin:
  X: -130.0
  Y: -40.09000015258789
  Z: -95.0
boundingForTraverse: 5.005001068115234
bugMask: 0
cursorOffsetY: 0.5
instSizeCafe: 42228
instSizeNx: -1
sortKey: 0
