aabbMax:
  X: 14.378199577331543
  Y: 15.885100364685059
  Z: 17.024099349975586
aabbMin:
  X: -15.031999588012695
  Y: -1.534440040588379
  Z: -15.386099815368652
boundingForTraverse: 17.419540405273438
bugMask: 0
instSizeCafe: 27608
instSizeNx: 96160
sortKey: -2
traverseDist: 543.7650756835938
