aabbMax:
  X: 1.6233899593353271
  Y: 16.979700088500977
  Z: 1.5481799840927124
aabbMin:
  X: -1.529360055923462
  Y: -8.001230239868164
  Z: -1.548609972000122
boundingForTraverse: 24.98093032836914
bugMask: 0
cursorOffsetY: 0.5
instSizeCafe: 59876
instSizeNx: -1
sortKey: -10
terrainTextures:
- !u 0xff4c1f00
traverseDist: 500.0
