aabbMax:
  X: 30.38089942932129
  Y: 12.39210033416748
  Z: 75.04830169677734
aabbMin:
  X: -23.366600036621094
  Y: -37.23849868774414
  Z: -44.82590103149414
boundingForTraverse: 49.63059997558594
bugMask: 0
cursorOffsetY: 0.5
instSizeCafe: 187980
instSizeNx: -1
sortKey: 0
terrainTextures:
- !u 0xffffff10
