aabbMax:
  X: 50.0
  Y: -0.49000000953674316
  Z: 60.0
aabbMin:
  X: -40.0
  Y: -30.489999771118164
  Z: -22.5
boundingForTraverse: 30.0
bugMask: 0
cursorOffsetY: 0.5
instSizeCafe: 33008
instSizeNx: -1
sortKey: 0
traverseDist: 622.0911865234375
