aabbMax:
  X: 337.32000732421875
  Y: 381.1470031738281
  Z: 283.031005859375
aabbMin:
  X: -342.9859924316406
  Y: -16.324499130249023
  Z: -193.33700561523438
boundingForTraverse: 397.47149658203125
bugMask: 0
cursorOffsetY: 0.5
instSizeCafe: 55032
instSizeNx: -1
sortKey: 5
terrainTextures:
- 487657472
- !u 0xffff4c1f
traverseDist: 1330.507568359375
