aabbMax:
  X: 69.98829650878906
  Y: 26.130599975585938
  Z: 131.11500549316406
aabbMin:
  X: -69.54060363769531
  Y: -23.58209991455078
  Z: -169.38600158691406
boundingForTraverse: 49.71269989013672
bugMask: 0
instSizeCafe: 30652
instSizeNx: -1
rigidBodyCenterY: 1.7223600149154663
sortKey: 2
traverseDist: 831.3143310546875
