aabbMax:
  X: 31.246700286865234
  Y: 82.49520111083984
  Z: 93.12259674072266
aabbMin:
  X: -31.272300720214844
  Y: -1.3392599821090698
  Z: -93.60379791259766
boundingForTraverse: 83.83445739746094
bugMask: 0
instSizeCafe: 42268
instSizeNx: -1
sortKey: 0
terrainTextures:
- !u 0xffffff47
traverseDist: 2000.0
