aabbMax:
  X: 60.0
  Y: 50.0
  Z: 100.0
aabbMin:
  X: -10.0
  Y: 39.56330108642578
  Z: 45.0
boundingForTraverse: 10.436698913574219
bugMask: 0
cursorOffsetY: 0.5
instSizeCafe: 29912
instSizeNx: 96160
sortKey: 0
terrainTextures:
- !u 0xffffff47
traverseDist: 1000.0
