aabbMax:
  X: 36.34320068359375
  Y: 36.19449996948242
  Z: 32.2244987487793
aabbMin:
  X: -34.710601806640625
  Y: 0.0
  Z: -34.18989944458008
boundingForTraverse: 36.19449996948242
bugMask: 0
cursorOffsetY: 0.5
instSizeCafe: 43160
instSizeNx: -1
sortKey: -2
terrainTextures:
- !u 0xffffff4e
traverseDist: 597.260009765625
