aabbMax:
  X: 9.518610000610352
  Y: 13.608699798583984
  Z: 0.7780320048332214
aabbMin:
  X: -8.206299781799316
  Y: -1.716879963874817
  Z: -16.51110076904297
boundingForTraverse: 15.325579643249512
bugMask: 0
cursorOffsetY: 0.5
instSizeCafe: 50104
instSizeNx: -1
sortKey: 0
terrainTextures:
- 522064384
- !u 0xffffff4c
traverseDist: 1000.0
