aabbMax:
  X: 40.70429992675781
  Y: 21.55660057067871
  Z: 30.28059959411621
aabbMin:
  X: -43.46419906616211
  Y: -92.92489624023438
  Z: -26.474300384521484
boundingForTraverse: 114.48149871826172
bugMask: 0
cursorOffsetY: 0.5
instSizeCafe: 18548
instSizeNx: -1
sortKey: 0
traverseDist: 601.5158081054688
