aabbMax:
  X: 58.786598205566406
  Y: 0.0
  Z: 23.789600372314453
aabbMin:
  X: -58.786598205566406
  Y: -199.44200134277344
  Z: -54.80509948730469
boundingForTraverse: 199.44200134277344
bugMask: 0
cursorOffsetY: 0.5
instSizeCafe: 21492
instSizeNx: -1
sortKey: 0
traverseDist: 1500.0
