aabbMax:
  X: 43.22060012817383
  Y: 1.9007699489593506
  Z: 27.63279914855957
aabbMin:
  X: -52.20029830932617
  Y: -188.78399658203125
  Z: -44.2317008972168
boundingForTraverse: 190.6847686767578
bugMask: 0
cursorOffsetY: 0.5
instSizeCafe: 29912
instSizeNx: 96160
sortKey: 0
terrainTextures:
- !u 0xff4c1f00
traverseDist: 3000.0
