aabbMax:
  X: 1.9640799760818481
  Y: 4.447790145874023
  Z: 2.311310052871704
aabbMin:
  X: -2.891429901123047
  Y: -0.15070700645446777
  Z: -2.2101800441741943
boundingForTraverse: 4.598496913909912
bugMask: 0
cursorOffsetY: 0.5
instSizeCafe: -1
instSizeNx: 116672
sortKey: 1
terrainTextures:
- !u 0xffffff08
