aabbMax:
  X: 86.8843002319336
  Y: 19.4685001373291
  Z: 34.51129913330078
aabbMin:
  X: -76.76239776611328
  Y: -151.48699951171875
  Z: -35.52220153808594
boundingForTraverse: 170.95550537109375
bugMask: 0
cursorOffsetY: 0.5
instSizeCafe: -1
instSizeNx: 120768
sortKey: 0
terrainTextures:
- !u 0xff373108
traverseDist: 2000.0
