aabbMax:
  X: 39.92959976196289
  Y: 24.40999984741211
  Z: 29.26689910888672
aabbMin:
  X: -39.00669860839844
  Y: 0.9824709892272949
  Z: -68.12139892578125
boundingForTraverse: 23.427528381347656
bugMask: 0
cursorOffsetY: 0.5
instSizeCafe: 436736
instSizeNx: -1
sortKey: 0
terrainTextures:
- 522064384
- !u 0xffffff4c
traverseDist: 625.3611450195312
