aabbMax:
  X: 22.600000381469727
  Y: 8.050000190734863
  Z: 10.24590015411377
aabbMin:
  X: -22.610000610351562
  Y: -233.6999969482422
  Z: -14.300000190734863
boundingForTraverse: 241.75
bugMask: 0
cursorOffsetY: 0.5
instSizeCafe: 73028
instSizeNx: -1
sortKey: 0
terrainTextures:
- !u 0xffffff40
traverseDist: 551.443603515625
