aabbMax:
  X: 89.52559661865234
  Y: 18.94059944152832
  Z: 248.16799926757812
aabbMin:
  X: -70.18990325927734
  Y: -151.17999267578125
  Z: 48.40719985961914
boundingForTraverse: 170.12059020996094
bugMask: 0
cursorOffsetY: 0.5
instSizeCafe: 43388
instSizeNx: -1
sortKey: 0
traverseDist: 755.760498046875
