aabbMax:
  X: 105.33999633789062
  Y: 33.518798828125
  Z: 31.253400802612305
aabbMin:
  X: -103.94400024414062
  Y: -36.16510009765625
  Z: -31.809099197387695
boundingForTraverse: 69.68389892578125
bugMask: 0
cursorOffsetY: 0.5
instSizeCafe: -1
instSizeNx: 75656
sortKey: -11
traverseDist: 718.5787353515625
