aabbMax:
  X: 159.97000122070312
  Y: 5.906429767608643
  Z: 61.64149856567383
aabbMin:
  X: -179.48399353027344
  Y: -264.4010009765625
  Z: -44.07469940185547
boundingForTraverse: 270.30743408203125
bugMask: 0
instSizeCafe: -1
instSizeNx: 75656
sortKey: -26
terrainTextures:
- !u 0xffffff3e
traverseDist: 855.53466796875
