aabbMax:
  X: 59.96689987182617
  Y: 13.223600387573242
  Z: -4.993850231170654
aabbMin:
  X: -58.10960006713867
  Y: -7.150430202484131
  Z: -65.62249755859375
boundingForTraverse: 20.37403106689453
bugMask: 0
cursorOffsetY: 0.5
instSizeCafe: 17396
instSizeNx: 75656
sortKey: 0
terrainTextures:
- 1279139584
traverseDist: 2000.0
