aabbMax:
  X: 5.869450092315674
  Y: 0.7287579774856567
  Z: 32.409698486328125
aabbMin:
  X: -5.900040149688721
  Y: -21.78190040588379
  Z: -33.36640167236328
boundingForTraverse: 22.510658264160156
bugMask: 0
cursorOffsetY: 0.5
instSizeCafe: -1
instSizeNx: 141272
sortKey: 0
traverseDist: 1000.0
