aabbMax:
  X: 6.088600158691406
  Y: 0.01981399953365326
  Z: 6.298140048980713
aabbMin:
  X: -5.911520004272461
  Y: -27.387100219726562
  Z: -11.321399688720703
boundingForTraverse: 27.40691375732422
bugMask: 0
instSizeCafe: 19700
instSizeNx: 75656
sortKey: 0
