aabbMax:
  X: 40.013301849365234
  Y: 20.874300003051758
  Z: 30.868600845336914
aabbMin:
  X: -43.083900451660156
  Y: -92.8906021118164
  Z: -25.940000534057617
boundingForTraverse: 113.76490020751953
bugMask: 0
cursorOffsetY: 0.5
instSizeCafe: 19180
instSizeNx: -1
sortKey: 0
traverseDist: 4000.0
