aabbMax:
  X: 0.4723449945449829
  Y: 0.0
  Z: 21.571300506591797
aabbMin:
  X: -24.112600326538086
  Y: -16.3572998046875
  Z: -0.3369080126285553
boundingForTraverse: 16.3572998046875
bugMask: 0
cursorOffsetY: 0.5
instSizeCafe: 139548
instSizeNx: -1
sortKey: 0
terrainTextures:
- !u 0xffffff34
traverseDist: 500.0
