aabbMax:
  X: 1.064560055732727
  Y: 0.20145200192928314
  Z: 0.3685159981250763
aabbMin:
  X: -1.4438400268554688
  Y: -0.5742080211639404
  Z: -0.4381459951400757
boundingForTraverse: 2.5083999633789062
bugMask: 0
cursorOffsetY: 0.5
instSizeCafe: 17716
instSizeNx: 75656
sortKey: 0
