aabbMax:
  X: 60.0015983581543
  Y: 0.0
  Z: 70.0
aabbMin:
  X: -70.0
  Y: -0.02589399926364422
  Z: -70.00070190429688
boundingForTraverse: 0.02589399926364422
bugMask: 0
cursorOffsetY: 0.5
instSizeCafe: -1
instSizeNx: 145368
sortKey: 0
traverseDist: 1000.0
