aabbMax:
  X: 1.0003900527954102
  Y: 1.5637400150299072
  Z: 7.597430229187012
aabbMin:
  X: -7.953559875488281
  Y: -12.117199897766113
  Z: -6.477479934692383
boundingForTraverse: 13.680939674377441
bugMask: 0
cursorOffsetY: 0.5
instSizeCafe: 18548
instSizeNx: -1
sortKey: -1
