aabbMax:
  X: 77.8550033569336
  Y: 17.21269989013672
  Z: 73.20960235595703
aabbMin:
  X: -47.937599182128906
  Y: -66.89640045166016
  Z: -137.38699340820312
boundingForTraverse: 84.10910034179688
bugMask: 0
cursorOffsetY: 0.5
instSizeCafe: -1
instSizeNx: 124864
sortKey: 0
terrainTextures:
- 522064384
- !u 0xffffff4c
traverseDist: 745.3052978515625
