aabbMax:
  X: 8.122870445251465
  Y: 3.1047399044036865
  Z: 0.75
aabbMin:
  X: -7.953499794006348
  Y: -0.7006009817123413
  Z: -0.75
boundingForTraverse: 3.8053410053253174
bugMask: 0
cursorOffsetY: 0.5
instSizeCafe: 74816
instSizeNx: -1
sortKey: -2
traverseDist: 400.0
