aabbMax:
  X: 206.98399353027344
  Y: 47.339698791503906
  Z: 56.767601013183594
aabbMin:
  X: -207.21200561523438
  Y: -47.30569839477539
  Z: -52.8224983215332
boundingForTraverse: 94.64540100097656
bugMask: 0
cursorOffsetY: 0.5
instSizeCafe: 178028
instSizeNx: -1
sortKey: 0
terrainTextures:
- 286262016
- !u 0xff4c1f1d
traverseDist: 2000.0
