aabbMax:
  X: 18.989099502563477
  Y: 27.323299407958984
  Z: 6.469319820404053
aabbMin:
  X: -17.13360023498535
  Y: -3.0382399559020996
  Z: -9.324729919433594
boundingForTraverse: 30.361539840698242
bugMask: 0
cursorOffsetY: 0.5
instSizeCafe: -1
instSizeNx: 210992
sortKey: -2
traverseDist: 539.4246215820312
