aabbMax:
  X: 3.6128299236297607
  Y: 5.048540115356445
  Z: 2.317919969558716
aabbMin:
  X: -1.367210030555725
  Y: -0.6647260189056396
  Z: -2.1563899517059326
boundingForTraverse: 5.713265895843506
bugMask: 0
cursorOffsetY: 0.5
instSizeCafe: 28760
instSizeNx: -1
sortKey: 0
traverseDist: 500.0
