aabbMax:
  X: 28.72209930419922
  Y: 3.115139961242676
  Z: 10.785300254821777
aabbMin:
  X: -29.27790069580078
  Y: -22.64419937133789
  Z: -4.7022600173950195
boundingForTraverse: 25.75933837890625
bugMask: 0
instSizeCafe: -1
instSizeNx: 75656
sortKey: -17
terrainTextures:
- !u 0xffffff3e
traverseDist: 560.0322265625
