aabbMax:
  X: 14.43120002746582
  Y: 1.350000023841858
  Z: -74.46540069580078
aabbMin:
  X: -5.052810192108154
  Y: -11.0
  Z: -104.59200286865234
boundingForTraverse: 12.350000381469727
bugMask: 0
instSizeCafe: 151616
instSizeNx: 369672
sortKey: -14
traverseDist: 150.0
