aabbMax:
  X: 33.572601318359375
  Y: 69.40370178222656
  Z: 36.924198150634766
aabbMin:
  X: -33.5
  Y: -3.431309938430786
  Z: -36.76919937133789
boundingForTraverse: 72.83501434326172
bugMask: 0
cursorOffsetY: 0.5
instSizeCafe: 39196
instSizeNx: 116672
sortKey: -8
terrainTextures:
- 1279139584
traverseDist: 599.6466064453125
