aabbMax:
  X: 60.0
  Y: 50.0
  Z: -55.0
aabbMin:
  X: 5.0
  Y: 39.155601501464844
  Z: -100.0
boundingForTraverse: 10.84439754486084
bugMask: 0
cursorOffsetY: 0.5
instSizeCafe: 30320
instSizeNx: -1
sortKey: 0
terrainTextures:
- !u 0xffffff47
traverseDist: 1000.0
