aabbMax:
  X: 3.0172998905181885
  Y: 11.14009952545166
  Z: 2.6205999851226807
aabbMin:
  X: -3.635509967803955
  Y: -0.08121000230312347
  Z: -2.7427000999450684
boundingForTraverse: 11.221309661865234
bugMask: 0
cursorOffsetY: 0.5
instSizeCafe: 18612
instSizeNx: -1
sortKey: 0
traverseDist: 508.54547119140625
