aabbMax:
  X: 2.963520050048828
  Y: 0.4013589918613434
  Z: 3.725260019302368
aabbMin:
  X: -2.8329200744628906
  Y: -0.4734019935131073
  Z: -0.4718390107154846
boundingForTraverse: 5.796440124511719
bugMask: 0
cursorOffsetY: 0.5
instSizeCafe: 61540
instSizeNx: 165880
sortKey: 8
