aabbMax:
  X: 40.319000244140625
  Y: 17.209800720214844
  Z: 23.010000228881836
aabbMin:
  X: -40.31209945678711
  Y: -16.768800735473633
  Z: -33.06629943847656
boundingForTraverse: 33.978599548339844
bugMask: 0
instSizeCafe: 41944
instSizeNx: -1
sortKey: 0
terrainTextures:
- !u 0xffffff47
traverseDist: 2000.0
