aabbMax:
  X: 10.49779987335205
  Y: 17.831100463867188
  Z: 10.88379955291748
aabbMin:
  X: -10.435600280761719
  Y: -0.7047899961471558
  Z: -10.866499900817871
boundingForTraverse: 18.535890579223633
bugMask: 0
cursorOffsetY: 0.5
instSizeCafe: 40348
instSizeNx: -1
sortKey: 10
traverseDist: 500.0
