aabbMax:
  X: 15.495800018310547
  Y: 5.151080131530762
  Z: 52.4182014465332
aabbMin:
  X: -15.564200401306152
  Y: -40.781898498535156
  Z: -63.17380142211914
boundingForTraverse: 45.932979583740234
bugMask: 0
instSizeCafe: 29168
instSizeNx: -1
sortKey: 0
