aabbMax:
  X: 56.60060119628906
  Y: 21.738800048828125
  Z: 46.47169876098633
aabbMin:
  X: -69.96759796142578
  Y: -31.415599822998047
  Z: -14.27750015258789
boundingForTraverse: 53.15439987182617
bugMask: 0
cursorOffsetY: 0.5
instSizeCafe: 28760
instSizeNx: 96160
sortKey: -9
traverseDist: 640.3922119140625
