aabbMax:
  X: 188.51800537109375
  Y: 193.3249969482422
  Z: 117.46499633789062
aabbMin:
  X: -181.406005859375
  Y: -25.573299407958984
  Z: -320.8320007324219
boundingForTraverse: 218.89830017089844
bugMask: 0
instSizeCafe: 62564
instSizeNx: -1
sortKey: 0
terrainTextures:
- !u 0xff373108
traverseDist: 8000.0
