aabbMax:
  X: 41.391300201416016
  Y: 23.725099563598633
  Z: 14.30780029296875
aabbMin:
  X: -41.717201232910156
  Y: -3.955899953842163
  Z: -12.6496000289917
boundingForTraverse: 27.680999755859375
bugMask: 0
instSizeCafe: -1
instSizeNx: 75656
sortKey: -2
terrainTextures:
- !u 0xffffff3e
traverseDist: 587.3712158203125
