aabbMax:
  X: 15.101900100708008
  Y: 2.5907599925994873
  Z: 8.368749618530273
aabbMin:
  X: -15.198100090026855
  Y: -3.48334002494812
  Z: -7.102859973907471
boundingForTraverse: 6.074100017547607
bugMask: 0
cursorOffsetY: 0.5
instSizeCafe: -1
instSizeNx: 116672
sortKey: 0
terrainTextures:
- !u 0xffff3008
traverseDist: 1000.0
