aabbMax:
  X: 5.544950008392334
  Y: 1.662410020828247
  Z: 8.728360176086426
aabbMin:
  X: -7.004389762878418
  Y: -49.20090103149414
  Z: -7.744239807128906
boundingForTraverse: 50.863311767578125
bugMask: 0
cursorOffsetY: 0.5
instSizeCafe: 18548
instSizeNx: 75656
sortKey: 4
traverseDist: 520.708251953125
