aabbMax:
  X: 4.1606597900390625
  Y: 0.5
  Z: 4.593900203704834
aabbMin:
  X: -4.006010055541992
  Y: -0.15405599772930145
  Z: -4.751979827880859
boundingForTraverse: 0.6540560126304626
bugMask: 0
cursorOffsetY: 0.5
instSizeCafe: 17136
instSizeNx: -1
sortKey: 0
terrainTextures:
- !u 0xffffff50
