aabbMax:
  X: 42.91859817504883
  Y: 12.915800094604492
  Z: 26.889999389648438
aabbMin:
  X: -38.216400146484375
  Y: -18.23940086364746
  Z: -29.08530044555664
boundingForTraverse: 31.155200958251953
bugMask: 0
cursorOffsetY: 0.5
instSizeCafe: 43768
instSizeNx: -1
sortKey: -2
terrainTextures:
- !u 0xffff4608
traverseDist: 598.5703735351562
