aabbMax:
  X: 8.167140007019043
  Y: 5.667240142822266
  Z: 8.403550148010254
aabbMin:
  X: -8.212579727172852
  Y: -5.667240142822266
  Z: -8.403550148010254
boundingForTraverse: 11.334480285644531
bugMask: 0
cursorOffsetY: 0.5
instSizeCafe: 28756
instSizeNx: -1
sortKey: 0
