aabbMax:
  X: 14.41759967803955
  Y: 11.431500434875488
  Z: 11.277799606323242
aabbMin:
  X: -19.44420051574707
  Y: -0.26179200410842896
  Z: -12.001799583435059
boundingForTraverse: 11.693292617797852
bugMask: 0
cursorOffsetY: 0.5
instSizeCafe: 120500
instSizeNx: -1
sortKey: 0
traverseDist: 800.0
