aabbMax:
  X: 0.24981099367141724
  Y: 0.5007129907608032
  Z: 0.5675449967384338
aabbMin:
  X: -7.8645501136779785
  Y: -33.12030029296875
  Z: -0.63919597864151
boundingForTraverse: 33.62101364135742
bugMask: 0
cursorOffsetY: 0.5
instSizeCafe: 18548
instSizeNx: -1
sortKey: 12
traverseDist: 300.0
