aabbMax:
  X: 40.010501861572266
  Y: 56.01259994506836
  Z: -3.3932900428771973
aabbMin:
  X: -42.507198333740234
  Y: -6.139050006866455
  Z: -106.11299896240234
boundingForTraverse: 62.151649475097656
bugMask: 0
cursorOffsetY: 0.5
instSizeCafe: -1
instSizeNx: 75656
sortKey: 0
terrainTextures:
- !u 0xffffff54
traverseDist: 631.75927734375
