aabbMax:
  X: 1.768589973449707
  Y: 2.575239896774292
  Z: 7.817470073699951
aabbMin:
  X: -1.8897299766540527
  Y: -0.14974699914455414
  Z: -7.223859786987305
boundingForTraverse: 15.041330337524414
bugMask: 0
cursorOffsetY: 0.5
instSizeCafe: 51512
instSizeNx: -1
sortKey: 0
