aabbMax:
  X: 60.010799407958984
  Y: 0.0
  Z: 60.00400161743164
aabbMin:
  X: -70.0
  Y: 0.0
  Z: -70.0
boundingForTraverse: 91.92911529541016
bugMask: 0
cursorOffsetY: 0.5
instSizeCafe: 53816
instSizeNx: -1
sortKey: 0
traverseDist: 1000.0
