aabbMax:
  X: 51.944698333740234
  Y: 90.53820037841797
  Z: 46.100101470947266
aabbMin:
  X: -53.83000183105469
  Y: -4.982409954071045
  Z: -48.13570022583008
boundingForTraverse: 95.5206069946289
bugMask: 0
cursorOffsetY: 0.5
instSizeCafe: 30704
instSizeNx: -1
sortKey: 0
terrainTextures:
- !u 0xffffff15
traverseDist: 8000.0
