aabbMax:
  X: 70.55919647216797
  Y: 12.964099884033203
  Z: 42.68239974975586
aabbMin:
  X: -43.28120040893555
  Y: -192.81700134277344
  Z: -64.15360260009766
boundingForTraverse: 205.78109741210938
bugMask: 0
instSizeCafe: 49208
instSizeNx: -1
sortKey: -7
terrainTextures:
- !u 0xff373108
traverseDist: 656.120361328125
