aabbMax:
  X: 18.002099990844727
  Y: 43.80419921875
  Z: 15.606100082397461
aabbMin:
  X: -19.460100173950195
  Y: -0.6829800009727478
  Z: -16.609899520874023
boundingForTraverse: 44.487178802490234
bugMask: 0
instSizeCafe: 28760
instSizeNx: -1
sortKey: 0
terrainTextures:
- !u 0xffff1e12
traverseDist: 549.4093627929688
