aabbMax:
  X: 10.240599632263184
  Y: 91.5062026977539
  Z: 6.431980133056641
aabbMin:
  X: -10.229900360107422
  Y: -0.37918901443481445
  Z: -11.305299758911133
boundingForTraverse: 91.88539123535156
bugMask: 0
cursorOffsetY: 0.5
instSizeCafe: 62784
instSizeNx: -1
sortKey: 0
traverseDist: 527.0859985351562
