aabbMax:
  X: 1.6276700496673584
  Y: 2.205859899520874
  Z: 0.5583270192146301
aabbMin:
  X: -1.6513500213623047
  Y: -0.910631000995636
  Z: -0.4579949975013733
boundingForTraverse: 3.1164910793304443
bugMask: 0
cursorOffsetY: 0.5
instSizeCafe: 28272
instSizeNx: -1
sortKey: -2
