aabbMax:
  X: 27.579200744628906
  Y: 36.00749969482422
  Z: 26.659299850463867
aabbMin:
  X: -18.155799865722656
  Y: -0.3507100045681
  Z: -17.959999084472656
boundingForTraverse: 36.358211517333984
bugMask: 0
instSizeCafe: 40088
instSizeNx: -1
sortKey: 0
terrainTextures:
- !u 0xffff4d2a
traverseDist: 1000.0
