aabbMax:
  X: 2.1217000484466553
  Y: 3.5099000930786133
  Z: 4.739870071411133
aabbMin:
  X: -3.2283101081848145
  Y: -0.3485409915447235
  Z: -3.4896199703216553
boundingForTraverse: 3.858441114425659
bugMask: 0
cursorOffsetY: 0.5
instSizeCafe: 62436
instSizeNx: -1
sortKey: -6
