aabbMax:
  X: 41.74549865722656
  Y: 0.6982309818267822
  Z: 7.583020210266113
aabbMin:
  X: -42.594200134277344
  Y: -54.48680114746094
  Z: -30.114700317382812
boundingForTraverse: 55.18503189086914
bugMask: 0
instSizeCafe: 20996
instSizeNx: -1
sortKey: 0
traverseDist: 1000.0
