aabbMax:
  X: 14.778400421142578
  Y: 1.895359992980957
  Z: 11.896499633789062
aabbMin:
  X: -16.86440086364746
  Y: -9.426429748535156
  Z: -6.490699768066406
boundingForTraverse: 11.321789741516113
bugMask: 0
instSizeCafe: 17392
instSizeNx: -1
sortKey: 12
terrainTextures:
- !u 0xffffff33
traverseDist: 500.0
