aabbMax:
  X: 37.54710006713867
  Y: 35.26139831542969
  Z: 31.702800750732422
aabbMin:
  X: -33.599300384521484
  Y: -0.24029900133609772
  Z: -33.98109817504883
boundingForTraverse: 35.5016975402832
bugMask: 0
instSizeCafe: 28272
instSizeNx: -1
sortKey: 2
terrainTextures:
- !u 0xffff1d11
traverseDist: 596.8306884765625
