aabbMax:
  X: 23.040599822998047
  Y: 67.48519897460938
  Z: 30.354799270629883
aabbMin:
  X: -29.149099349975586
  Y: 0.9731339812278748
  Z: -71.35140228271484
boundingForTraverse: 66.5120620727539
bugMask: 0
cursorOffsetY: 0.5
instSizeCafe: 313488
instSizeNx: -1
sortKey: 2
terrainTextures:
- !u 0xffff3708
traverseDist: 614.3150024414062
