aabbMax:
  X: 37.172000885009766
  Y: 28.47719955444336
  Z: 131.29400634765625
aabbMin:
  X: -65.64430236816406
  Y: -21.82110023498535
  Z: -112.50299835205078
boundingForTraverse: 50.298301696777344
bugMask: 0
instSizeCafe: 30248
instSizeNx: -1
rigidBodyCenterY: 4.624380111694336
sortKey: 2
traverseDist: 764.590576171875
