aabbMax:
  X: 156.0749969482422
  Y: 7.249849796295166
  Z: 40.73099899291992
aabbMin:
  X: -177.27099609375
  Y: -321.37701416015625
  Z: -74.44309997558594
boundingForTraverse: 328.6268615722656
bugMask: 0
instSizeCafe: 19472
instSizeNx: -1
sortKey: 22
traverseDist: 852.6820678710938
