aabbMax:
  X: 4.552020072937012
  Y: 11.646400451660156
  Z: 4.236959934234619
aabbMin:
  X: -4.491199970245361
  Y: -0.8321599960327148
  Z: -4.156799793243408
boundingForTraverse: 12.478560447692871
bugMask: 0
cursorOffsetY: 0.5
instSizeCafe: -1
instSizeNx: 96160
sortKey: 0
traverseDist: 1500.0
