aabbMax:
  X: 2.010420083999634
  Y: 2.0
  Z: 2.0072898864746094
aabbMin:
  X: -2.0125200748443604
  Y: 0.0
  Z: -2.016540050506592
boundingForTraverse: 2.0
bugMask: 0
cursorOffsetY: 0.5
instSizeCafe: -1
instSizeNx: 75656
sortKey: 33
traverseDist: 400.0
