aabbMax:
  X: 1.378890037536621
  Y: 3.8269898891448975
  Z: 1.2235699892044067
aabbMin:
  X: -1.702049970626831
  Y: -0.37053999304771423
  Z: -1.7959699630737305
boundingForTraverse: 4.1975297927856445
bugMask: 0
cursorOffsetY: 0.5
instSizeCafe: 28760
instSizeNx: 96160
sortKey: -4
traverseDist: 200.0
