aabbMax:
  X: 55.969600677490234
  Y: 10.286999702453613
  Z: 42.67559814453125
aabbMin:
  X: -54.077999114990234
  Y: -163.14300537109375
  Z: -66.22429656982422
boundingForTraverse: 173.4300079345703
bugMask: 0
cursorOffsetY: 0.5
instSizeCafe: -1
instSizeNx: 120768
sortKey: -1
traverseDist: 654.8214111328125
