aabbMax:
  X: 26.492000579833984
  Y: 0.3119809925556183
  Z: 27.009199142456055
aabbMin:
  X: -23.206199645996094
  Y: -267.1050109863281
  Z: -22.400800704956055
boundingForTraverse: 267.4169921875
bugMask: 0
cursorOffsetY: 0.5
instSizeCafe: 43068
instSizeNx: -1
sortKey: 2
traverseDist: 570.0803833007812
