aabbMax:
  X: 137.3939971923828
  Y: 16.21929931640625
  Z: 4.033740043640137
aabbMin:
  X: -137.96400451660156
  Y: -7.288440227508545
  Z: -11.267999649047852
boundingForTraverse: 23.507740020751953
bugMask: 0
instSizeCafe: 124828
instSizeNx: -1
sortKey: 0
traverseDist: 1000.0
