aabbMax:
  X: 12.281700134277344
  Y: 18.63949966430664
  Z: 10.92490005493164
aabbMin:
  X: -11.323399543762207
  Y: -2.9110000133514404
  Z: -11.467300415039062
boundingForTraverse: 21.550498962402344
bugMask: 0
cursorOffsetY: 0.5
instSizeCafe: 40796
instSizeNx: -1
sortKey: 0
terrainTextures:
- !u 0xffff4608
traverseDist: 1000.0
