aabbMax:
  X: 5.439919948577881
  Y: 35.14149856567383
  Z: 4.872729778289795
aabbMin:
  X: -5.3089599609375
  Y: -0.007501999847590923
  Z: -6.28203010559082
boundingForTraverse: 35.14899826049805
bugMask: 0
cursorOffsetY: 0.5
instSizeCafe: 90736
instSizeNx: 231496
sortKey: 18
traverseDist: 400.0
