aabbMax:
  X: 123.20500183105469
  Y: 6.849999904632568
  Z: 85.40170288085938
aabbMin:
  X: -230.70899963378906
  Y: -331.760009765625
  Z: -58.277400970458984
boundingForTraverse: 338.6100158691406
bugMask: 0
cursorOffsetY: 0.5
instSizeCafe: 29908
instSizeNx: -1
sortKey: 0
terrainTextures:
- !u 0xff4c1f00
traverseDist: 881.967041015625
