aabbMax:
  X: 7.177060127258301
  Y: 2.1961100101470947
  Z: 13.251299858093262
aabbMin:
  X: -10.369099617004395
  Y: -17.793899536132812
  Z: -5.765419960021973
boundingForTraverse: 19.990009307861328
bugMask: 0
cursorOffsetY: 0.5
instSizeCafe: -1
instSizeNx: 75656
sortKey: -5
traverseDist: 525.874755859375
