aabbMax:
  X: 4.489999771118164
  Y: 4.166900157928467
  Z: 3.03767991065979
aabbMin:
  X: -4.393479824066162
  Y: -0.5288190245628357
  Z: -3.4662699699401855
boundingForTraverse: 4.695718765258789
bugMask: 0
cursorOffsetY: 0.5
instSizeCafe: 18548
instSizeNx: -1
sortKey: 0
terrainTextures:
- !u 0xffffff33
traverseDist: 100.0
