aabbMax:
  X: 58.23210144042969
  Y: 57.01919937133789
  Z: 44.549198150634766
aabbMin:
  X: -37.06779861450195
  Y: -6.880489826202393
  Z: -57.433101654052734
boundingForTraverse: 63.899688720703125
bugMask: 0
instSizeCafe: -1
instSizeNx: 120768
sortKey: 0
terrainTextures:
- !u 0xffffff47
traverseDist: 5000.0
