aabbMax:
  X: 30.309900283813477
  Y: 1.077370047569275
  Z: 14.428500175476074
aabbMin:
  X: -31.335599899291992
  Y: -20.55470085144043
  Z: -4.0721001625061035
boundingForTraverse: 21.632070541381836
bugMask: 0
instSizeCafe: 18292
instSizeNx: 75656
sortKey: 0
terrainTextures:
- !u 0xffffff03
traverseDist: 1000.0
