aabbMax:
  X: 12.09160041809082
  Y: 1.6100399494171143
  Z: 6.162089824676514
aabbMin:
  X: -1.1715600490570068
  Y: -11.183199882507324
  Z: -8.22262954711914
boundingForTraverse: 12.79323959350586
bugMask: 0
cursorOffsetY: 0.5
instSizeCafe: 18796
instSizeNx: -1
sortKey: 0
