aabbMax:
  X: 14.22130012512207
  Y: 1.9882500171661377
  Z: 6.724410057067871
aabbMin:
  X: 6.3282999992370605
  Y: -2.5284199714660645
  Z: -6.722370147705078
boundingForTraverse: 4.516670227050781
bugMask: 0
cursorOffsetY: 0.5
instSizeCafe: -1
instSizeNx: 120768
sortKey: 0
traverseDist: 515.5921630859375
