aabbMax:
  X: 5.5
  Y: 2.0
  Z: 5.5
aabbMin:
  X: -5.505390167236328
  Y: -10.0
  Z: -5.541709899902344
boundingForTraverse: 12.0
bugMask: 0
cursorOffsetY: 0.5
instSizeCafe: -1
instSizeNx: 96160
sortKey: 28
