aabbMax:
  X: 292.74798583984375
  Y: -59.86840057373047
  Z: 185.6020050048828
aabbMin:
  X: 62.590301513671875
  Y: -235.6479949951172
  Z: -65.11280059814453
boundingForTraverse: 175.77960205078125
bugMask: 0
cursorOffsetY: 0.5
instSizeCafe: 55964
instSizeNx: -1
sortKey: 0
traverseDist: 840.3387451171875
