aabbMax:
  X: 57.85929870605469
  Y: -13.810999870300293
  Z: 47.86989974975586
aabbMin:
  X: -49.85919952392578
  Y: -82.85060119628906
  Z: -71.87100219726562
boundingForTraverse: 69.03960418701172
bugMask: 0
cursorOffsetY: 0.5
instSizeCafe: 38580
instSizeNx: -1
sortKey: -10
terrainTextures:
- 487657472
- !u 0xffff4c1f
traverseDist: 1000.0
