aabbMax:
  X: 35.424198150634766
  Y: 1.2762000560760498
  Z: 67.90969848632812
aabbMin:
  X: -38.202999114990234
  Y: -70.37650299072266
  Z: -74.73829650878906
boundingForTraverse: 71.65270233154297
bugMask: 0
cursorOffsetY: 0.5
instSizeCafe: 30292
instSizeNx: -1
sortKey: 0
terrainTextures:
- !u 0xffffff44
traverseDist: 1300.0
