aabbMax:
  X: 33.7317008972168
  Y: 49.99679946899414
  Z: 7.404139995574951
aabbMin:
  X: -35.362998962402344
  Y: -50.78810119628906
  Z: -23.44610023498535
boundingForTraverse: 100.78489685058594
bugMask: 0
cursorOffsetY: 0.5
instSizeCafe: 17392
instSizeNx: -1
sortKey: -5
terrainTextures:
- !u 0xffffff37
traverseDist: 575.6691284179688
