aabbMax:
  X: 29.352100372314453
  Y: 6.687099933624268
  Z: -2.230449914932251
aabbMin:
  X: -29.316600799560547
  Y: -3.689650058746338
  Z: -32.88850021362305
boundingForTraverse: 10.376749992370605
bugMask: 0
cursorOffsetY: 0.5
instSizeCafe: 17136
instSizeNx: -1
sortKey: 0
terrainTextures:
- !u 0xff4d1d11
traverseDist: 1000.0
