aabbMax:
  X: 47.16170120239258
  Y: 34.29790115356445
  Z: 26.379100799560547
aabbMin:
  X: -48.445098876953125
  Y: -29.33449935913086
  Z: -18.30120086669922
boundingForTraverse: 63.63240051269531
bugMask: 0
cursorOffsetY: 0.5
instSizeCafe: 56568
instSizeNx: -1
sortKey: 0
terrainTextures:
- !u 0xffff4342
traverseDist: 605.5319213867188
