aabbMax:
  X: 9.206450462341309
  Y: 14.130800247192383
  Z: 9.012160301208496
aabbMin:
  X: -7.472529888153076
  Y: -2.095060110092163
  Z: -9.119330406188965
boundingForTraverse: 16.225860595703125
bugMask: 0
cursorOffsetY: 0.5
instSizeCafe: 27604
instSizeNx: -1
sortKey: 0
terrainTextures:
- !u 0xffff1d11
