aabbMax:
  X: 50.0
  Y: 69.51000213623047
  Z: -30.0
aabbMin:
  X: -45.0
  Y: 4.510000228881836
  Z: -96.92839813232422
boundingForTraverse: 65.0
bugMask: 0
cursorOffsetY: 0.5
instSizeCafe: 61024
instSizeNx: -1
sortKey: 0
traverseDist: 616.20849609375
