aabbMax:
  X: 45.354400634765625
  Y: 119.16100311279297
  Z: 90.48179626464844
aabbMin:
  X: -45.397300720214844
  Y: -118.1709976196289
  Z: -88.81379699707031
boundingForTraverse: 237.33200073242188
bugMask: 0
cursorOffsetY: 0.5
instSizeCafe: 30552
instSizeNx: 96160
sortKey: 4
traverseDist: 700.9547119140625
