aabbMax:
  X: 13.957799911499023
  Y: 0.2560499906539917
  Z: 12.1048002243042
aabbMin:
  X: -14.513099670410156
  Y: -14.972999572753906
  Z: -1.244070053100586
boundingForTraverse: 15.229049682617188
bugMask: 0
cursorOffsetY: 0.5
instSizeCafe: 18292
instSizeNx: -1
sortKey: 0
terrainTextures:
- !u 0xffffff54
traverseDist: 1500.0
