aabbMax:
  X: 50.19200134277344
  Y: 40.44540023803711
  Z: 93.61090087890625
aabbMin:
  X: -60.30039978027344
  Y: -147.0
  Z: -24.280799865722656
boundingForTraverse: 187.44540405273438
bugMask: 0
cursorOffsetY: 0.5
instSizeCafe: 58124
instSizeNx: 146064
sortKey: 14
terrainTextures:
- !u 0xffffff33
traverseDist: 661.57666015625
