aabbMax:
  X: 27.582599639892578
  Y: 7.197840213775635
  Z: 4.835820198059082
aabbMin:
  X: -22.621000289916992
  Y: -55.28559875488281
  Z: -10.212300300598145
boundingForTraverse: 62.48344039916992
bugMask: 0
cursorOffsetY: 0.5
instSizeCafe: 29144
instSizeNx: 96160
sortKey: 0
terrainTextures:
- 522064384
- !u 0xffffff4c
traverseDist: 1500.0
