aabbMax:
  X: 1.064560055732727
  Y: 0.20145200192928314
  Z: 0.3685159981250763
aabbMin:
  X: -1.4438400268554688
  Y: -0.5742080211639404
  Z: -0.4381459951400757
boundingForTraverse: 0.77565997838974
bugMask: 0
cursorOffsetY: 0.5
instSizeCafe: 18220
instSizeNx: -1
sortKey: -3
