aabbMax:
  X: 7.384640216827393
  Y: 3.906209945678711
  Z: 5.839529991149902
aabbMin:
  X: 1.687440037727356
  Y: -0.15626800060272217
  Z: 0.3918760120868683
boundingForTraverse: 4.062478065490723
bugMask: 0
cursorOffsetY: 0.5
instSizeCafe: 40472
instSizeNx: -1
sortKey: -7
traverseDist: 300.0
