aabbMax:
  X: 30.356000900268555
  Y: 0.0
  Z: 26.541000366210938
aabbMin:
  X: -30.356000900268555
  Y: 0.0
  Z: -26.541000366210938
boundingForTraverse: 40.322593688964844
bugMask: 2
cursorOffsetY: 0.5
instSizeCafe: -1
instSizeNx: 77320
sortKey: 0
