aabbMax:
  X: 182.031005859375
  Y: 78.77400207519531
  Z: 93.34860229492188
aabbMin:
  X: -163.10299682617188
  Y: -66.9832992553711
  Z: -109.17400360107422
boundingForTraverse: 145.75729370117188
bugMask: 0
cursorOffsetY: 0.5
instSizeCafe: -1
instSizeNx: 100256
sortKey: 0
traverseDist: 900.1660766601562
