aabbMax:
  X: 3.1654698848724365
  Y: 1.5355099439620972
  Z: 2.122299909591675
aabbMin:
  X: -2.798520088195801
  Y: -0.5571659803390503
  Z: -2.2518301010131836
boundingForTraverse: 2.0926759243011475
bugMask: 0
cursorOffsetY: 0.5
instSizeCafe: 29424
instSizeNx: -1
sortKey: 0
terrainTextures:
- !u 0xffffff54
traverseDist: 500.0
