aabbMax:
  X: 76.02909851074219
  Y: 94.98739624023438
  Z: 275.40899658203125
aabbMin:
  X: -75.9989013671875
  Y: 12.494099617004395
  Z: -325.3970031738281
boundingForTraverse: 82.49329376220703
bugMask: 0
cursorOffsetY: 0.5
instSizeCafe: 431972
instSizeNx: -1
sortKey: 0
traverseDist: 1119.7421875
