aabbMax:
  X: 0.775147020816803
  Y: 0.03851399943232536
  Z: 1.1111700534820557
aabbMin:
  X: -1.1507999897003174
  Y: -2.4661800861358643
  Z: -0.21298199892044067
boundingForTraverse: 2.5046939849853516
bugMask: 0
cursorOffsetY: 0.5
instSizeCafe: 17644
instSizeNx: -1
sortKey: -33
traverseDist: 100.0
