aabbMax:
  X: 3.7515599727630615
  Y: 2.0
  Z: 3.75
aabbMin:
  X: -3.7507801055908203
  Y: -2.0
  Z: -3.125
boundingForTraverse: 4.0
bugMask: 0
cursorOffsetY: 0.5
instSizeCafe: 28272
instSizeNx: -1
sortKey: 0
terrainTextures:
- !u 0xffffff0b
