aabbMax:
  X: 13.126500129699707
  Y: 0.7591069936752319
  Z: 58.029598236083984
aabbMin:
  X: -13.126500129699707
  Y: -108.27200317382812
  Z: -58.02239990234375
boundingForTraverse: 109.03111267089844
bugMask: 0
cursorOffsetY: 0.5
instSizeCafe: 117648
instSizeNx: -1
sortKey: 0
terrainTextures:
- !u 0xffffff0b
traverseDist: 2000.0
