aabbMax:
  X: 3.216710090637207
  Y: 59.68949890136719
  Z: 9.990480422973633
aabbMin:
  X: -20.535200119018555
  Y: -46.25749969482422
  Z: -14.21049976348877
boundingForTraverse: 105.9469985961914
bugMask: 0
cursorOffsetY: 0.5
instSizeCafe: 40344
instSizeNx: -1
sortKey: 0
traverseDist: 533.9093017578125
