aabbMax:
  X: 89.29090118408203
  Y: 62.50640106201172
  Z: 37.48109817504883
aabbMin:
  X: -83.21050262451172
  Y: -49.345699310302734
  Z: -41.19580078125
boundingForTraverse: 111.85209655761719
bugMask: 0
cursorOffsetY: 0.5
instSizeCafe: -1
instSizeNx: 96160
sortKey: 20
traverseDist: 689.5963745117188
