aabbMax:
  X: 2.986720085144043
  Y: 6.666920185089111
  Z: 5.504759788513184
aabbMin:
  X: -2.5736100673675537
  Y: -2.688849925994873
  Z: -5.504759788513184
boundingForTraverse: 9.355770111083984
bugMask: 0
cursorOffsetY: 0.5
instSizeCafe: -1
instSizeNx: 186384
sortKey: 2
traverseDist: 300.0
