aabbMax:
  X: 11.142000198364258
  Y: 0.20524099469184875
  Z: 2.51842999458313
aabbMin:
  X: -10.193499565124512
  Y: -0.9570450186729431
  Z: -4.153170108795166
boundingForTraverse: 1.1622860431671143
bugMask: 0
cursorOffsetY: 0.5
instSizeCafe: 27604
instSizeNx: -1
sortKey: 0
terrainTextures:
- !u 0xffffff4b
traverseDist: 800.0
