aabbMax:
  X: 92.96589660644531
  Y: 43.56679916381836
  Z: 39.500999450683594
aabbMin:
  X: -93.15679931640625
  Y: -43.00040054321289
  Z: -39.104801177978516
boundingForTraverse: 86.56719970703125
bugMask: 0
cursorOffsetY: 0.5
instSizeCafe: -1
instSizeNx: 75656
sortKey: 0
traverseDist: 1000.0
