aabbMax:
  X: 18.50589942932129
  Y: 0.6562960147857666
  Z: 10.419300079345703
aabbMin:
  X: -19.731800079345703
  Y: -176.25900268554688
  Z: -26.473499298095703
boundingForTraverse: 176.91529846191406
bugMask: 0
cursorOffsetY: 0.5
instSizeCafe: 20996
instSizeNx: -1
sortKey: 0
traverseDist: 1000.0
