aabbMax:
  X: 13.605500221252441
  Y: 21.296100616455078
  Z: 4.733059883117676
aabbMin:
  X: -13.88230037689209
  Y: -21.17889976501465
  Z: -5.129109859466553
boundingForTraverse: 42.474998474121094
bugMask: 0
cursorOffsetY: 0.5
instSizeCafe: 17780
instSizeNx: 75656
sortKey: 0
traverseDist: 6000.0
