aabbMax:
  X: 6.575510025024414
  Y: 15.262299537658691
  Z: 6.585879802703857
aabbMin:
  X: -6.575510025024414
  Y: 0.0
  Z: -6.585879802703857
boundingForTraverse: 15.262299537658691
bugMask: 0
cursorOffsetY: 0.5
instSizeCafe: -1
instSizeNx: 96160
sortKey: 12
terrainTextures:
- !u 0xffffff57
traverseDist: 500.0
