aabbMax:
  X: 3.0
  Y: 0.20000000298023224
  Z: 3.0
aabbMin:
  X: -3.0
  Y: -0.6000000238418579
  Z: -3.0
boundingForTraverse: 6.0
bugMask: 0
cursorOffsetY: 0.5
instSizeCafe: -1
instSizeNx: 120768
sortKey: 0
terrainTextures:
- !u 0xffff550e
