aabbMax:
  X: 36.130401611328125
  Y: 3.4343299865722656
  Z: 33.890098571777344
aabbMin:
  X: -40.02090072631836
  Y: -100.60199737548828
  Z: -28.496299743652344
boundingForTraverse: 104.03633117675781
bugMask: 0
cursorOffsetY: 0.5
instSizeCafe: 17492
instSizeNx: 75656
sortKey: 0
terrainTextures:
- !u 0xff331d11
traverseDist: 3000.0
