aabbMax:
  X: 38.34980010986328
  Y: 11.905099868774414
  Z: 43.1953010559082
aabbMin:
  X: -41.70589828491211
  Y: -11.256699562072754
  Z: -40.68730163574219
boundingForTraverse: 23.161800384521484
bugMask: 0
cursorOffsetY: 0.5
instSizeCafe: 17392
instSizeNx: -1
sortKey: 0
terrainTextures:
- 1279139584
traverseDist: 2000.0
