aabbMax:
  X: 2.7619500160217285
  Y: 15.011300086975098
  Z: 1.3077000379562378
aabbMin:
  X: -2.638930082321167
  Y: -0.009701999835669994
  Z: -1.3387800455093384
boundingForTraverse: 15.021001815795898
bugMask: 3
instSizeCafe: 56720
instSizeNx: -1
rigidBodyCenterY: 7.5
sortKey: -20
