aabbMax:
  X: 14.82289981842041
  Y: 0.15931099653244019
  Z: 13.390000343322754
aabbMin:
  X: -14.82289981842041
  Y: -1.8415000438690186
  Z: -13.390000343322754
boundingForTraverse: 2.0008111000061035
bugMask: 0
cursorOffsetY: 0.5
instSizeCafe: -1
instSizeNx: 75656
sortKey: -1
terrainTextures:
- !u 0xffff482a
traverseDist: 200.0
