aabbMax:
  X: 7.910339832305908
  Y: 10.100500106811523
  Z: 6.770289897918701
aabbMin:
  X: -7.772980213165283
  Y: -2.0099198818206787
  Z: -5.46120023727417
boundingForTraverse: 12.110420227050781
bugMask: 0
cursorOffsetY: 0.5
instSizeCafe: 29908
instSizeNx: -1
sortKey: -1
terrainTextures:
- !u 0xffff4608
traverseDist: 500.0
