aabbMax:
  X: 1.5126099586486816
  Y: 0.5237900018692017
  Z: 1.3258899450302124
aabbMin:
  X: -1.5126099586486816
  Y: -3.000000106112566e-06
  Z: -0.8110719919204712
boundingForTraverse: 0.5237929821014404
bugMask: 0
cursorOffsetY: 0.5
instSizeCafe: 20400
instSizeNx: -1
sortKey: -7
traverseDist: 300.0
