aabbMax:
  X: 52.120399475097656
  Y: 70.52010345458984
  Z: 87.43000030517578
aabbMin:
  X: -59.06840133666992
  Y: -13.05109977722168
  Z: -0.5479199886322021
boundingForTraverse: 83.57120513916016
bugMask: 0
cursorOffsetY: 0.5
instSizeCafe: -1
instSizeNx: 96160
sortKey: 0
terrainTextures:
- !u 0xffff4608
traverseDist: 641.7852783203125
