aabbMax:
  X: 0.8647429943084717
  Y: 3.6771700382232666
  Z: 0.8462560176849365
aabbMin:
  X: -0.9002569913864136
  Y: -0.02725199982523918
  Z: -0.8331760168075562
boundingForTraverse: 3.7044219970703125
bugMask: 0
cursorOffsetY: 0.5
instSizeCafe: 53424
instSizeNx: -1
rigidBodyCenterY: 1.4732099771499634
sortKey: -15
traverseDist: 200.0
