aabbMax:
  X: 203.58700561523438
  Y: 52.43939971923828
  Z: 81.38710021972656
aabbMin:
  X: -103.77200317382812
  Y: -72.82350158691406
  Z: -112.35299682617188
boundingForTraverse: 125.26290130615234
bugMask: 0
instSizeCafe: 29876
instSizeNx: -1
sortKey: 0
terrainTextures:
- !u 0xffffff37
traverseDist: 4000.0
