aabbMax:
  X: 56.96030044555664
  Y: 21.53969955444336
  Z: 46.61940002441406
aabbMin:
  X: -70.8584976196289
  Y: -32.100399017333984
  Z: -13.641400337219238
boundingForTraverse: 53.640098571777344
bugMask: 0
cursorOffsetY: 0.5
instSizeCafe: 18608
instSizeNx: -1
sortKey: 0
traverseDist: 1000.0
