aabbMax:
  X: 122.48300170898438
  Y: 163.81500244140625
  Z: 158.63900756835938
aabbMin:
  X: -138.66799926757812
  Y: -1.0917099714279175
  Z: -138.84100341796875
boundingForTraverse: 164.90670776367188
bugMask: 0
cursorOffsetY: 0.5
instSizeCafe: -1
instSizeNx: 100256
sortKey: 0
terrainTextures:
- !u 0xffff4608
traverseDist: 895.84619140625
