aabbMax:
  X: 13.049400329589844
  Y: 11.56149959564209
  Z: 11.756600379943848
aabbMin:
  X: -15.888400077819824
  Y: -1.0262000560760498
  Z: -9.401880264282227
boundingForTraverse: 12.587699890136719
bugMask: 0
cursorOffsetY: 0.5
instSizeCafe: 27604
instSizeNx: -1
sortKey: 4
terrainTextures:
- !u 0xffffff33
traverseDist: 300.0
