aabbMax:
  X: 0.4949580132961273
  Y: 1.0
  Z: 0.5
aabbMin:
  X: -0.5050420165061951
  Y: 0.0
  Z: -0.5
boundingForTraverse: 1.0
bugMask: 0
cursorOffsetY: 0.5
instSizeCafe: 17136
instSizeNx: -1
sortKey: 4
traverseDist: 200.0
