aabbMax:
  X: 22.694700241088867
  Y: 33.662899017333984
  Z: 23.75200080871582
aabbMin:
  X: -12.979900360107422
  Y: -1.1647499799728394
  Z: -14.031900405883789
boundingForTraverse: 34.8276481628418
bugMask: 1
instSizeCafe: -1
instSizeNx: 264072
locators:
- pos_x: 2.4783999919891357
  pos_y: 7.301499843597412
  pos_z: 0.7688000202178955
  rot_x: -85.23799896240234
  rot_y: -75.30999755859375
  rot_z: 5.215000152587891
  type: Trunk
- pos_x: -0.3889999985694885
  pos_y: 19.225000381469727
  pos_z: 0.800000011920929
  rot_x: 0.0
  rot_y: -50.0
  rot_z: 0.0
  type: Branch
- pos_x: 2.6500000953674316
  pos_y: 17.600000381469727
  pos_z: 3.9000000953674316
  rot_x: 0.0
  rot_y: 0.0
  rot_z: 0.0
  type: OnTree
sortKey: 4
traverseDist: 500.0
