aabbMax:
  X: 3.2357499599456787
  Y: 12.682600021362305
  Z: 8.216460227966309
aabbMin:
  X: -3.467740058898926
  Y: 1.2192000150680542
  Z: -5.053390026092529
boundingForTraverse: 11.463399887084961
bugMask: 0
cursorOffsetY: 0.5
instSizeCafe: 27608
instSizeNx: -1
sortKey: 0
