aabbMax:
  X: 28.324499130249023
  Y: 83.21479797363281
  Z: 25.553499221801758
aabbMin:
  X: -27.554800033569336
  Y: -1.1704000234603882
  Z: -26.339099884033203
boundingForTraverse: 84.38520050048828
bugMask: 0
cursorOffsetY: 0.5
instSizeCafe: 42524
instSizeNx: -1
sortKey: 0
terrainTextures:
- !u 0xffff4608
traverseDist: 576.2583618164062
