aabbMax:
  X: 1.9310799837112427
  Y: 21.440399169921875
  Z: 112.39099884033203
aabbMin:
  X: -57.89580154418945
  Y: -49.98929977416992
  Z: -112.40699768066406
boundingForTraverse: 71.42970275878906
bugMask: 0
instSizeCafe: 103376
instSizeNx: -1
sortKey: -4
traverseDist: 732.6228637695312
