aabbMax:
  X: 120.86000061035156
  Y: 15.708999633789062
  Z: 75.1865005493164
aabbMin:
  X: -56.883399963378906
  Y: -5.258520126342773
  Z: -129.52099609375
boundingForTraverse: 20.967519760131836
bugMask: 2
cursorOffsetY: 0.5
instSizeCafe: 21524
instSizeNx: 78376
sortKey: 0
traverseDist: 2000.0
