aabbMax:
  X: 0.3333980143070221
  Y: 0.11138699948787689
  Z: 0.28911900520324707
aabbMin:
  X: -11.11870002746582
  Y: -8.345450401306152
  Z: -8.250510215759277
boundingForTraverse: 8.45683765411377
bugMask: 0
cursorOffsetY: 0.5
instSizeCafe: 104912
instSizeNx: -1
sortKey: 0
traverseDist: 500.0
