aabbMax:
  X: 100.0
  Y: 0.0
  Z: 100.0
aabbMin:
  X: -100.0
  Y: 0.0
  Z: -100.0
boundingForTraverse: 141.42135620117188
bugMask: 2
instSizeCafe: 21380
instSizeNx: -1
sortKey: 19
traverseDist: 782.8427124023438
