aabbMax:
  X: 2.9774301052093506
  Y: 0.4629319906234741
  Z: 0.4033310115337372
aabbMin:
  X: -0.04631799831986427
  Y: -0.5963929891586304
  Z: -0.4033310115337372
boundingForTraverse: 3.0237479209899902
bugMask: 0
cursorOffsetY: 0.5
instSizeCafe: 28720
instSizeNx: -1
sortKey: -1
