aabbMax:
  X: 13.969400405883789
  Y: 19.39189910888672
  Z: 14.780599594116211
aabbMin:
  X: -9.572680473327637
  Y: -0.7706930041313171
  Z: -9.971139907836914
boundingForTraverse: 20.1625919342041
bugMask: 0
cursorOffsetY: 0.5
instSizeCafe: 52664
instSizeNx: -1
sortKey: 0
terrainTextures:
- !u 0xffffff47
traverseDist: 500.0
