aabbMax:
  X: 2.1207900047302246
  Y: 3.9589900970458984
  Z: 0.29751598834991455
aabbMin:
  X: -2.418560028076172
  Y: -0.10806699842214584
  Z: -0.3505220115184784
boundingForTraverse: 4.067057132720947
bugMask: 0
cursorOffsetY: 0.5
instSizeCafe: 40476
instSizeNx: -1
sortKey: -3
