aabbMax:
  X: 5.132919788360596
  Y: 4.317969799041748
  Z: 35.57389831542969
aabbMin:
  X: -5.129730224609375
  Y: -7.336639881134033
  Z: -35.58610153198242
boundingForTraverse: 11.654609680175781
bugMask: 0
cursorOffsetY: 0.5
instSizeCafe: 87116
instSizeNx: -1
sortKey: 4
terrainTextures:
- !u 0xffffff2c
traverseDist: 200.0
