aabbMax:
  X: 1.875
  Y: 20.25
  Z: 1.911810040473938
aabbMin:
  X: -1.875
  Y: -0.1303270012140274
  Z: -1.997249960899353
boundingForTraverse: 20.380327224731445
bugMask: 0
instSizeCafe: 28888
instSizeNx: 96160
sortKey: 0
traverseDist: 500.0
