aabbMax:
  X: 7.768700122833252
  Y: 18.38129997253418
  Z: 7.539229869842529
aabbMin:
  X: -7.768700122833252
  Y: 0.0
  Z: -7.540329933166504
boundingForTraverse: 18.38129997253418
bugMask: 0
cursorOffsetY: 0.5
instSizeCafe: 28760
instSizeNx: 96160
sortKey: 15
terrainTextures:
- !u 0xffffff57
traverseDist: 500.0
