aabbMax:
  X: 6.3630499839782715
  Y: 41.073699951171875
  Z: 34.62799835205078
aabbMin:
  X: -29.42300033569336
  Y: 0.0
  Z: -36.666099548339844
boundingForTraverse: 41.073699951171875
bugMask: 0
cursorOffsetY: 0.5
instSizeCafe: 44284
instSizeNx: -1
sortKey: 0
terrainTextures:
- !u 0xffffff47
traverseDist: 579.771484375
