aabbMax:
  X: 49.06760025024414
  Y: 0.5922849774360657
  Z: 25.342899322509766
aabbMin:
  X: -49.05459976196289
  Y: -74.34030151367188
  Z: -68.02110290527344
boundingForTraverse: 74.93258666992188
bugMask: 0
instSizeCafe: -1
instSizeNx: 75656
sortKey: 0
traverseDist: 3000.0
