aabbMax:
  X: 7.55072021484375
  Y: 0.7633630037307739
  Z: 36.192298889160156
aabbMin:
  X: -7.504360198974609
  Y: -21.5314998626709
  Z: -36.4838981628418
boundingForTraverse: 22.294862747192383
bugMask: 0
cursorOffsetY: 0.5
instSizeCafe: -1
instSizeNx: 96160
sortKey: 0
terrainTextures:
- !u 0xffff3a33
traverseDist: 1000.0
