aabbMax:
  X: 14.460100173950195
  Y: -3.5274999141693115
  Z: 56.881500244140625
aabbMin:
  X: -16.429800033569336
  Y: -49.93360137939453
  Z: -56.881500244140625
boundingForTraverse: 46.40610122680664
bugMask: 0
instSizeCafe: 71496
instSizeNx: 186384
sortKey: -3
traverseDist: 617.8822021484375
