aabbMax:
  X: 1.6706700325012207
  Y: 4.73045015335083
  Z: 0.4123939871788025
aabbMin:
  X: -1.5829800367355347
  Y: -0.34328600764274597
  Z: -0.4232479929924011
boundingForTraverse: 5.073736190795898
bugMask: 3
instSizeCafe: -1
instSizeNx: 139712
rigidBodyCenterY: 2.253779888153076
sortKey: 2
