aabbMax:
  X: 6.735400199890137
  Y: 2.12650990486145
  Z: 6.718299865722656
aabbMin:
  X: -6.71658992767334
  Y: -1.9126700162887573
  Z: -6.716509819030762
boundingForTraverse: 4.039179801940918
bugMask: 0
cursorOffsetY: 0.5
instSizeCafe: 18548
instSizeNx: 75656
sortKey: 0
traverseDist: 519.0118408203125
