aabbMax:
  X: 9.592690467834473
  Y: 5.256539821624756
  Z: 10.88640022277832
aabbMin:
  X: -11.612000465393066
  Y: -1.4737000465393066
  Z: -10.0625
boundingForTraverse: 6.7302398681640625
bugMask: 0
instSizeCafe: -1
instSizeNx: 120768
sortKey: -2
