aabbMax:
  X: 30.050600051879883
  Y: 38.77640151977539
  Z: 4.791989803314209
aabbMin:
  X: -28.923999786376953
  Y: -44.70989990234375
  Z: -18.362300872802734
boundingForTraverse: 83.48629760742188
bugMask: 0
instSizeCafe: 38040
instSizeNx: -1
sortKey: -9
terrainTextures:
- !u 0xffff3731
traverseDist: 563.3571166992188
