aabbMax:
  X: 32.59189987182617
  Y: 10.255599975585938
  Z: 32.009700775146484
aabbMin:
  X: -7.670420169830322
  Y: -1.3355000019073486
  Z: -8.664469718933105
boundingForTraverse: 11.591099739074707
bugMask: 0
cursorOffsetY: 0.5
instSizeCafe: -1
instSizeNx: 75656
sortKey: 0
terrainTextures:
- 1279139584
traverseDist: 1000.0
