aabbMax:
  X: 59.294700622558594
  Y: 5.79548978805542
  Z: 7.476749897003174
aabbMin:
  X: -38.4723014831543
  Y: -114.5009994506836
  Z: -68.8988037109375
boundingForTraverse: 120.2964859008789
bugMask: 0
cursorOffsetY: 0.5
instSizeCafe: 19476
instSizeNx: -1
sortKey: 29
traverseDist: 624.0629272460938
