aabbMax:
  X: 23.527000427246094
  Y: 0.10000000149011612
  Z: 24.408899307250977
aabbMin:
  X: -22.9778995513916
  Y: 0.10000000149011612
  Z: -8.156820297241211
boundingForTraverse: 28.386756896972656
bugMask: 0
cursorOffsetY: 0.5
instSizeCafe: -1
instSizeNx: 78168
sortKey: 0
traverseDist: 1000.0
