aabbMax:
  X: 14.999600410461426
  Y: 3.03983998298645
  Z: 8.034549713134766
aabbMin:
  X: -15.115799903869629
  Y: -3.152869939804077
  Z: -7.73760986328125
boundingForTraverse: 6.192709922790527
bugMask: 0
cursorOffsetY: 0.5
instSizeCafe: -1
instSizeNx: 116672
sortKey: 0
terrainTextures:
- !u 0xffff3008
traverseDist: 533.9955444335938
