aabbMax:
  X: 6.063270092010498
  Y: 4.969610214233398
  Z: 34.0885009765625
aabbMin:
  X: -12.256999969482422
  Y: -41.19219970703125
  Z: -7.248700141906738
boundingForTraverse: 46.16181182861328
bugMask: 0
cursorOffsetY: 0.5
instSizeCafe: 62516
instSizeNx: -1
rigidBodyCenterY: -6.339620113372803
sortKey: 0
terrainTextures:
- !u 0xffffff04
