aabbMax:
  X: 22.232900619506836
  Y: 30.7893009185791
  Z: 11.23390007019043
aabbMin:
  X: -13.09570026397705
  Y: -31.601699829101562
  Z: -12.621899604797363
boundingForTraverse: 62.39099884033203
bugMask: 0
instSizeCafe: -1
instSizeNx: 96160
sortKey: -9
terrainTextures:
- !u 0xffff3731
traverseDist: 542.6287231445312
