aabbMax:
  X: 90.32440185546875
  Y: 19.03820037841797
  Z: 247.59500122070312
aabbMin:
  X: -70.37870025634766
  Y: -151.35800170898438
  Z: 48.378501892089844
boundingForTraverse: 170.39620971679688
bugMask: 0
cursorOffsetY: 0.5
instSizeCafe: 42292
instSizeNx: -1
sortKey: 0
traverseDist: 4000.0
