aabbMax:
  X: 1.743280053138733
  Y: 1.619570016860962
  Z: 1.6589699983596802
aabbMin:
  X: -1.6669600009918213
  Y: -1.4449100494384766
  Z: -1.7060600519180298
boundingForTraverse: 3.0644800662994385
bugMask: 1
instSizeCafe: 34492
instSizeNx: 98024
rigidBodyCenterY: 0.00786800030618906
sortKey: -23
traverseDist: 150.0
