aabbMax:
  X: 4.20343017578125
  Y: 0.43480101227760315
  Z: 2.2482500076293945
aabbMin:
  X: -4.286180019378662
  Y: -0.17075000703334808
  Z: -2.1954400539398193
boundingForTraverse: 0.60555100440979
bugMask: 0
cursorOffsetY: 0.5
instSizeCafe: 42144
instSizeNx: -1
rigidBodyCenterY: 0.15000000596046448
sortKey: -11
