aabbMax:
  X: 0.7091259956359863
  Y: 0.7267709970474243
  Z: 0.7377269864082336
aabbMin:
  X: -0.7216910123825073
  Y: -0.10051000118255615
  Z: -0.7456079721450806
boundingForTraverse: 0.8272809982299805
bugMask: 2
cursorOffsetY: 0.5
instSizeCafe: 31276
instSizeNx: -1
rigidBodyCenterY: 0.1006539985537529
sortKey: 0
