aabbMax:
  X: 85.3583984375
  Y: 115.72100067138672
  Z: 84.36260223388672
aabbMin:
  X: -78.96589660644531
  Y: -99.85600280761719
  Z: -102.99299621582031
boundingForTraverse: 215.57699584960938
bugMask: 0
cursorOffsetY: 0.5
instSizeCafe: -1
instSizeNx: 96160
sortKey: 0
terrainTextures:
- !u 0xffffff15
traverseDist: 749.2079467773438
