aabbMax:
  X: 71.29609680175781
  Y: -3.7343499660491943
  Z: 21.714599609375
aabbMin:
  X: -69.84510040283203
  Y: -73.6084976196289
  Z: -8.764989852905273
boundingForTraverse: 69.8741455078125
bugMask: 0
instSizeCafe: 38580
instSizeNx: -1
sortKey: 0
terrainTextures:
- 286262016
- !u 0xff4c1f1d
traverseDist: 3000.0
