aabbMax:
  X: 2.136859893798828
  Y: 0.2635129988193512
  Z: 10.809800148010254
aabbMin:
  X: -14.071599960327148
  Y: -1.67221999168396
  Z: -10.918399810791016
boundingForTraverse: 1.9357329607009888
bugMask: 0
cursorOffsetY: 0.5
instSizeCafe: -1
instSizeNx: 116672
sortKey: -25
traverseDist: 400.0
