aabbMax:
  X: 2.3343799114227295
  Y: 0.02025499939918518
  Z: 1.8205000162124634
aabbMin:
  X: -2.2862000465393066
  Y: -0.6217100024223328
  Z: -2.3454198837280273
boundingForTraverse: 0.6419649720191956
bugMask: 0
cursorOffsetY: 0.5
instSizeCafe: 39644
instSizeNx: 116672
sortKey: 7
terrainTextures:
- !u 0xffffff47
traverseDist: 500.0
