aabbMax:
  X: 12.67710018157959
  Y: 23.87779998779297
  Z: 7.826449871063232
aabbMin:
  X: -12.67710018157959
  Y: 3.706470012664795
  Z: -7.913320064544678
boundingForTraverse: 20.171329498291016
bugMask: 0
cursorOffsetY: 0.5
instSizeCafe: 41496
instSizeNx: -1
sortKey: 0
