aabbMax:
  X: 3.7063100337982178
  Y: 0.3044719994068146
  Z: 0.9525989890098572
aabbMin:
  X: -3.4512898921966553
  Y: -1.051900029182434
  Z: -3.1573500633239746
boundingForTraverse: 1.3563719987869263
bugMask: 0
cursorOffsetY: 0.5
instSizeCafe: -1
instSizeNx: 96160
sortKey: -20
