aabbMax:
  X: 49.004798889160156
  Y: 0.5446320176124573
  Z: 25.11359977722168
aabbMin:
  X: -49.002899169921875
  Y: -74.16739654541016
  Z: -67.91190338134766
boundingForTraverse: 74.71202850341797
bugMask: 0
instSizeCafe: -1
instSizeNx: 96160
sortKey: -4
terrainTextures:
- !u 0xff1d1110
traverseDist: 635.1268310546875
