aabbMax:
  X: 132.04400634765625
  Y: 54.5099983215332
  Z: -40.0
aabbMin:
  X: 40.0
  Y: 0.010002000257372856
  Z: -97.02330017089844
boundingForTraverse: 54.499996185302734
bugMask: 0
cursorOffsetY: 0.5
instSizeCafe: 29912
instSizeNx: -1
sortKey: 0
traverseDist: 608.2763061523438
