aabbMax:
  X: 182.37399291992188
  Y: 79.13269805908203
  Z: 93.42449951171875
aabbMin:
  X: -162.7830047607422
  Y: -67.36289978027344
  Z: -109.20500183105469
boundingForTraverse: 146.49560546875
bugMask: 0
cursorOffsetY: 0.5
instSizeCafe: -1
instSizeNx: 96160
sortKey: 0
traverseDist: 8000.0
