aabbMax:
  X: 43.17369842529297
  Y: 4.845379829406738
  Z: 27.042999267578125
aabbMin:
  X: -42.78620147705078
  Y: -108.11499786376953
  Z: -12.564599990844727
boundingForTraverse: 112.96038055419922
bugMask: 0
cursorOffsetY: 0.5
instSizeCafe: 38040
instSizeNx: -1
sortKey: 1
terrainTextures:
- !u 0xff373108
traverseDist: 594.64599609375
