aabbMax:
  X: 62.17530059814453
  Y: 1.3676999807357788
  Z: 18.7810001373291
aabbMin:
  X: -50.089298248291016
  Y: -75.47229766845703
  Z: -27.270700454711914
boundingForTraverse: 76.83999633789062
bugMask: 0
cursorOffsetY: 0.5
instSizeCafe: 30576
instSizeNx: -1
sortKey: 0
terrainTextures:
- !u 0xff4c1f00
traverseDist: 621.3428955078125
