aabbMax:
  X: 6.046860218048096
  Y: -0.1071150004863739
  Z: 0.49965500831604004
aabbMin:
  X: -3.5646700859069824
  Y: -9.29207992553711
  Z: -11.133199691772461
boundingForTraverse: 9.184965133666992
bugMask: 0
cursorOffsetY: 0.5
instSizeCafe: -1
instSizeNx: 165880
sortKey: 0
traverseDist: 3000.0
