aabbMax:
  X: 91.74479675292969
  Y: 35.96179962158203
  Z: 28.044200897216797
aabbMin:
  X: -76.32749938964844
  Y: -73.0916976928711
  Z: -66.86109924316406
boundingForTraverse: 109.05349731445312
bugMask: 0
cursorOffsetY: 0.5
instSizeCafe: 52664
instSizeNx: -1
sortKey: 2
terrainTextures:
- !u 0xffffff47
traverseDist: 693.016357421875
