aabbMax:
  X: 0.8881360292434692
  Y: 0.48499399423599243
  Z: 1.184939980506897
aabbMin:
  X: -0.7917450070381165
  Y: -0.713612973690033
  Z: -0.779636025428772
boundingForTraverse: 1.1986069679260254
bugMask: 0
cursorOffsetY: 0.6000000238418579
instSizeCafe: -1
instSizeNx: 146088
sortKey: 10515
