aabbMax:
  X: 5.2317399978637695
  Y: 6.29911994934082
  Z: 13.956700325012207
aabbMin:
  X: -8.110770225524902
  Y: -1.5846400260925293
  Z: -11.439900398254395
boundingForTraverse: 7.88375997543335
bugMask: 0
cursorOffsetY: 0.5
instSizeCafe: 27608
instSizeNx: 96160
sortKey: 2
terrainTextures:
- !u 0xffff1d11
traverseDist: 300.0
