aabbMax:
  X: 0.9923650026321411
  Y: 4.0
  Z: 1.0413299798965454
aabbMin:
  X: -1.0308200120925903
  Y: 0.0
  Z: -1.0019999742507935
boundingForTraverse: 4.0
bugMask: 0
cursorOffsetY: 0.5
instSizeCafe: -1
instSizeNx: 75656
sortKey: 14
traverseDist: 400.0
