aabbMax:
  X: 19.954099655151367
  Y: 12.448200225830078
  Z: 16.500499725341797
aabbMin:
  X: -22.041099548339844
  Y: -0.79380202293396
  Z: -25.75830078125
boundingForTraverse: 13.2420015335083
bugMask: 0
instSizeCafe: 28016
instSizeNx: -1
sortKey: 0
terrainTextures:
- !u 0xff4c1f00
traverseDist: 1300.0
