aabbMax:
  X: 60.630699157714844
  Y: 143.0760040283203
  Z: 43.505001068115234
aabbMin:
  X: -58.65399932861328
  Y: -0.7945399880409241
  Z: -57.379798889160156
boundingForTraverse: 143.87054443359375
bugMask: 0
instSizeCafe: 55836
instSizeNx: -1
sortKey: 0
terrainTextures:
- !u 0xffff4342
traverseDist: 656.22607421875
