aabbMax:
  X: 39.35860061645508
  Y: 4.064949989318848
  Z: 34.51459884643555
aabbMin:
  X: -50.0984992980957
  Y: -115.18699645996094
  Z: -19.17460060119629
boundingForTraverse: 119.25194549560547
bugMask: 0
instSizeCafe: 18548
instSizeNx: -1
sortKey: 0
terrainTextures:
- !u 0xffffff3e
traverseDist: 2000.0
