aabbMax:
  X: 139.93299865722656
  Y: 14.15410041809082
  Z: 71.81909942626953
aabbMin:
  X: -192.39700317382812
  Y: -106.64900207519531
  Z: -23.72949981689453
boundingForTraverse: 120.8031005859375
bugMask: 0
instSizeCafe: 39740
instSizeNx: -1
sortKey: 0
terrainTextures:
- 487657472
- !u 0xffff4c1f
traverseDist: 5000.0
