aabbMax:
  X: 35.83430099487305
  Y: 1.2171900272369385
  Z: 67.90350341796875
aabbMin:
  X: -38.3671989440918
  Y: -70.20390319824219
  Z: -74.1636962890625
boundingForTraverse: 71.42109680175781
bugMask: 0
cursorOffsetY: 0.5
instSizeCafe: 32312
instSizeNx: 100256
sortKey: 0
terrainTextures:
- !u 0xffffff44
traverseDist: 660.2777099609375
