aabbMax:
  X: 68.24590301513672
  Y: 1.283750057220459
  Z: 5.301149845123291
aabbMin:
  X: -22.24970054626465
  Y: -54.87350082397461
  Z: -10.62090015411377
boundingForTraverse: 56.157249450683594
bugMask: 0
cursorOffsetY: 0.5
instSizeCafe: 39196
instSizeNx: 116672
sortKey: 0
terrainTextures:
- 522064384
- !u 0xffffff4c
traverseDist: 591.8856201171875
