aabbMax:
  X: 430.82000732421875
  Y: 631.5579833984375
  Z: 184.46499633789062
aabbMin:
  X: -448.7749938964844
  Y: -55.22050094604492
  Z: -556.6840209960938
boundingForTraverse: 686.7785034179688
bugMask: 0
cursorOffsetY: 0.5
instSizeCafe: 27352
instSizeNx: 96160
sortKey: -2
terrainTextures:
- !u 0xff4c1f00
traverseDist: 100000.0
