aabbMax:
  X: 8.912650108337402
  Y: 2.2177300453186035
  Z: 3.498569965362549
aabbMin:
  X: 4.225719928741455
  Y: -5.271810054779053
  Z: -3.498569965362549
boundingForTraverse: 7.489540100097656
bugMask: 0
instSizeCafe: 60260
instSizeNx: 165880
sortKey: -1
traverseDist: 1000.0
