aabbMax:
  X: 23.39620018005371
  Y: 29.858299255371094
  Z: 20.17970085144043
aabbMin:
  X: -24.299800872802734
  Y: -19.718399047851562
  Z: -4.99813985824585
boundingForTraverse: 49.576698303222656
bugMask: 0
cursorOffsetY: 0.5
instSizeCafe: 18796
instSizeNx: -1
sortKey: 0
terrainTextures:
- !u 0xffffff54
traverseDist: 1000.0
