aabbMax:
  X: 138.08799743652344
  Y: 50.56079864501953
  Z: 11.10159969329834
aabbMin:
  X: -2.1769800186157227
  Y: -0.5000190138816833
  Z: -132.02699279785156
boundingForTraverse: 51.06081771850586
bugMask: 0
cursorOffsetY: 0.5
instSizeCafe: 279540
instSizeNx: -1
sortKey: 0
terrainTextures:
- !u 0xffffff08
traverseDist: 700.3997802734375
