aabbMax:
  X: 61.54460144042969
  Y: 51.76240158081055
  Z: 40.694000244140625
aabbMin:
  X: -66.17880249023438
  Y: -49.03409957885742
  Z: -39.54410171508789
boundingForTraverse: 100.79650115966797
bugMask: 0
cursorOffsetY: 0.5
instSizeCafe: 30552
instSizeNx: 96160
sortKey: 18
traverseDist: 650.8357543945312
