aabbMax:
  X: 22.909500122070312
  Y: 0.23298700153827667
  Z: 14.641599655151367
aabbMin:
  X: -0.7165110111236572
  Y: -1.3142499923706055
  Z: -13.812399864196777
boundingForTraverse: 1.5472370386123657
bugMask: 0
cursorOffsetY: 0.5
instSizeCafe: 28272
instSizeNx: -1
sortKey: -26
traverseDist: 400.0
