aabbMax:
  X: 2.185149908065796
  Y: 85.31670379638672
  Z: 0.7673590183258057
aabbMin:
  X: -19.63789939880371
  Y: -11.256400108337402
  Z: -82.18350219726562
boundingForTraverse: 96.57310485839844
bugMask: 0
cursorOffsetY: 0.5
instSizeCafe: 176360
instSizeNx: -1
sortKey: 0
traverseDist: 1000.0
