aabbMax:
  X: 1.6233899593353271
  Y: 16.979700088500977
  Z: 1.5481799840927124
aabbMin:
  X: -1.529360055923462
  Y: -0.7434700131416321
  Z: -1.548609972000122
boundingForTraverse: 17.723169326782227
bugMask: 0
cursorOffsetY: 0.5
instSizeCafe: -1
instSizeNx: 186384
sortKey: -5
terrainTextures:
- !u 0xffffff08
traverseDist: 500.0
