aabbMax:
  X: 2.0325000286102295
  Y: 6.0
  Z: 2.0799200534820557
aabbMin:
  X: -2.0010600090026855
  Y: 0.0
  Z: -2.0438599586486816
boundingForTraverse: 6.0
bugMask: 0
cursorOffsetY: 0.5
instSizeCafe: 17140
instSizeNx: -1
sortKey: 35
traverseDist: 400.0
