aabbMax:
  X: 27.318700790405273
  Y: 35.387001037597656
  Z: 26.726600646972656
aabbMin:
  X: -17.437700271606445
  Y: -0.04472300037741661
  Z: -18.239299774169922
boundingForTraverse: 35.431724548339844
bugMask: 0
instSizeCafe: -1
instSizeNx: 165880
sortKey: 2
terrainTextures:
- !u 0xffff4d2a
traverseDist: 563.4434204101562
