aabbMax:
  X: 31.306100845336914
  Y: 18.162399291992188
  Z: 26.924299240112305
aabbMin:
  X: -33.164398193359375
  Y: -14.672699928283691
  Z: -2.528640031814575
boundingForTraverse: 32.83509826660156
bugMask: 0
cursorOffsetY: 0.5
instSizeCafe: 51968
instSizeNx: 145368
sortKey: -1
terrainTextures:
- !u 0xffffff2e
traverseDist: 300.0
