aabbMax:
  X: 2.2210800647735596
  Y: 2.544219970703125
  Z: 0.5994979739189148
aabbMin:
  X: -2.422950029373169
  Y: -0.8140509724617004
  Z: -0.34269601106643677
boundingForTraverse: 3.3582708835601807
bugMask: 0
cursorOffsetY: 0.5
instSizeCafe: 27604
instSizeNx: -1
sortKey: -2
