aabbMax:
  X: 144.97900390625
  Y: 6.333159923553467
  Z: 103.41699981689453
aabbMin:
  X: -86.51689910888672
  Y: -125.50499725341797
  Z: -98.5552978515625
boundingForTraverse: 131.83815002441406
bugMask: 0
cursorOffsetY: 0.5
instSizeCafe: -1
instSizeNx: 96160
sortKey: 0
traverseDist: 807.2183837890625
