aabbMax:
  X: 22.444700241088867
  Y: 8.022120475769043
  Z: 21.722000122070312
aabbMin:
  X: -22.80739974975586
  Y: -58.689300537109375
  Z: -22.318199157714844
boundingForTraverse: 66.71141815185547
bugMask: 0
cursorOffsetY: 0.5
instSizeCafe: 39092
instSizeNx: -1
sortKey: -2
terrainTextures:
- 487656448
- !u 0xffff4c1f
traverseDist: 563.14501953125
