aabbMax:
  X: 12.519599914550781
  Y: 23.73040008544922
  Z: 7.720449924468994
aabbMin:
  X: -12.519599914550781
  Y: 3.766860008239746
  Z: -7.720449924468994
boundingForTraverse: 19.963539123535156
bugMask: 0
cursorOffsetY: 0.5
instSizeCafe: -1
instSizeNx: 116672
sortKey: -8
traverseDist: 529.4174194335938
