aabbMax:
  X: 9.38578987121582
  Y: 0.4861629903316498
  Z: 15.345999717712402
aabbMin:
  X: -11.090700149536133
  Y: -1.076640009880066
  Z: -14.54520034790039
boundingForTraverse: 1.562803030014038
bugMask: 0
cursorOffsetY: 0.5
instSizeCafe: -1
instSizeNx: 75656
sortKey: -3
terrainTextures:
- !u 0xffffff2d
