aabbMax:
  X: 50.20840072631836
  Y: 29.114299774169922
  Z: 59.33919906616211
aabbMin:
  X: -47.56050109863281
  Y: -5.862249851226807
  Z: -36.62889862060547
boundingForTraverse: 34.9765510559082
bugMask: 0
instSizeCafe: 134752
instSizeNx: -1
sortKey: 9
terrainTextures:
- !u 0xffffff4e
traverseDist: 636.9986572265625
