aabbMax:
  X: 45.28459930419922
  Y: 0.2509309947490692
  Z: 22.10700035095215
aabbMin:
  X: -45.12459945678711
  Y: -210.63499450683594
  Z: -35.72610092163086
boundingForTraverse: 210.88592529296875
bugMask: 0
instSizeCafe: 20996
instSizeNx: -1
sortKey: 0
traverseDist: 1000.0
