aabbMax:
  X: 20.48539924621582
  Y: 1.0466599464416504
  Z: 29.510099411010742
aabbMin:
  X: -21.596599578857422
  Y: -205.83799743652344
  Z: -31.974700927734375
boundingForTraverse: 206.88465881347656
bugMask: 0
cursorOffsetY: 0.5
instSizeCafe: -1
instSizeNx: 75656
sortKey: 7
terrainTextures:
- !u 0xffffff33
traverseDist: 574.5068969726562
