aabbMax:
  X: 0.8872969746589661
  Y: 0.3366200029850006
  Z: 0.6847559809684753
aabbMin:
  X: -0.71110999584198
  Y: -32.895301818847656
  Z: -0.6342390179634094
boundingForTraverse: 33.2319221496582
bugMask: 0
cursorOffsetY: 0.5
instSizeCafe: -1
instSizeNx: 75656
sortKey: 0
traverseDist: 1000.0
