aabbMax:
  X: 41.47100067138672
  Y: 8.099390029907227
  Z: 34.00630187988281
aabbMin:
  X: -31.917499542236328
  Y: -6.863550186157227
  Z: -41.58089828491211
boundingForTraverse: 14.962940216064453
bugMask: 0
cursorOffsetY: 0.5
instSizeCafe: 42036
instSizeNx: -1
sortKey: 0
terrainTextures:
- 1277107200
traverseDist: 1000.0
