aabbMax:
  X: 4.780300140380859
  Y: 14.333399772644043
  Z: 0.016844000667333603
aabbMin:
  X: -2.459120035171509
  Y: 0.0
  Z: -1.8177900314331055
boundingForTraverse: 14.333399772644043
bugMask: 0
cursorOffsetY: 0.5
instSizeCafe: 18860
instSizeNx: -1
sortKey: 0
traverseDist: 300.0
