aabbMax:
  X: 136.3040008544922
  Y: 15.133099555969238
  Z: 69.78630065917969
aabbMin:
  X: -144.79100036621094
  Y: -199.23899841308594
  Z: -49.962100982666016
boundingForTraverse: 214.37210083007812
bugMask: 0
cursorOffsetY: 0.5
instSizeCafe: 63588
instSizeNx: -1
sortKey: -2
terrainTextures:
- !u 0xff373108
traverseDist: 805.5390014648438
