aabbMax:
  X: 10.147000312805176
  Y: 65.01010131835938
  Z: 1.8969500064849854
aabbMin:
  X: -10.147000312805176
  Y: 0.0
  Z: -1.895490050315857
boundingForTraverse: 65.01010131835938
bugMask: 0
cursorOffsetY: 0.5
instSizeCafe: 80708
instSizeNx: -1
sortKey: -2
traverseDist: 520.6453247070312
