aabbMax:
  X: 78.53810119628906
  Y: 94.35900115966797
  Z: 63.09040069580078
aabbMin:
  X: -80.22309875488281
  Y: -40.84299850463867
  Z: -49.78329849243164
boundingForTraverse: 135.20199584960938
bugMask: 0
cursorOffsetY: 0.5
instSizeCafe: 49208
instSizeNx: -1
sortKey: -20
terrainTextures:
- !u 0xff373108
traverseDist: 694.7962646484375
