aabbMax:
  X: 32.173500061035156
  Y: 64.38269805908203
  Z: 14.317999839782715
aabbMin:
  X: -32.35430145263672
  Y: -1.0016499757766724
  Z: -12.092900276184082
boundingForTraverse: 65.38434600830078
bugMask: 0
cursorOffsetY: 0.5
instSizeCafe: 175340
instSizeNx: -1
sortKey: 0
traverseDist: 569.7235717773438
