aabbMax:
  X: 35.44160079956055
  Y: 27.23900032043457
  Z: 21.02899932861328
aabbMin:
  X: -43.33549880981445
  Y: -25.979799270629883
  Z: -56.78770065307617
boundingForTraverse: 53.21879959106445
bugMask: 0
cursorOffsetY: 0.5
instSizeCafe: 27608
instSizeNx: 96160
sortKey: -2
terrainTextures:
- !u 0xffff1d11
traverseDist: 610.7305908203125
