aabbMax:
  X: 0.6827419996261597
  Y: 1.2269400358200073
  Z: 0.073014996945858
aabbMin:
  X: -0.7330999970436096
  Y: -1.2269400358200073
  Z: -0.17128600180149078
boundingForTraverse: 2.4538800716400146
bugMask: 0
cursorOffsetY: 0.5
instSizeCafe: 17136
instSizeNx: -1
sortKey: 0
terrainTextures:
- !u 0xffffff15
