aabbMax:
  X: 207.14100646972656
  Y: 47.20199966430664
  Z: 56.758201599121094
aabbMin:
  X: -207.12899780273438
  Y: -44.2244987487793
  Z: -52.39670181274414
boundingForTraverse: 91.42649841308594
bugMask: 0
cursorOffsetY: 0.5
instSizeCafe: -1
instSizeNx: 505920
sortKey: 0
terrainTextures:
- 487657472
- !u 0xffff4c1f
traverseDist: 928.4091796875
