aabbMax:
  X: 50.91189956665039
  Y: 45.64979934692383
  Z: 33.23509979248047
aabbMin:
  X: -39.825199127197266
  Y: -36.30440139770508
  Z: -18.100299835205078
boundingForTraverse: 81.9542007446289
bugMask: 0
instSizeCafe: 38044
instSizeNx: 116672
sortKey: 0
terrainTextures:
- !u 0xff373108
traverseDist: 5000.0
