aabbMax:
  X: 9.518610000610352
  Y: 12.860600471496582
  Z: 0.8003950119018555
aabbMin:
  X: -8.270529747009277
  Y: -1.723330020904541
  Z: -16.510900497436523
boundingForTraverse: 14.583930969238281
bugMask: 0
cursorOffsetY: 0.5
instSizeCafe: 50104
instSizeNx: -1
sortKey: 0
terrainTextures:
- !u 0xff4c1f00
traverseDist: 1000.0
