aabbMax:
  X: 0.23535199463367462
  Y: 0.014089999720454216
  Z: 10.164400100708008
aabbMin:
  X: -21.277000427246094
  Y: -5.806849956512451
  Z: -1.2884199619293213
boundingForTraverse: 5.820940017700195
bugMask: 0
cursorOffsetY: 0.5
instSizeCafe: -1
instSizeNx: 350128
sortKey: 0
traverseDist: 500.0
