aabbMax:
  X: 2.7998299598693848
  Y: 6.001180171966553
  Z: 6.979770183563232
aabbMin:
  X: -5.527929782867432
  Y: -0.5125659704208374
  Z: -7.537970066070557
boundingForTraverse: 6.5137457847595215
bugMask: 0
cursorOffsetY: 0.5
instSizeCafe: 98756
instSizeNx: -1
sortKey: 0
