aabbMax:
  X: 3.5169999599456787
  Y: 0.014627000316977501
  Z: 0.01065099984407425
aabbMin:
  X: -4.16726016998291
  Y: -35.32350158691406
  Z: -10.093899726867676
boundingForTraverse: 35.33812713623047
bugMask: 0
cursorOffsetY: 0.5
instSizeCafe: 38940
instSizeNx: 116672
sortKey: 0
traverseDist: 3000.0
