aabbMax:
  X: 5.521999835968018
  Y: 0.07120899856090546
  Z: 5.521999835968018
aabbMin:
  X: -5.521999835968018
  Y: -0.1305219978094101
  Z: -5.521999835968018
boundingForTraverse: 0.20173099637031555
bugMask: 0
cursorOffsetY: 0.5
instSizeCafe: 17644
instSizeNx: -1
sortKey: 0
traverseDist: 400.0
