aabbMax:
  X: 2.640000104904175
  Y: 3.5199999809265137
  Z: 0.2200009971857071
aabbMin:
  X: -2.640000104904175
  Y: 0.0
  Z: -0.2199999988079071
boundingForTraverse: 3.5199999809265137
bugMask: 2
cursorOffsetY: 0.5
instSizeCafe: 39792
instSizeNx: 119816
locators:
- pos_x: 2.0
  pos_y: 2.0
  pos_z: 0.0
  rot_x: 0.0
  rot_y: 0.0
  rot_z: 0.0
  type: MagnePos
sortKey: 22
traverseDist: 400.0
