aabbMax:
  X: 48.91130065917969
  Y: 74.27439880371094
  Z: 48.4640007019043
aabbMin:
  X: -48.32509994506836
  Y: -3.8887600898742676
  Z: -29.25429916381836
boundingForTraverse: 78.16316223144531
bugMask: 0
cursorOffsetY: 0.5
instSizeCafe: -1
instSizeNx: 75656
sortKey: 0
terrainTextures:
- !u 0xffffff3e
traverseDist: 4000.0
