aabbMax:
  X: -6.236680030822754
  Y: 29.254100799560547
  Z: -8.617549896240234
aabbMin:
  X: -68.38580322265625
  Y: -2.772779941558838
  Z: -71.80269622802734
boundingForTraverse: 32.02688217163086
bugMask: 0
instSizeCafe: 242148
instSizeNx: 592024
sortKey: -6
traverseDist: 400.0
