aabbMax:
  X: 89.64409637451172
  Y: 100.22799682617188
  Z: 52.92919921875
aabbMin:
  X: -87.46070098876953
  Y: -16.04520034790039
  Z: -1.2398799657821655
boundingForTraverse: 116.273193359375
bugMask: 0
cursorOffsetY: 0.5
instSizeCafe: 31736
instSizeNx: -1
sortKey: 0
terrainTextures:
- !u 0xffff4608
traverseDist: 685.2036743164062
