aabbMax:
  X: 5.824130058288574
  Y: 7.29817008972168
  Z: 7.517139911651611
aabbMin:
  X: -5.197249889373779
  Y: -6.307459831237793
  Z: -7.8549699783325195
boundingForTraverse: 13.605629920959473
bugMask: 0
cursorOffsetY: 0.5
instSizeCafe: -1
instSizeNx: 96160
sortKey: 16
traverseDist: 518.9148559570312
