aabbMax:
  X: 4.2565999031066895
  Y: 75.65650177001953
  Z: 7.014780044555664
aabbMin:
  X: -8.408949851989746
  Y: 67.63510131835938
  Z: -8.918129920959473
boundingForTraverse: 8.021400451660156
bugMask: 0
cursorOffsetY: 0.5
instSizeCafe: 17396
instSizeNx: 75656
sortKey: 0
terrainTextures:
- !u 0xffffff3e
