aabbMax:
  X: 2.0894100666046143
  Y: 3.9887399673461914
  Z: 0.282492995262146
aabbMin:
  X: -2.0004398822784424
  Y: -0.35097000002861023
  Z: -0.3651390075683594
boundingForTraverse: 4.339710235595703
bugMask: 1
cursorOffsetY: 0.5
instSizeCafe: -1
instSizeNx: 130272
rigidBodyCenterY: 2.184530019760132
sortKey: 26
traverseDist: 400.0
