aabbMax:
  X: 81.53990173339844
  Y: 50.75870132446289
  Z: 121.76399993896484
aabbMin:
  X: -1.0513800382614136
  Y: -0.6751329898834229
  Z: -0.16654199361801147
boundingForTraverse: 51.433834075927734
bugMask: 0
cursorOffsetY: 0.5
instSizeCafe: 17140
instSizeNx: -1
sortKey: 0
traverseDist: 1000.0
