aabbMax:
  X: 6.035709857940674
  Y: 4.807310104370117
  Z: 23.793399810791016
aabbMin:
  X: -1.2975800037384033
  Y: -1.6525700092315674
  Z: -27.48870086669922
boundingForTraverse: 51.282100677490234
bugMask: 0
cursorOffsetY: 0.5
instSizeCafe: 17136
instSizeNx: -1
sortKey: 0
