aabbMax:
  X: 15.107999801635742
  Y: 8.98058032989502
  Z: 13.643799781799316
aabbMin:
  X: -13.553600311279297
  Y: -2.440340042114258
  Z: -12.821900367736816
boundingForTraverse: 11.420920372009277
bugMask: 0
cursorOffsetY: 0.5
instSizeCafe: 41660
instSizeNx: -1
sortKey: 0
terrainTextures:
- !u 0xffff4608
traverseDist: 539.0117797851562
