aabbMax:
  X: 3.3303799629211426
  Y: 1.7977999448776245
  Z: 3.0663399696350098
aabbMin:
  X: -3.1297900676727295
  Y: -1.0632699728012085
  Z: -3.8483099937438965
boundingForTraverse: 2.861069917678833
bugMask: 0
cursorOffsetY: 0.5
instSizeCafe: 41240
instSizeNx: -1
sortKey: -3
