aabbMax:
  X: 4.562930107116699
  Y: 40.48820114135742
  Z: 4.589960098266602
aabbMin:
  X: -5.229519844055176
  Y: 23.646299362182617
  Z: -4.07243013381958
boundingForTraverse: 16.841901779174805
bugMask: 0
cursorOffsetY: 0.5
instSizeCafe: 27992
instSizeNx: -1
sortKey: 3
traverseDist: 500.0
