aabbMax:
  X: 112.54900360107422
  Y: 64.03130340576172
  Z: 91.02999877929688
aabbMin:
  X: -132.71200561523438
  Y: -3.276550054550171
  Z: 2.2626800537109375
boundingForTraverse: 67.30785369873047
bugMask: 0
instSizeCafe: 18548
instSizeNx: -1
sortKey: 0
terrainTextures:
- !u 0xffffff54
traverseDist: 4000.0
