aabbMax:
  X: 41.51459884643555
  Y: 31.99519920349121
  Z: 38.24449920654297
aabbMin:
  X: -42.33430099487305
  Y: -0.9130539894104004
  Z: -41.11410140991211
boundingForTraverse: 32.90825271606445
bugMask: 0
cursorOffsetY: 0.5
instSizeCafe: 38940
instSizeNx: -1
sortKey: 0
terrainTextures:
- 522064384
- !u 0xffffff4c
