aabbMax:
  X: 0.08622699975967407
  Y: 0.4020180106163025
  Z: 1.4468799829483032
aabbMin:
  X: -6.378970146179199
  Y: -6.034200191497803
  Z: -0.5120189785957336
boundingForTraverse: 6.436217784881592
bugMask: 0
cursorOffsetY: 0.5
instSizeCafe: 18796
instSizeNx: -1
sortKey: 0
