aabbMax:
  X: 0.5400000214576721
  Y: 5.154049873352051
  Z: 0.17905700206756592
aabbMin:
  X: -0.550000011920929
  Y: -0.031063999980688095
  Z: -0.32503199577331543
boundingForTraverse: 5.185113906860352
bugMask: 0
cursorOffsetY: 0.5
instSizeCafe: 27608
instSizeNx: 96160
sortKey: 16
traverseDist: 500.0
