aabbMax:
  X: 8.591959953308105
  Y: 7.9087700843811035
  Z: 10.326899528503418
aabbMin:
  X: -8.55346965789795
  Y: -0.12774400413036346
  Z: -8.801589965820312
boundingForTraverse: 8.036514282226562
bugMask: 0
cursorOffsetY: 0.5
instSizeCafe: 107732
instSizeNx: 260200
sortKey: -1
traverseDist: 800.0
