aabbMax:
  X: 21.319000244140625
  Y: -1.2093499898910522
  Z: 18.711299896240234
aabbMin:
  X: -20.912200927734375
  Y: -225.99899291992188
  Z: -19.332799911499023
boundingForTraverse: 224.78964233398438
bugMask: 0
cursorOffsetY: 0.5
instSizeCafe: 19436
instSizeNx: -1
sortKey: 0
traverseDist: 500.0
