aabbMax:
  X: 0.9077500104904175
  Y: 0.9320390224456787
  Z: 0.8138899803161621
aabbMin:
  X: -0.8153510093688965
  Y: -0.8753719925880432
  Z: -0.9169409871101379
boundingForTraverse: 1.8074109554290771
bugMask: 3
instSizeCafe: -1
instSizeNx: 97464
rigidBodyCenterY: 0.02987699955701828
sortKey: -24
