aabbMax:
  X: 202.4340057373047
  Y: 54.167198181152344
  Z: 81.38919830322266
aabbMin:
  X: -105.59300231933594
  Y: -71.62449645996094
  Z: -111.8949966430664
boundingForTraverse: 125.79169464111328
bugMask: 0
instSizeCafe: 30540
instSizeNx: -1
sortKey: -2
terrainTextures:
- !u 0xffffff37
traverseDist: 863.6473999023438
