aabbMax:
  X: 39.65739822387695
  Y: 11.702500343322754
  Z: 43.174198150634766
aabbMin:
  X: -42.551998138427734
  Y: -10.839599609375
  Z: -40.71419906616211
boundingForTraverse: 22.542098999023438
bugMask: 0
cursorOffsetY: 0.5
instSizeCafe: 17644
instSizeNx: -1
sortKey: 0
terrainTextures:
- !u 0xff4d1d11
traverseDist: 617.4548950195312
