aabbMax:
  X: 8.133279800415039
  Y: 3.5054800510406494
  Z: 35.043399810791016
aabbMin:
  X: -7.97422981262207
  Y: -20.493499755859375
  Z: -31.114200592041016
boundingForTraverse: 23.998979568481445
bugMask: 0
cursorOffsetY: 0.5
instSizeCafe: 49664
instSizeNx: -1
sortKey: 0
traverseDist: 568.0902099609375
