aabbMax:
  X: 12.34589958190918
  Y: 24.10569953918457
  Z: 24.729299545288086
aabbMin:
  X: -23.822900772094727
  Y: -2.412480115890503
  Z: -10.111200332641602
boundingForTraverse: 26.518178939819336
bugMask: 0
cursorOffsetY: 0.5
instSizeCafe: 85708
instSizeNx: 206896
sortKey: 0
