aabbMax:
  X: 30.453699111938477
  Y: 0.9245659708976746
  Z: 14.177300453186035
aabbMin:
  X: -30.229299545288086
  Y: -20.460800170898438
  Z: -3.9440300464630127
boundingForTraverse: 21.385366439819336
bugMask: 0
cursorOffsetY: 0.5
instSizeCafe: 18796
instSizeNx: -1
sortKey: 0
terrainTextures:
- !u 0xffffff54
traverseDist: 563.3309326171875
