aabbMax:
  X: 0.34782400727272034
  Y: 55.52840042114258
  Z: 106.74600219726562
aabbMin:
  X: -141.6219940185547
  Y: -96.34159851074219
  Z: -0.21532399952411652
boundingForTraverse: 151.8699951171875
bugMask: 0
cursorOffsetY: 0.5
instSizeCafe: 17136
instSizeNx: -1
sortKey: 0
