aabbMax:
  X: 21.465299606323242
  Y: 100.0250015258789
  Z: 43.60409927368164
aabbMin:
  X: -21.03700065612793
  Y: -0.16350600123405457
  Z: -5.28754997253418
boundingForTraverse: 100.18850708007812
bugMask: 0
instSizeCafe: -1
instSizeNx: 75656
sortKey: 0
