aabbMax:
  X: 3.8404200077056885
  Y: 4.625160217285156
  Z: 0.6509400010108948
aabbMin:
  X: -3.928989887237549
  Y: -0.245061993598938
  Z: -3.848220109939575
boundingForTraverse: 4.870222091674805
bugMask: 0
cursorOffsetY: 0.5
instSizeCafe: 39704
instSizeNx: -1
sortKey: 0
