aabbMax:
  X: 4.007810115814209
  Y: 3.1914100646972656
  Z: 0.46289101243019104
aabbMin:
  X: -4.009769916534424
  Y: -1.0136699676513672
  Z: -0.3559570014476776
boundingForTraverse: 4.205080032348633
bugMask: 1
cursorOffsetY: 0.5
instSizeCafe: 44308
instSizeNx: -1
sortKey: -9
traverseDist: 1000.0
