aabbMax:
  X: 17.528900146484375
  Y: 0.13975399732589722
  Z: 9.722829818725586
aabbMin:
  X: -16.943700790405273
  Y: -11.849599838256836
  Z: -0.38433200120925903
boundingForTraverse: 11.989354133605957
bugMask: 0
instSizeCafe: 18292
instSizeNx: -1
sortKey: 0
terrainTextures:
- !u 0xffffff03
traverseDist: 1000.0
