aabbMax:
  X: 0.8469489812850952
  Y: -4.129489898681641
  Z: 33.60559844970703
aabbMin:
  X: -2.5413999557495117
  Y: -13.10099983215332
  Z: -26.691099166870117
boundingForTraverse: 8.97150993347168
bugMask: 2
cursorOffsetY: 0.5
instSizeCafe: 29068
instSizeNx: 98000
sortKey: -2
traverseDist: 500.0
