aabbMax:
  X: 36.025699615478516
  Y: 32.7672004699707
  Z: 21.58300018310547
aabbMin:
  X: -31.6289005279541
  Y: -0.416034996509552
  Z: -21.069700241088867
boundingForTraverse: 33.18323516845703
bugMask: 0
instSizeCafe: -1
instSizeNx: 96160
sortKey: 0
terrainTextures:
- !u 0xffffff15
traverseDist: 579.9774780273438
