aabbMax:
  X: 18.64109992980957
  Y: 0.10000599920749664
  Z: 8.130080223083496
aabbMin:
  X: -18.64109992980957
  Y: -70.0647964477539
  Z: -31.072099685668945
boundingForTraverse: 70.16480255126953
bugMask: 0
instSizeCafe: 21272
instSizeNx: -1
sortKey: -24
traverseDist: 554.0996704101562
