aabbMax:
  X: 8.557120323181152
  Y: 8.741450309753418
  Z: 6.022190093994141
aabbMin:
  X: -8.535289764404297
  Y: -0.6718500256538391
  Z: -13.759900093078613
boundingForTraverse: 9.413301467895508
bugMask: 3
cursorOffsetY: 0.5
instSizeCafe: 227516
instSizeNx: -1
rigidBodyCenterY: 4.350780010223389
sortKey: 10
terrainTextures:
- !u 0xffffff22
traverseDist: 300.0
