aabbMax:
  X: 40.33449935913086
  Y: 56.86880111694336
  Z: -3.074709892272949
aabbMin:
  X: -42.529300689697266
  Y: -6.183050155639648
  Z: -106.02200317382812
boundingForTraverse: 63.051849365234375
bugMask: 0
cursorOffsetY: 0.5
instSizeCafe: -1
instSizeNx: 75656
sortKey: 0
terrainTextures:
- !u 0xffffff54
traverseDist: 3000.0
