aabbMax:
  X: 72.85279846191406
  Y: 88.67120361328125
  Z: 65.97589874267578
aabbMin:
  X: -69.97049713134766
  Y: -4.0160698890686035
  Z: -114.04900360107422
boundingForTraverse: 92.68727111816406
bugMask: 0
instSizeCafe: -1
instSizeNx: 219184
sortKey: 0
terrainTextures:
- !u 0xffff1d11
traverseDist: 2000.0
