aabbMax:
  X: 151.34100341796875
  Y: 2.60971999168396
  Z: 225.82400512695312
aabbMin:
  X: -155.8699951171875
  Y: -80.24369812011719
  Z: -56.982398986816406
boundingForTraverse: 82.8534164428711
bugMask: 0
cursorOffsetY: 0.5
instSizeCafe: 52920
instSizeNx: -1
sortKey: 0
terrainTextures:
- !u 0xffffff47
traverseDist: 917.56201171875
