aabbMax:
  X: 3.8206400871276855
  Y: 0.3000029921531677
  Z: 8.84552001953125
aabbMin:
  X: -3.2002599239349365
  Y: -31.32349967956543
  Z: -8.891819953918457
boundingForTraverse: 31.623502731323242
bugMask: 0
cursorOffsetY: 0.5
instSizeCafe: 69956
instSizeNx: -1
sortKey: 0
traverseDist: 519.0763549804688
