aabbMax:
  X: 21.08209991455078
  Y: 112.36799621582031
  Z: 37.82870101928711
aabbMin:
  X: -47.23320007324219
  Y: 39.22529983520508
  Z: -19.490100860595703
boundingForTraverse: 73.1427001953125
bugMask: 0
cursorOffsetY: 0.5
instSizeCafe: 41084
instSizeNx: 124864
sortKey: -1
terrainTextures:
- 487657472
- !u 0xffff4c1f
traverseDist: 400.0
