aabbMax:
  X: 4.946559906005859
  Y: 0.4430280029773712
  Z: 3.545180082321167
aabbMin:
  X: -5.11775016784668
  Y: -10.229900360107422
  Z: -2.738600015640259
boundingForTraverse: 10.672928810119629
bugMask: 0
cursorOffsetY: 0.5
instSizeCafe: 29912
instSizeNx: 96160
sortKey: 0
terrainTextures:
- !u 0xffff4608
traverseDist: 500.0
