aabbMax:
  X: 0.32227200269699097
  Y: 0.0886320024728775
  Z: 0.44871199131011963
aabbMin:
  X: -0.24557000398635864
  Y: -7.860330104827881
  Z: -0.478302001953125
boundingForTraverse: 7.948962211608887
bugMask: 2
instSizeCafe: 47876
instSizeNx: 132944
rigidBodyCenterY: -4.0
sortKey: 12
