aabbMax:
  X: 49.851200103759766
  Y: 39.502498626708984
  Z: 40.826698303222656
aabbMin:
  X: -45.33000183105469
  Y: -1.257349967956543
  Z: -46.127601623535156
boundingForTraverse: 40.759849548339844
bugMask: 0
instSizeCafe: 18544
instSizeNx: -1
sortKey: 0
traverseDist: 3000.0
