aabbMax:
  X: 9.213689804077148
  Y: 12.879899978637695
  Z: 0.6601060032844543
aabbMin:
  X: -8.686039924621582
  Y: -1.6695899963378906
  Z: -16.317899703979492
boundingForTraverse: 14.549489974975586
bugMask: 0
cursorOffsetY: 0.5
instSizeCafe: 49664
instSizeNx: -1
sortKey: 0
terrainTextures:
- !u 0xff4c1f00
traverseDist: 524.6708984375
