aabbMax:
  X: 12.268400192260742
  Y: 0.40512099862098694
  Z: 6.685949802398682
aabbMin:
  X: -11.601200103759766
  Y: -41.539398193359375
  Z: -8.065730094909668
boundingForTraverse: 41.94451904296875
bugMask: 0
instSizeCafe: 42176
instSizeNx: -1
sortKey: 14
terrainTextures:
- !u 0xffffff33
traverseDist: 528.0601196289062
