aabbMax:
  X: 204.5749969482422
  Y: 116.31800079345703
  Z: 90.47669982910156
aabbMin:
  X: -162.82699584960938
  Y: -113.66300201416016
  Z: -120.40799713134766
boundingForTraverse: 229.9810028076172
bugMask: 0
instSizeCafe: 38044
instSizeNx: 116672
sortKey: 0
terrainTextures:
- 487657472
- !u 0xffff4c1f
traverseDist: 6000.0
