aabbMax:
  X: 3.135119915008545
  Y: 1.4857399463653564
  Z: 2.0529398918151855
aabbMin:
  X: -2.8075599670410156
  Y: -0.48590999841690063
  Z: -2.2468199729919434
boundingForTraverse: 1.9716500043869019
bugMask: 0
instSizeCafe: -1
instSizeNx: 75656
sortKey: 0
terrainTextures:
- !u 0xffffff15
traverseDist: 100.0
