aabbMax:
  X: 41.65599822998047
  Y: 16.03689956665039
  Z: 42.457801818847656
aabbMin:
  X: -44.48740005493164
  Y: -117.37899780273438
  Z: -44.462799072265625
boundingForTraverse: 133.4158935546875
bugMask: 0
cursorOffsetY: 0.5
instSizeCafe: 49720
instSizeNx: -1
sortKey: 0
terrainTextures:
- 487656448
- !u 0xffff4c1f
traverseDist: 622.3759765625
