aabbMax:
  X: 47.04970169067383
  Y: 61.47760009765625
  Z: 31.782499313354492
aabbMin:
  X: -41.77730178833008
  Y: -24.33209991455078
  Z: -32.168399810791016
boundingForTraverse: 85.80970001220703
bugMask: 0
instSizeCafe: -1
instSizeNx: 96160
sortKey: -14
traverseDist: 609.4530029296875
