aabbMax:
  X: 12.708600044250488
  Y: 15.812199592590332
  Z: 1.4064699411392212
aabbMin:
  X: -8.546990394592285
  Y: -0.8919900059700012
  Z: -2.7060799598693848
boundingForTraverse: 16.70418930053711
bugMask: 0
cursorOffsetY: 0.5
instSizeCafe: 17136
instSizeNx: -1
sortKey: 0
