aabbMax:
  X: -12.569000244140625
  Y: 12.043000221252441
  Z: 124.56300354003906
aabbMin:
  X: -56.22460174560547
  Y: -17.908300399780273
  Z: 44.743499755859375
boundingForTraverse: 29.95130157470703
bugMask: 0
instSizeCafe: 122364
instSizeNx: 309408
sortKey: -9
terrainTextures:
- !u 0xffffff1c
traverseDist: 590.9778442382812
