aabbMax:
  X: 10.395999908447266
  Y: 19.438899993896484
  Z: 12.142000198364258
aabbMin:
  X: -16.20989990234375
  Y: -0.9688500165939331
  Z: -9.000439643859863
boundingForTraverse: 20.40774917602539
bugMask: 0
cursorOffsetY: 0.5
instSizeCafe: -1
instSizeNx: 309400
sortKey: 0
traverseDist: 533.9834594726562
