aabbMax:
  X: 2.4852499961853027
  Y: 28.38759994506836
  Z: 18.991100311279297
aabbMin:
  X: -2.593280076980591
  Y: -6.000000212225132e-06
  Z: -9.081210136413574
boundingForTraverse: 28.387605667114258
bugMask: 0
cursorOffsetY: 0.5
instSizeCafe: 75076
instSizeNx: -1
sortKey: 0
traverseDist: 528.5280151367188
