aabbMax:
  X: 62.751800537109375
  Y: 54.979801177978516
  Z: 59.38399887084961
aabbMin:
  X: -47.646400451660156
  Y: -6.022799968719482
  Z: -47.90829849243164
boundingForTraverse: 61.002601623535156
bugMask: 0
instSizeCafe: 27608
instSizeNx: 96160
sortKey: 0
terrainTextures:
- !u 0xff373108
traverseDist: 8000.0
