aabbMax:
  X: 2.200000047683716
  Y: 5.405029773712158
  Z: 2.200000047683716
aabbMin:
  X: -2.200000047683716
  Y: -0.1720300018787384
  Z: -2.200000047683716
boundingForTraverse: 5.577060222625732
bugMask: 0
cursorOffsetY: 0.5
instSizeCafe: 63328
instSizeNx: -1
sortKey: -10
traverseDist: 506.2225341796875
