aabbMax:
  X: 30.25320053100586
  Y: 1.2627899646759033
  Z: 47.1150016784668
aabbMin:
  X: -40.712100982666016
  Y: -76.98290252685547
  Z: -32.38859939575195
boundingForTraverse: 78.24568939208984
bugMask: 0
cursorOffsetY: 0.5
instSizeCafe: 54844
instSizeNx: -1
sortKey: 2
terrainTextures:
- !u 0xffffff47
traverseDist: 606.5687255859375
