aabbMax:
  X: 57.59299850463867
  Y: 58.03179931640625
  Z: 44.046600341796875
aabbMin:
  X: -35.73469924926758
  Y: -7.041900157928467
  Z: -57.7056999206543
boundingForTraverse: 65.07369995117188
bugMask: 0
instSizeCafe: 55068
instSizeNx: -1
sortKey: 2
terrainTextures:
- !u 0xffffff47
traverseDist: 638.0709228515625
