aabbMax:
  X: 31.24959945678711
  Y: 31.061899185180664
  Z: 43.4833984375
aabbMin:
  X: -29.468399047851562
  Y: -4.923709869384766
  Z: -30.802099227905273
boundingForTraverse: 35.98561096191406
bugMask: 0
cursorOffsetY: 0.5
instSizeCafe: 37784
instSizeNx: -1
sortKey: 0
terrainTextures:
- !u 0xffff4608
