aabbMax:
  X: 6.0331501960754395
  Y: 23.96579933166504
  Z: 7.8254499435424805
aabbMin:
  X: -10.306699752807617
  Y: -3.6132900714874268
  Z: -6.823209762573242
boundingForTraverse: 27.579090118408203
bugMask: 0
instSizeCafe: -1
instSizeNx: 145368
sortKey: 2
terrainTextures:
- !u 0xffff4d2a
traverseDist: 521.9447631835938
