aabbMax:
  X: 22.320999145507812
  Y: 0.9382929801940918
  Z: 14.641599655151367
aabbMin:
  X: 9.993860244750977
  Y: -1.1002700328826904
  Z: -13.436800003051758
boundingForTraverse: 2.0385630130767822
bugMask: 0
cursorOffsetY: 0.5
instSizeCafe: -1
instSizeNx: 116672
sortKey: 1
traverseDist: 400.0
