aabbMax:
  X: 1.1286499500274658
  Y: 1.4524099826812744
  Z: 1.0662100315093994
aabbMin:
  X: -1.1260700225830078
  Y: -1.5702300071716309
  Z: -1.0780600309371948
boundingForTraverse: 3.0226399898529053
bugMask: 3
cursorOffsetY: 0.5
instSizeCafe: -1
instSizeNx: 114248
sortKey: -31
traverseDist: 200.0
