aabbMax:
  X: 37.95180130004883
  Y: 36.10219955444336
  Z: 32.580501556396484
aabbMin:
  X: -34.92179870605469
  Y: 0.0
  Z: -36.20819854736328
boundingForTraverse: 36.10219955444336
bugMask: 0
instSizeCafe: 57272
instSizeNx: -1
sortKey: 2
terrainTextures:
- 521998592
- !u 0xffffff4c
traverseDist: 600.2120361328125
