aabbMax:
  X: 27.12070083618164
  Y: 1.0438400506973267
  Z: 4.875189781188965
aabbMin:
  X: -22.24970054626465
  Y: -55.192100524902344
  Z: -10.184000015258789
boundingForTraverse: 56.235939025878906
bugMask: 0
instSizeCafe: -1
instSizeNx: 120768
sortKey: 0
terrainTextures:
- 522064384
- !u 0xffffff4c
traverseDist: 551.6160278320312
