aabbMax:
  X: 20.933700561523438
  Y: 100.12100219726562
  Z: 43.59400177001953
aabbMin:
  X: -21.29949951171875
  Y: 0.0005419999943114817
  Z: -5.0926899909973145
boundingForTraverse: 100.1204605102539
bugMask: 0
instSizeCafe: -1
instSizeNx: 286440
rigidBodyCenterY: 45.30509948730469
sortKey: 2
terrainTextures:
- !u 0xffffff46
traverseDist: 564.4518432617188
