aabbMax:
  X: 17.109899520874023
  Y: 17.20639991760254
  Z: 16.52720069885254
aabbMin:
  X: -14.242300033569336
  Y: -4.94242000579834
  Z: -19.641000747680664
boundingForTraverse: 22.148818969726562
bugMask: 0
cursorOffsetY: 0.5
instSizeCafe: 28760
instSizeNx: -1
sortKey: 0
terrainTextures:
- !u 0xffffff54
traverseDist: 1000.0
