aabbMax:
  X: 10.355500221252441
  Y: 14.99899959564209
  Z: 1.9300800561904907
aabbMin:
  X: -10.269599914550781
  Y: -0.12000100314617157
  Z: -2.4461700916290283
boundingForTraverse: 15.119000434875488
bugMask: 0
cursorOffsetY: 0.5
instSizeCafe: -1
instSizeNx: 120768
sortKey: 0
traverseDist: 521.0842895507812
