aabbMax:
  X: 146.95799255371094
  Y: 56.281700134277344
  Z: 166.12600708007812
aabbMin:
  X: -120.68099975585938
  Y: -180.8249969482422
  Z: -108.93599700927734
boundingForTraverse: 237.106689453125
bugMask: 0
cursorOffsetY: 0.5
instSizeCafe: 41372
instSizeNx: 120768
sortKey: 0
terrainTextures:
- !u 0xffffff47
traverseDist: 1500.0
