aabbMax:
  X: 43.25519943237305
  Y: 14.468700408935547
  Z: 27.278600692749023
aabbMin:
  X: -39.77470016479492
  Y: -18.141599655151367
  Z: -29.86709976196289
boundingForTraverse: 32.61029815673828
bugMask: 0
cursorOffsetY: 0.5
instSizeCafe: 41112
instSizeNx: -1
sortKey: 0
terrainTextures:
- !u 0xffff4608
traverseDist: 5000.0
