aabbMax:
  X: 130.0
  Y: -35.08689880371094
  Z: 95.0
aabbMin:
  X: -130.0
  Y: -40.09000015258789
  Z: -95.0
boundingForTraverse: 5.003100872039795
bugMask: 0
cursorOffsetY: 0.5
instSizeCafe: -1
instSizeNx: 96160
sortKey: 0
