aabbMax:
  X: 4.855860233306885
  Y: 95.01210021972656
  Z: 2.845590114593506
aabbMin:
  X: -4.855860233306885
  Y: 84.72229766845703
  Z: -5.565010070800781
boundingForTraverse: 10.289802551269531
bugMask: 3
instSizeCafe: -1
instSizeNx: 140312
rigidBodyCenterY: 4.015349864959717
sortKey: -7
traverseDist: 500.0
