aabbMax:
  X: 72.34709930419922
  Y: 0.011401999741792679
  Z: 5.654510021209717
aabbMin:
  X: -72.34709930419922
  Y: -35.53030014038086
  Z: -35.8046989440918
boundingForTraverse: 35.54170227050781
bugMask: 0
cursorOffsetY: 0.5
instSizeCafe: 21240
instSizeNx: -1
sortKey: -2
traverseDist: 650.5167236328125
