aabbMax:
  X: 38.1067008972168
  Y: 5.836480140686035
  Z: 33.409400939941406
aabbMin:
  X: -38.1067008972168
  Y: 0.0
  Z: -7.305180072784424
boundingForTraverse: 5.836480140686035
bugMask: 0
cursorOffsetY: 0.5
instSizeCafe: -1
instSizeNx: 76712
sortKey: -2
traverseDist: 586.4069213867188
