aabbMax:
  X: 37.997798919677734
  Y: 82.90170288085938
  Z: 21.34600067138672
aabbMin:
  X: -16.91069984436035
  Y: 0.0
  Z: -17.196300506591797
boundingForTraverse: 82.90170288085938
bugMask: 0
cursorOffsetY: 0.5
instSizeCafe: 44636
instSizeNx: -1
sortKey: 0
terrainTextures:
- !u 0xffffff47
traverseDist: 567.0853881835938
