aabbMax:
  X: 9.8931303024292
  Y: 0.8860560059547424
  Z: 7.090360164642334
aabbMin:
  X: -10.23550033569336
  Y: -20.459800720214844
  Z: -5.47721004486084
boundingForTraverse: 21.345857620239258
bugMask: 0
cursorOffsetY: 0.5
instSizeCafe: -1
instSizeNx: 96160
sortKey: -5
terrainTextures:
- !u 0xffff4608
traverseDist: 800.0
