aabbMax:
  X: 0.9540029764175415
  Y: 1.315019965171814
  Z: 0.9443989992141724
aabbMin:
  X: -0.9907940030097961
  Y: -1.7073500156402588
  Z: -0.9339020252227783
boundingForTraverse: 3.0223701000213623
bugMask: 3
cursorOffsetY: 0.5
instSizeCafe: 42084
instSizeNx: -1
sortKey: -31
traverseDist: 200.0
