aabbMax:
  X: 12.449000358581543
  Y: 15.696999549865723
  Z: 1.1923500299453735
aabbMin:
  X: -8.445940017700195
  Y: -0.6954020261764526
  Z: -2.611340045928955
boundingForTraverse: 16.39240074157715
bugMask: 0
cursorOffsetY: 0.5
instSizeCafe: 28180
instSizeNx: -1
sortKey: -2
traverseDist: 521.2383422851562
