aabbMax:
  X: 14.098799705505371
  Y: 17.447900772094727
  Z: 10.927300453186035
aabbMin:
  X: -9.241270065307617
  Y: 3.44815993309021
  Z: -6.317770004272461
boundingForTraverse: 13.999740600585938
bugMask: 0
cursorOffsetY: 0.5
instSizeCafe: 18544
instSizeNx: -1
sortKey: 0
traverseDist: 1000.0
