aabbMax:
  X: 24.542299270629883
  Y: 36.393798828125
  Z: 50.022098541259766
aabbMin:
  X: -20.52869987487793
  Y: -0.41607698798179626
  Z: -13.343199729919434
boundingForTraverse: 36.80987548828125
bugMask: 0
instSizeCafe: 29424
instSizeNx: -1
sortKey: 27
terrainTextures:
- !u 0xffffff3e
traverseDist: 577.7595825195312
