aabbMax:
  X: 40.031898498535156
  Y: 82.01470184326172
  Z: 41.14630126953125
aabbMin:
  X: -71.61730194091797
  Y: -24.76740074157715
  Z: -33.804901123046875
boundingForTraverse: 106.7821044921875
bugMask: 0
cursorOffsetY: 0.5
instSizeCafe: 50812
instSizeNx: -1
sortKey: 0
terrainTextures:
- !u 0xffffff15
traverseDist: 634.473876953125
