aabbMax:
  X: 5.524499893188477
  Y: 1.2999999853491317e-05
  Z: 5.524499893188477
aabbMin:
  X: -5.524499893188477
  Y: -10.0
  Z: -5.524499893188477
boundingForTraverse: 10.00001335144043
bugMask: 0
cursorOffsetY: 0.5
instSizeCafe: 42292
instSizeNx: -1
sortKey: 29
traverseDist: 200.0
