aabbMax:
  X: 14.378199577331543
  Y: 15.88659954071045
  Z: 17.024099349975586
aabbMin:
  X: -15.031999588012695
  Y: -1.534440040588379
  Z: -15.386099815368652
boundingForTraverse: 17.421039581298828
bugMask: 0
cursorOffsetY: 0.5
instSizeCafe: 28760
instSizeNx: 96160
sortKey: 0
traverseDist: 543.7650756835938
