aabbMax:
  X: 21.88759994506836
  Y: 28.678499221801758
  Z: 18.959999084472656
aabbMin:
  X: -22.100200653076172
  Y: -18.96929931640625
  Z: -12.55620002746582
boundingForTraverse: 47.647796630859375
bugMask: 0
instSizeCafe: 18796
instSizeNx: -1
sortKey: -4
terrainTextures:
- !u 0xffffff3e
traverseDist: 554.11279296875
