aabbMax:
  X: 20.04949951171875
  Y: 0.46914198994636536
  Z: 8.787190437316895
aabbMin:
  X: -19.756200790405273
  Y: -10.29259967803955
  Z: -23.660200119018555
boundingForTraverse: 39.805702209472656
bugMask: 0
instSizeCafe: 17392
instSizeNx: -1
sortKey: 0
terrainTextures:
- !u 0xffff1d11
traverseDist: 551.3549194335938
