aabbMax:
  X: 48.23509979248047
  Y: 5.06702995300293
  Z: 33.895999908447266
aabbMin:
  X: -48.48970031738281
  Y: -39.36249923706055
  Z: -14.805800437927246
boundingForTraverse: 44.429527282714844
bugMask: 0
instSizeCafe: 41432
instSizeNx: -1
sortKey: 6
terrainTextures:
- 487657472
- !u 0xffff4c1f
traverseDist: 608.2938232421875
