aabbMax:
  X: 66.39990234375
  Y: 14.785300254821777
  Z: 78.24359893798828
aabbMin:
  X: -57.70719909667969
  Y: -26.13559913635254
  Z: -75.79119873046875
boundingForTraverse: 40.9208984375
bugMask: 0
cursorOffsetY: 0.5
instSizeCafe: 30960
instSizeNx: -1
sortKey: 0
traverseDist: 8000.0
