aabbMax:
  X: 0.15244199335575104
  Y: 35.050498962402344
  Z: 3.530709981918335
aabbMin:
  X: -7.821939945220947
  Y: -0.1589130014181137
  Z: -5.18474006652832
boundingForTraverse: 35.20941162109375
bugMask: 0
cursorOffsetY: 0.5
instSizeCafe: 40088
instSizeNx: -1
sortKey: 0
traverseDist: 1000.0
