aabbMax:
  X: 14.246299743652344
  Y: 31.7283992767334
  Z: 12.57289981842041
aabbMin:
  X: -11.048999786376953
  Y: -12.99839973449707
  Z: -13.008600234985352
boundingForTraverse: 44.72679901123047
bugMask: 0
cursorOffsetY: 0.5
instSizeCafe: -1
instSizeNx: 96160
sortKey: 0
terrainTextures:
- !u 0xffffff3e
traverseDist: 1000.0
