aabbMax:
  X: 4.794400215148926
  Y: 0.255515992641449
  Z: 9.893540382385254
aabbMin:
  X: -3.5853099822998047
  Y: -22.64699935913086
  Z: -3.4148199558258057
boundingForTraverse: 22.902515411376953
bugMask: 0
cursorOffsetY: 0.5
instSizeCafe: 81736
instSizeNx: -1
sortKey: 0
traverseDist: 515.726806640625
