aabbMax:
  X: 18.60420036315918
  Y: 8.435259819030762
  Z: 13.032299995422363
aabbMin:
  X: -15.111000061035156
  Y: -1.2310899496078491
  Z: -15.72089958190918
boundingForTraverse: 9.666349411010742
bugMask: 0
instSizeCafe: 17396
instSizeNx: 75656
sortKey: 2
terrainTextures:
- !u 0xffff1d11
traverseDist: 544.3109741210938
