aabbMax:
  X: 20.04949951171875
  Y: 0.46914198994636536
  Z: 8.787190437316895
aabbMin:
  X: -20.770999908447266
  Y: -95.59380340576172
  Z: -33.460201263427734
boundingForTraverse: 96.06294250488281
bugMask: 0
instSizeCafe: 27604
instSizeNx: -1
sortKey: 2
terrainTextures:
- 521998592
- !u 0xffffff4c
traverseDist: 558.7465209960938
