aabbMax:
  X: 198.6219940185547
  Y: 34.67399978637695
  Z: 186.48599243164062
aabbMin:
  X: -280.2250061035156
  Y: -81.29550170898438
  Z: -101.44999694824219
boundingForTraverse: 115.96949768066406
bugMask: 0
cursorOffsetY: 0.5
instSizeCafe: 43700
instSizeNx: -1
sortKey: 0
terrainTextures:
- !u 0xffffff47
traverseDist: 2000.0
