aabbMax:
  X: 3.1653800010681152
  Y: 11.29580020904541
  Z: 2.5777599811553955
aabbMin:
  X: -3.8856799602508545
  Y: 0.08220499753952026
  Z: -2.6270101070404053
boundingForTraverse: 11.213595390319824
bugMask: 0
cursorOffsetY: 0.5
instSizeCafe: 18608
instSizeNx: -1
sortKey: 0
traverseDist: 1000.0
