aabbMax:
  X: 38.90810012817383
  Y: 39.74340057373047
  Z: 21.667699813842773
aabbMin:
  X: -39.94929885864258
  Y: -1.075510025024414
  Z: -24.335800170898438
boundingForTraverse: 40.81890869140625
bugMask: 0
instSizeCafe: -1
instSizeNx: 104352
sortKey: 0
terrainTextures:
- !u 0xffffff15
traverseDist: 591.295166015625
