aabbMax:
  X: 5.797170162200928
  Y: 1.5156899690628052
  Z: 0.18674799799919128
aabbMin:
  X: -8.33257007598877
  Y: -1.2643500566482544
  Z: -0.13684700429439545
boundingForTraverse: 2.7800400257110596
bugMask: 0
cursorOffsetY: 0.5
instSizeCafe: 51256
instSizeNx: -1
sortKey: -17
terrainTextures:
- !u 0xffffff47
traverseDist: 500.0
