aabbMax:
  X: 16.4335994720459
  Y: 73.35970306396484
  Z: 14.722800254821777
aabbMin:
  X: -21.66510009765625
  Y: -5.687970161437988
  Z: -16.85849952697754
boundingForTraverse: 79.04767608642578
bugMask: 0
cursorOffsetY: 0.5
instSizeCafe: 31344
instSizeNx: -1
sortKey: 0
terrainTextures:
- !u 0xffffff37
traverseDist: 100000.0
