aabbMax:
  X: 1.875
  Y: 16.752899169921875
  Z: 1.911810040473938
aabbMin:
  X: -1.997249960899353
  Y: -0.1303270012140274
  Z: -1.875
boundingForTraverse: 16.88322639465332
bugMask: 0
instSizeCafe: 28888
instSizeNx: 96160
sortKey: 0
traverseDist: 500.0
