aabbMax:
  X: 29.126800537109375
  Y: 1.8261100053787231
  Z: 24.818599700927734
aabbMin:
  X: -28.929500579833984
  Y: -42.58639907836914
  Z: -0.22772400081157684
boundingForTraverse: 44.41250991821289
bugMask: 0
cursorOffsetY: 0.5
instSizeCafe: 17644
instSizeNx: -1
sortKey: 0
terrainTextures:
- !u 0xff331d11
traverseDist: 1000.0
