aabbMax:
  X: 366.7239990234375
  Y: 430.38800048828125
  Z: 192.34300231933594
aabbMin:
  X: -366.7239990234375
  Y: -1.8719500303268433
  Z: -242.56100463867188
boundingForTraverse: 432.25994873046875
bugMask: 0
cursorOffsetY: 0.5
instSizeCafe: 54072
instSizeNx: -1
sortKey: 4
terrainTextures:
- 487657472
- !u 0xffff4c1f
traverseDist: 1352.6942138671875
