aabbMax:
  X: 97.35310363769531
  Y: 5.134640216827393
  Z: 49.63399887084961
aabbMin:
  X: -103.3010025024414
  Y: -264.54400634765625
  Z: -56.510799407958984
boundingForTraverse: 269.67864990234375
bugMask: 0
cursorOffsetY: 0.5
instSizeCafe: 18796
instSizeNx: -1
sortKey: 0
terrainTextures:
- !u 0xffffff3e
traverseDist: 4000.0
