aabbMax:
  X: 54.912200927734375
  Y: 38.60029983520508
  Z: 37.500999450683594
aabbMin:
  X: -65.5510025024414
  Y: -81.20899963378906
  Z: -43.176300048828125
boundingForTraverse: 119.80929565429688
bugMask: 0
cursorOffsetY: 0.5
instSizeCafe: 30584
instSizeNx: -1
sortKey: 0
terrainTextures:
- !u 0xffffff10
traverseDist: 1000.0
