aabbMax:
  X: 1.7953300476074219
  Y: 8.08473014831543
  Z: 1.8070900440216064
aabbMin:
  X: -1.8058199882507324
  Y: 1.7764300107955933
  Z: -1.8070900440216064
boundingForTraverse: 6.308300018310547
bugMask: 0
cursorOffsetY: 0.5
instSizeCafe: 38040
instSizeNx: -1
sortKey: 0
traverseDist: 505.1020202636719
