aabbMax:
  X: 6.9674201011657715
  Y: 2.9697699546813965
  Z: 7.03646993637085
aabbMin:
  X: -8.855050086975098
  Y: -5.045259952545166
  Z: -6.678530216217041
boundingForTraverse: 8.015029907226562
bugMask: 0
cursorOffsetY: 0.5
instSizeCafe: 18544
instSizeNx: -1
sortKey: 3
terrainTextures:
- !u 0xffffff57
traverseDist: 800.0
