aabbMax:
  X: 3.8908700942993164
  Y: 1.6908899545669556
  Z: 2.698359966278076
aabbMin:
  X: -3.2972500324249268
  Y: -3.869070053100586
  Z: -2.8396499156951904
boundingForTraverse: 5.559959888458252
bugMask: 0
cursorOffsetY: 0.5
instSizeCafe: 38940
instSizeNx: 116672
sortKey: 0
traverseDist: 500.0
