aabbMax:
  X: 21.45159912109375
  Y: 112.00199890136719
  Z: 38.167301177978516
aabbMin:
  X: -47.395198822021484
  Y: 38.977298736572266
  Z: -19.429000854492188
boundingForTraverse: 73.02470397949219
bugMask: 0
cursorOffsetY: 0.5
instSizeCafe: 38524
instSizeNx: 120768
sortKey: -7
terrainTextures:
- 487657472
- !u 0xffff4c1f
traverseDist: 1000.0
