aabbMax:
  X: 5.3443098068237305
  Y: 3.386399984359741
  Z: 1.6998900175094604
aabbMin:
  X: -3.2353200912475586
  Y: -0.6770859956741333
  Z: -7.837520122528076
boundingForTraverse: 4.063486099243164
bugMask: 0
cursorOffsetY: 0.5
instSizeCafe: -1
instSizeNx: 165880
sortKey: -8
traverseDist: 200.0
