aabbMax:
  X: 4.755630016326904
  Y: 3.8649098873138428
  Z: 5.407090187072754
aabbMin:
  X: -6.098589897155762
  Y: -1.4406399726867676
  Z: -5.482850074768066
boundingForTraverse: 5.3055500984191895
bugMask: 0
cursorOffsetY: 0.5
instSizeCafe: 41332
instSizeNx: -1
sortKey: 0
traverseDist: 300.0
