aabbMax:
  X: 27.871999740600586
  Y: 9.999999974752427e-07
  Z: 27.871999740600586
aabbMin:
  X: -27.871999740600586
  Y: -7.774479866027832
  Z: -27.871999740600586
boundingForTraverse: 7.774480819702148
bugMask: 0
cursorOffsetY: 0.5
instSizeCafe: 87364
instSizeNx: -1
sortKey: 14
terrainTextures:
- !u 0xffffff47
traverseDist: 400.0
