aabbMax:
  X: 4.3441901206970215
  Y: 36.61909866333008
  Z: 4.058720111846924
aabbMin:
  X: -4.526189804077148
  Y: -1.6446499824523926
  Z: -4.321579933166504
boundingForTraverse: 38.26374816894531
bugMask: 0
cursorOffsetY: 0.5
instSizeCafe: 41240
instSizeNx: -1
sortKey: 0
traverseDist: 1000.0
