aabbMax:
  X: 77.05390167236328
  Y: 32.62310028076172
  Z: 135.13499450683594
aabbMin:
  X: -76.88839721679688
  Y: -42.46580123901367
  Z: -158.47300720214844
boundingForTraverse: 75.08889770507812
bugMask: 0
instSizeCafe: -1
instSizeNx: 76448
rigidBodyCenterY: 3.759429931640625
sortKey: 0
traverseDist: 5000.0
