aabbMax:
  X: 81.45770263671875
  Y: 35.40010070800781
  Z: 26.362199783325195
aabbMin:
  X: -64.02290344238281
  Y: -11.865099906921387
  Z: -144.1959991455078
boundingForTraverse: 47.265201568603516
bugMask: 0
cursorOffsetY: 0.5
instSizeCafe: 58720
instSizeNx: -1
sortKey: 0
terrainTextures:
- 286263296
- 925966109
- !u 0xffffff4c
traverseDist: 724.1755981445312
