aabbMax:
  X: 8.668729782104492
  Y: 0.471904993057251
  Z: 10.74429988861084
aabbMin:
  X: -8.665749549865723
  Y: -0.6508169770240784
  Z: -0.029836999252438545
boundingForTraverse: 1.1227220296859741
bugMask: 0
instSizeCafe: 27604
instSizeNx: -1
sortKey: 13
