aabbMax:
  X: 27.763900756835938
  Y: 28.61829948425293
  Z: 18.45159912109375
aabbMin:
  X: -14.995800018310547
  Y: -2.879319906234741
  Z: -25.916500091552734
boundingForTraverse: 31.49761962890625
bugMask: 0
cursorOffsetY: 0.5
instSizeCafe: 105984
instSizeNx: -1
rigidBodyCenterY: 9.016670227050781
sortKey: 0
