aabbMax:
  X: 133.8699951171875
  Y: 54.5099983215332
  Z: -35.497100830078125
aabbMin:
  X: 36.585201263427734
  Y: -3.880160093307495
  Z: -98.435302734375
boundingForTraverse: 58.390159606933594
bugMask: 0
cursorOffsetY: 0.5
instSizeCafe: 29912
instSizeNx: -1
sortKey: 0
