aabbMax:
  X: 2.7728099822998047
  Y: 4.431550025939941
  Z: 1.5099799633026123
aabbMin:
  X: -2.866349935531616
  Y: -0.384225994348526
  Z: -1.0946600437164307
boundingForTraverse: 4.8157758712768555
bugMask: 0
cursorOffsetY: 0.5
instSizeCafe: 50108
instSizeNx: -1
sortKey: -13
terrainTextures:
- !u 0xffffff47
traverseDist: 500.0
