aabbMax:
  X: 3.0277299880981445
  Y: 0.8003919720649719
  Z: 6.506879806518555
aabbMin:
  X: -8.15038013458252
  Y: -3.3009700775146484
  Z: -0.7035930156707764
boundingForTraverse: 4.101362228393555
bugMask: 0
cursorOffsetY: 0.5
instSizeCafe: -1
instSizeNx: 75656
sortKey: -11
