aabbMax:
  X: 10.754799842834473
  Y: 2.001800060272217
  Z: 8.498160362243652
aabbMin:
  X: -8.873889923095703
  Y: -1.540079951286316
  Z: -6.922540187835693
boundingForTraverse: 3.541879892349243
bugMask: 0
cursorOffsetY: 0.5
instSizeCafe: 17396
instSizeNx: -1
sortKey: 0
terrainTextures:
- !u 0xffffff4a
