aabbMax:
  X: 35.9109001159668
  Y: 36.05889892578125
  Z: 45.14339828491211
aabbMin:
  X: -36.6593017578125
  Y: -0.3271369934082031
  Z: -36.391300201416016
boundingForTraverse: 36.38603591918945
bugMask: 0
instSizeCafe: 17388
instSizeNx: -1
sortKey: 0
traverseDist: 3000.0
