aabbMax:
  X: 25.923500061035156
  Y: 7.254380226135254
  Z: 19.075199127197266
aabbMin:
  X: 4.341460227966309
  Y: -1.2237199544906616
  Z: -12.315099716186523
boundingForTraverse: 8.478099822998047
bugMask: 0
cursorOffsetY: 0.5
instSizeCafe: 18292
instSizeNx: -1
sortKey: 0
traverseDist: 1000.0
