aabbMax:
  X: 10.530200004577637
  Y: 7.49429988861084
  Z: 4.485249996185303
aabbMin:
  X: -10.755599975585938
  Y: -7.1289801597595215
  Z: -4.254129886627197
boundingForTraverse: 14.623279571533203
bugMask: 0
cursorOffsetY: 0.5
instSizeCafe: 17644
instSizeNx: -1
sortKey: 0
terrainTextures:
- !u 0xff1e1204
