aabbMax:
  X: 48.10240173339844
  Y: 4.778299808502197
  Z: 33.71379852294922
aabbMin:
  X: -48.40629959106445
  Y: -39.34199905395508
  Z: -15.221199989318848
boundingForTraverse: 44.12030029296875
bugMask: 0
instSizeCafe: 39348
instSizeNx: -1
sortKey: 0
terrainTextures:
- 487657472
- !u 0xffff4c1f
