aabbMax:
  X: 105.37799835205078
  Y: 95.93270111083984
  Z: 66.87049865722656
aabbMin:
  X: -86.18190002441406
  Y: -58.585201263427734
  Z: -72.00340270996094
boundingForTraverse: 154.5178985595703
bugMask: 0
cursorOffsetY: 0.5
instSizeCafe: -1
instSizeNx: 75656
sortKey: 0
traverseDist: 1000.0
