aabbMax:
  X: 3.7535200119018555
  Y: 7.500510215759277
  Z: 5.877930164337158
aabbMin:
  X: -3.9771299362182617
  Y: -1.9640300273895264
  Z: -7.435420036315918
boundingForTraverse: 9.464539527893066
bugMask: 0
instSizeCafe: 28272
instSizeNx: -1
sortKey: 2
terrainTextures:
- !u 0xffff1d11
