aabbMax:
  X: 59.01210021972656
  Y: 20.28569984436035
  Z: 57.98469924926758
aabbMin:
  X: -19.952899932861328
  Y: -107.87100219726562
  Z: -32.88370132446289
boundingForTraverse: 128.15670776367188
bugMask: 0
cursorOffsetY: 0.5
instSizeCafe: 54528
instSizeNx: 145368
sortKey: 0
terrainTextures:
- !u 0xff43420b
traverseDist: 620.3849487304688
