aabbMax:
  X: 116.13200378417969
  Y: 32.94430160522461
  Z: 77.20860290527344
aabbMin:
  X: -125.12000274658203
  Y: -176.552001953125
  Z: -60.550899505615234
boundingForTraverse: 209.49630737304688
bugMask: 0
cursorOffsetY: 0.5
instSizeCafe: 29720
instSizeNx: 96160
sortKey: 6
terrainTextures:
- 976428305
traverseDist: 777.8132934570312
