aabbMax:
  X: 1.7488600015640259
  Y: 4.08027982711792
  Z: 1.9088399410247803
aabbMin:
  X: -1.7454400062561035
  Y: -0.33239901065826416
  Z: -1.2337000370025635
boundingForTraverse: 4.412679195404053
bugMask: 0
cursorOffsetY: 0.5
instSizeCafe: 27608
instSizeNx: -1
sortKey: -13
terrainTextures:
- !u 0xffffff08
