aabbMax:
  X: 116.13200378417969
  Y: 32.94430160522461
  Z: 77.20860290527344
aabbMin:
  X: -125.12000274658203
  Y: -176.552001953125
  Z: -60.550899505615234
boundingForTraverse: 209.49630737304688
bugMask: 0
instSizeCafe: -1
instSizeNx: 124864
sortKey: 4
terrainTextures:
- 487657472
- !u 0xffff4c1f
traverseDist: 777.8132934570312
