aabbMax:
  X: 103.38800048828125
  Y: 242.04200744628906
  Z: 38.74639892578125
aabbMin:
  X: -91.8009033203125
  Y: 32.84469985961914
  Z: -76.69580078125
boundingForTraverse: 209.1973114013672
bugMask: 0
cursorOffsetY: 0.5
instSizeCafe: 409140
instSizeNx: -1
sortKey: 0
traverseDist: 1000.0
