aabbMax:
  X: 0.5508480072021484
  Y: 0.4273189902305603
  Z: 0.22811700403690338
aabbMin:
  X: -0.5545830130577087
  Y: -7.003469944000244
  Z: -0.0435900017619133
boundingForTraverse: 7.430788993835449
bugMask: 0
cursorOffsetY: 0.5
instSizeCafe: 30568
instSizeNx: -1
rigidBodyCenterY: -3.3954100608825684
sortKey: 8
