aabbMax:
  X: 5.002019882202148
  Y: 0.10000000149011612
  Z: 5.189499855041504
aabbMin:
  X: -3.4139199256896973
  Y: 0.10000000149011612
  Z: -4.76908016204834
boundingForTraverse: 6.519227981567383
bugMask: 0
cursorOffsetY: 0.5
instSizeCafe: -1
instSizeNx: 78184
sortKey: 0
traverseDist: 1000.0
