aabbMax:
  X: 28.633800506591797
  Y: 45.188899993896484
  Z: 10.290300369262695
aabbMin:
  X: -27.99180030822754
  Y: -2.803960084915161
  Z: -10.211199760437012
boundingForTraverse: 47.99285888671875
bugMask: 0
cursorOffsetY: 0.5
instSizeCafe: 50304
instSizeNx: -1
sortKey: 0
