aabbMax:
  X: 3.3506500720977783
  Y: 1.8503299951553345
  Z: 4.392940044403076
aabbMin:
  X: -3.65054988861084
  Y: -0.7988939881324768
  Z: -3.7330501079559326
boundingForTraverse: 2.649224042892456
bugMask: 0
cursorOffsetY: 0.5
instSizeCafe: -1
instSizeNx: 116672
sortKey: -12
traverseDist: 510.72607421875
