aabbMax:
  X: 86.89749908447266
  Y: 18.302099227905273
  Z: 33.861900329589844
aabbMin:
  X: -76.04949951171875
  Y: -151.2760009765625
  Z: -35.26210021972656
boundingForTraverse: 169.57809448242188
bugMask: 0
cursorOffsetY: 0.5
instSizeCafe: 38040
instSizeNx: -1
sortKey: 10
terrainTextures:
- !u 0xff373108
traverseDist: 677.0023803710938
