aabbMax:
  X: 125.5
  Y: 49.70000076293945
  Z: 15.0
aabbMin:
  X: 5.5
  Y: -4.80003023147583
  Z: -110.0
boundingForTraverse: 54.500030517578125
bugMask: 0
cursorOffsetY: 0.5
instSizeCafe: 74952
instSizeNx: -1
sortKey: 0
terrainTextures:
- !u 0xffffff08
traverseDist: 673.2772216796875
