aabbMax:
  X: 2.577670097351074
  Y: 0.41339099407196045
  Z: 11.931400299072266
aabbMin:
  X: -14.552200317382812
  Y: -1.5061700344085693
  Z: -9.056209564208984
boundingForTraverse: 1.9195610284805298
bugMask: 0
cursorOffsetY: 0.5
instSizeCafe: 38424
instSizeNx: -1
sortKey: -22
traverseDist: 400.0
