aabbMax:
  X: -0.17268000543117523
  Y: 3.535130023956299
  Z: 3.0274999141693115
aabbMin:
  X: -25.319400787353516
  Y: -30.859800338745117
  Z: -2.719089984893799
boundingForTraverse: 34.39493179321289
bugMask: 0
cursorOffsetY: 0.5
instSizeCafe: 18292
instSizeNx: -1
sortKey: 0
