aabbMax:
  X: 3.6081199645996094
  Y: 15.620499610900879
  Z: 3.8027501106262207
aabbMin:
  X: -3.246530055999756
  Y: -0.5530890226364136
  Z: -4.652349948883057
boundingForTraverse: 16.173587799072266
bugMask: 0
cursorOffsetY: 0.5
instSizeCafe: 27608
instSizeNx: -1
sortKey: 1
