aabbMax:
  X: 1.3149199485778809
  Y: 2.4947900772094727
  Z: 0.5380129814147949
aabbMin:
  X: -1.2520300149917603
  Y: -0.0015699999639764428
  Z: -0.3743489980697632
boundingForTraverse: 2.4963600635528564
bugMask: 0
cursorOffsetY: 0.5
instSizeCafe: 38172
instSizeNx: -1
sortKey: 0
