aabbMax:
  X: 21.75749969482422
  Y: 17.73819923400879
  Z: 4.783400058746338
aabbMin:
  X: -20.97170066833496
  Y: -2.0394999980926514
  Z: -4.484139919281006
boundingForTraverse: 19.777698516845703
bugMask: 0
cursorOffsetY: 0.5
instSizeCafe: 60772
instSizeNx: -1
sortKey: -2
traverseDist: 543.72265625
