aabbMax:
  X: 20.15049934387207
  Y: 0.15331299602985382
  Z: 6.7140398025512695
aabbMin:
  X: -20.028200149536133
  Y: -70.31379699707031
  Z: -15.816399574279785
boundingForTraverse: 70.46710968017578
bugMask: 0
instSizeCafe: 20996
instSizeNx: 78184
sortKey: 0
traverseDist: 1000.0
