aabbMax:
  X: 10.482500076293945
  Y: 5.321619987487793
  Z: 10.063199996948242
aabbMin:
  X: -10.899299621582031
  Y: -5.539989948272705
  Z: -10.148300170898438
boundingForTraverse: 10.861610412597656
bugMask: 0
cursorOffsetY: 0.5
instSizeCafe: 17396
instSizeNx: 75656
sortKey: 1
terrainTextures:
- 1279139584
traverseDist: 500.0
