aabbMax:
  X: 76.79879760742188
  Y: 132.22300720214844
  Z: 46.36399841308594
aabbMin:
  X: -32.11819839477539
  Y: -4.653200149536133
  Z: -44.98350143432617
boundingForTraverse: 136.87620544433594
bugMask: 0
cursorOffsetY: 0.5
instSizeCafe: 28760
instSizeNx: 96160
sortKey: -12
traverseDist: 642.1522827148438
