aabbMax:
  X: 29.00950050354004
  Y: 7.830959796905518
  Z: 31.000200271606445
aabbMin:
  X: -29.00950050354004
  Y: -90.54000091552734
  Z: -31.000200271606445
boundingForTraverse: 98.37096405029297
bugMask: 0
instSizeCafe: -1
instSizeNx: 563744
sortKey: 0
terrainTextures:
- !u 0xffffff3a
traverseDist: 1500.0
