aabbMax:
  X: 28.650400161743164
  Y: 2.2915899753570557
  Z: 8.2872896194458
aabbMin:
  X: -24.13089942932129
  Y: -59.935298919677734
  Z: -10.456299781799316
boundingForTraverse: 62.226890563964844
bugMask: 0
instSizeCafe: 17396
instSizeNx: -1
sortKey: -1
terrainTextures:
- !u 0xffffff3c
traverseDist: 556.0106201171875
