aabbMax:
  X: 4.0317702293396
  Y: 0.3000029921531677
  Z: 4.372300148010254
aabbMin:
  X: -3.5608999729156494
  Y: -31.32349967956543
  Z: -4.372300148010254
boundingForTraverse: 31.623502731323242
bugMask: 0
cursorOffsetY: 0.5
instSizeCafe: 60540
instSizeNx: -1
sortKey: 0
traverseDist: 2000.0
