aabbMax:
  X: 20.793800354003906
  Y: 34.57400131225586
  Z: -1.0774099826812744
aabbMin:
  X: -20.733600616455078
  Y: -4.302700042724609
  Z: -55.588199615478516
boundingForTraverse: 38.87670135498047
bugMask: 0
cursorOffsetY: 0.5
instSizeCafe: 18544
instSizeNx: -1
sortKey: 0
terrainTextures:
- !u 0xffffff4d
traverseDist: 3000.0
