aabbMax:
  X: 24.206100463867188
  Y: 0.10000599920749664
  Z: 10.06779956817627
aabbMin:
  X: -23.773799896240234
  Y: -137.08799743652344
  Z: -54.6067008972168
boundingForTraverse: 137.18800354003906
bugMask: 0
cursorOffsetY: 0.5
instSizeCafe: 21240
instSizeNx: -1
sortKey: -2
traverseDist: 580.5286254882812
