aabbMax:
  X: 53.16389846801758
  Y: 18.62030029296875
  Z: 179.45399475097656
aabbMin:
  X: -205.50100708007812
  Y: -47.560001373291016
  Z: -106.29100036621094
boundingForTraverse: 66.1802978515625
bugMask: 0
cursorOffsetY: 0.5
instSizeCafe: -1
instSizeNx: 75656
sortKey: 0
traverseDist: 3000.0
