aabbMax:
  X: 5.241260051727295
  Y: 2.610450029373169
  Z: 4.942080020904541
aabbMin:
  X: -5.44966983795166
  Y: -2.8088901042938232
  Z: -5.123849868774414
boundingForTraverse: 5.419340133666992
bugMask: 0
cursorOffsetY: 0.5
instSizeCafe: -1
instSizeNx: 116672
sortKey: 0
terrainTextures:
- !u 0xffff3008
