aabbMax:
  X: 7.1658501625061035
  Y: 22.121299743652344
  Z: 8.339159965515137
aabbMin:
  X: -5.1239800453186035
  Y: -0.11164499819278717
  Z: -7.09414005279541
boundingForTraverse: 22.23294448852539
bugMask: 0
cursorOffsetY: 0.5
instSizeCafe: 17140
instSizeNx: -1
sortKey: 0
