aabbMax:
  X: 117.54499816894531
  Y: -0.4896250069141388
  Z: 56.62310028076172
aabbMin:
  X: -122.69100189208984
  Y: -144.3459930419922
  Z: -24.282800674438477
boundingForTraverse: 143.8563690185547
bugMask: 0
cursorOffsetY: 0.5
instSizeCafe: -1
instSizeNx: 149464
sortKey: 0
terrainTextures:
- !u 0xffff4d2a
traverseDist: 753.4937744140625
