aabbMax:
  X: 24.012500762939453
  Y: 1.8080500364303589
  Z: 38.9297981262207
aabbMin:
  X: -33.74509811401367
  Y: -30.377099990844727
  Z: -32.15449905395508
boundingForTraverse: 32.185150146484375
bugMask: 0
cursorOffsetY: 0.5
instSizeCafe: 17136
instSizeNx: -1
sortKey: 0
terrainTextures:
- !u 0xffff1d11
