aabbMax:
  X: 123.20500183105469
  Y: 6.849999904632568
  Z: 64.3561019897461
aabbMin:
  X: -230.70899963378906
  Y: -331.760009765625
  Z: -149.3560028076172
boundingForTraverse: 338.6100158691406
bugMask: 0
cursorOffsetY: 0.5
instSizeCafe: 29912
instSizeNx: -1
sortKey: 0
terrainTextures:
- !u 0xff4c1f00
traverseDist: 913.434326171875
