aabbMax:
  X: 75.85430145263672
  Y: 0.5551419854164124
  Z: 18.548099517822266
aabbMin:
  X: -109.32499694824219
  Y: -61.23720169067383
  Z: -66.69750213623047
boundingForTraverse: 61.79234313964844
bugMask: 0
instSizeCafe: -1
instSizeNx: 124864
sortKey: -2
terrainTextures:
- !u 0xff1d1110
traverseDist: 703.8582763671875
