aabbMax:
  X: 92.23529815673828
  Y: 5.959000110626221
  Z: 111.9209976196289
aabbMin:
  X: -94.32330322265625
  Y: -125.94200134277344
  Z: -114.21199798583984
boundingForTraverse: 131.9010009765625
bugMask: 0
cursorOffsetY: 0.5
instSizeCafe: 31280
instSizeNx: -1
sortKey: 0
traverseDist: 8000.0
