aabbMax:
  X: 4.090350151062012
  Y: 2.361569881439209
  Z: 4.049310207366943
aabbMin:
  X: -4.090350151062012
  Y: -0.01820399984717369
  Z: -4.090350151062012
boundingForTraverse: 2.379772901535034
bugMask: 0
cursorOffsetY: 0.5
instSizeCafe: 86544
instSizeNx: -1
sortKey: 0
traverseDist: 511.540283203125
