aabbMax:
  X: 47.28459930419922
  Y: 43.90800094604492
  Z: 22.9242000579834
aabbMin:
  X: -28.44809913635254
  Y: 2.2885000705718994
  Z: -28.44930076599121
boundingForTraverse: 41.61949920654297
bugMask: 0
cursorOffsetY: 0.5
instSizeCafe: 30296
instSizeNx: -1
sortKey: 0
terrainTextures:
- !u 0xffff4608
traverseDist: 1000.0
