aabbMax:
  X: 6.3084001541137695
  Y: 0.5225229859352112
  Z: -0.1451610028743744
aabbMin:
  X: -6.265110015869141
  Y: 0.04051100090146065
  Z: -12.75100040435791
boundingForTraverse: 0.482012003660202
bugMask: 0
cursorOffsetY: 0.5
instSizeCafe: 18548
instSizeNx: -1
sortKey: 0
traverseDist: 517.8045043945312
