aabbMax:
  X: 57.43370056152344
  Y: 0.14117400348186493
  Z: 10.774299621582031
aabbMin:
  X: -56.45100021362305
  Y: -207.18499755859375
  Z: -46.689998626708984
boundingForTraverse: 207.326171875
bugMask: 0
instSizeCafe: 37788
instSizeNx: -1
sortKey: 0
terrainTextures:
- 487657472
- !u 0xffff4c1f
