aabbMax:
  X: 4.270589828491211
  Y: 3.634320020675659
  Z: 3.36122989654541
aabbMin:
  X: -4.287290096282959
  Y: -0.9794600009918213
  Z: -3.2963199615478516
boundingForTraverse: 4.6137800216674805
bugMask: 0
cursorOffsetY: 0.5
instSizeCafe: 18544
instSizeNx: -1
sortKey: 0
terrainTextures:
- !u 0xffffff33
traverseDist: 100.0
