aabbMax:
  X: 0.12535199522972107
  Y: 2.9820098876953125
  Z: 1.6971999406814575
aabbMin:
  X: -0.11477600038051605
  Y: -0.578328013420105
  Z: -1.6750199794769287
boundingForTraverse: 3.560338020324707
bugMask: 0
cursorOffsetY: 0.5
instSizeCafe: -1
instSizeNx: 75656
sortKey: 0
