aabbMax:
  X: 187.93699645996094
  Y: 114.56900024414062
  Z: 69.72840118408203
aabbMin:
  X: -151.9929962158203
  Y: -13.109399795532227
  Z: -78.98100280761719
boundingForTraverse: 127.67839813232422
bugMask: 0
instSizeCafe: -1
instSizeNx: 116672
sortKey: 11
terrainTextures:
- !u 0xff373108
traverseDist: 871.034912109375
