aabbMax:
  X: 18.67959976196289
  Y: 8.521690368652344
  Z: 13.135499954223633
aabbMin:
  X: -15.206899642944336
  Y: -1.4088399410247803
  Z: -15.520299911499023
boundingForTraverse: 9.930530548095703
bugMask: 0
instSizeCafe: 17140
instSizeNx: -1
sortKey: 0
traverseDist: 1000.0
