aabbMax:
  X: 3.3238399028778076
  Y: 18.04290008544922
  Z: 0.5095829963684082
aabbMin:
  X: -3.4091100692749023
  Y: -0.7571489810943604
  Z: -0.219418004155159
boundingForTraverse: 18.800048828125
bugMask: 0
cursorOffsetY: 0.5
instSizeCafe: 38424
instSizeNx: -1
sortKey: -2
traverseDist: 500.0
