aabbMax:
  X: 10.24839973449707
  Y: 5.3206000328063965
  Z: 5.893159866333008
aabbMin:
  X: -8.267660140991211
  Y: -0.2722170054912567
  Z: -6.42248010635376
boundingForTraverse: 5.5928168296813965
bugMask: 0
cursorOffsetY: 0.5
instSizeCafe: 30552
instSizeNx: 96160
sortKey: 0
terrainTextures:
- !u 0xffffff4e
traverseDist: 300.0
