aabbMax:
  X: 43.73659896850586
  Y: 0.8515419960021973
  Z: 20.271400451660156
aabbMin:
  X: -36.3567008972168
  Y: -12.622200012207031
  Z: -33.23379898071289
boundingForTraverse: 80.09329986572266
bugMask: 0
instSizeCafe: -1
instSizeNx: 75656
sortKey: 0
terrainTextures:
- !u 0xffff1d11
traverseDist: 596.321044921875
