aabbMax:
  X: 40.937400817871094
  Y: 31.136999130249023
  Z: 20.059999465942383
aabbMin:
  X: -36.967899322509766
  Y: 1.9362800121307373
  Z: -28.954500198364258
boundingForTraverse: 29.200719833374023
bugMask: 0
cursorOffsetY: 0.5
instSizeCafe: 75328
instSizeNx: -1
sortKey: 0
terrainTextures:
- 522064384
- !u 0xffffff4c
traverseDist: 1000.0
