aabbMax:
  X: 13.945899963378906
  Y: 0.3378869891166687
  Z: 12.085200309753418
aabbMin:
  X: -14.115300178527832
  Y: -14.331000328063965
  Z: -0.999754011631012
boundingForTraverse: 14.6688871383667
bugMask: 0
cursorOffsetY: 0.5
instSizeCafe: 18548
instSizeNx: -1
sortKey: 0
terrainTextures:
- !u 0xffffff54
traverseDist: 530.9620361328125
