aabbMax:
  X: 10.699299812316895
  Y: 18.58639907836914
  Z: 11.178299903869629
aabbMin:
  X: -10.586199760437012
  Y: -0.6811389923095703
  Z: -12.209500312805176
boundingForTraverse: 19.26753807067871
bugMask: 0
instSizeCafe: 27604
instSizeNx: -1
sortKey: -15
terrainTextures:
- !u 0xffffff37
traverseDist: 531.623779296875
