aabbMax:
  X: 5.911819934844971
  Y: 0.21959300339221954
  Z: 1.4603400230407715
aabbMin:
  X: -6.0358099937438965
  Y: -38.613800048828125
  Z: -9.553019523620605
boundingForTraverse: 38.83339309692383
bugMask: 0
instSizeCafe: -1
instSizeNx: 120768
sortKey: 8
traverseDist: 516.2493286132812
