aabbMax:
  X: 18.88360023498535
  Y: 13.048299789428711
  Z: 4.171949863433838
aabbMin:
  X: -3.3728699684143066
  Y: -2.722749948501587
  Z: -11.699799537658691
boundingForTraverse: 15.771048545837402
bugMask: 0
cursorOffsetY: 0.5
instSizeCafe: -1
instSizeNx: 92856
rigidBodyCenterY: 5.156529903411865
sortKey: -2
