aabbMax:
  X: 3.9450199604034424
  Y: 0.6083809733390808
  Z: 20.131999969482422
aabbMin:
  X: -3.932490110397339
  Y: -0.5557349920272827
  Z: -0.060554999858140945
boundingForTraverse: 20.192554473876953
bugMask: 0
instSizeCafe: -1
instSizeNx: 75656
sortKey: 0
