aabbMax:
  X: 14.103400230407715
  Y: 0.37087199091911316
  Z: 12.2524995803833
aabbMin:
  X: -14.048199653625488
  Y: -14.49940013885498
  Z: -1.0
boundingForTraverse: 14.870271682739258
bugMask: 0
instSizeCafe: 18544
instSizeNx: -1
sortKey: 0
terrainTextures:
- !u 0xffffff03
traverseDist: 531.114990234375
