aabbMax:
  X: 2.8294200897216797
  Y: 3.0594799518585205
  Z: 2.6500000953674316
aabbMin:
  X: -2.75
  Y: -0.6883620023727417
  Z: -2.555000066757202
boundingForTraverse: 3.7478420734405518
bugMask: 0
cursorOffsetY: 0.5
instSizeCafe: 84104
instSizeNx: -1
sortKey: -6
traverseDist: 300.0
