aabbMax:
  X: 23.62070083618164
  Y: 41.989498138427734
  Z: 16.134300231933594
aabbMin:
  X: -24.17060089111328
  Y: -1.1399099826812744
  Z: -12.588399887084961
boundingForTraverse: 43.12940979003906
bugMask: 0
cursorOffsetY: 0.5
instSizeCafe: 17812
instSizeNx: -1
sortKey: 0
traverseDist: 8000.0
