aabbMax:
  X: 0.5504689812660217
  Y: 2.0210399627685547
  Z: 0.133309006690979
aabbMin:
  X: -0.6146619915962219
  Y: -0.010928000323474407
  Z: -0.06563100218772888
boundingForTraverse: 2.031968116760254
bugMask: 1
cursorOffsetY: 0.3499999940395355
instSizeCafe: 77424
instSizeNx: 200640
lookAtOffsetY: 1.7999999523162842
rigidBodyCenterY: 0.4000000059604645
sortKey: -6
traverseDist: 150.0
