aabbMax:
  X: 43.9838981628418
  Y: 19.215099334716797
  Z: 29.526500701904297
aabbMin:
  X: -83.1781997680664
  Y: -11.45259952545166
  Z: -137.90499877929688
boundingForTraverse: 30.66769790649414
bugMask: 1
cursorOffsetY: 0.5
instSizeCafe: 58492
instSizeNx: -1
sortKey: 0
terrainTextures:
- !u 0xff373108
traverseDist: 1000.0
