aabbMax:
  X: 19.202800750732422
  Y: 1.4280699491500854
  Z: 19.437299728393555
aabbMin:
  X: -19.138700485229492
  Y: -11.675600051879883
  Z: 0.0
boundingForTraverse: 13.103670120239258
bugMask: 0
cursorOffsetY: 0.5
instSizeCafe: 19764
instSizeNx: -1
sortKey: 0
terrainTextures:
- !u 0xffffff44
traverseDist: 542.9869384765625
