aabbMax:
  X: 1.9788800477981567
  Y: 7.0
  Z: 1.9788800477981567
aabbMin:
  X: -1.9788800477981567
  Y: 2.5243399143218994
  Z: -1.9788800477981567
boundingForTraverse: 4.4756598472595215
bugMask: 3
instSizeCafe: 33904
instSizeNx: -1
rigidBodyCenterY: 5.913400173187256
sortKey: -1
