aabbMax:
  X: 130.0
  Y: 54.5099983215332
  Z: 97.88510131835938
aabbMin:
  X: 44.20050048828125
  Y: -0.34144601225852966
  Z: 17.44860076904297
boundingForTraverse: 54.851444244384766
bugMask: 0
cursorOffsetY: 0.5
instSizeCafe: -1
instSizeNx: 96160
sortKey: 0
