aabbMax:
  X: 7.286059856414795
  Y: 3.0329999923706055
  Z: 6.101570129394531
aabbMin:
  X: -6.65841007232666
  Y: -2.895080089569092
  Z: -5.290840148925781
boundingForTraverse: 5.928080081939697
bugMask: 0
cursorOffsetY: 0.5
instSizeCafe: 40344
instSizeNx: -1
sortKey: -1
terrainTextures:
- !u 0xffffff46
traverseDist: 300.0
