aabbMax:
  X: 0.980767011642456
  Y: 0.8566190004348755
  Z: 1.8507499694824219
aabbMin:
  X: -0.980767011642456
  Y: 0.0
  Z: -1.8507499694824219
boundingForTraverse: 0.8566190004348755
bugMask: 0
cursorOffsetY: 0.5
instSizeCafe: 30448
instSizeNx: -1
sortKey: -9
traverseDist: 300.0
