aabbMax:
  X: 127.5270004272461
  Y: 50.56079864501953
  Z: 142.58799743652344
aabbMin:
  X: -15.60159969329834
  Y: -0.5000190138816833
  Z: 2.323040008544922
boundingForTraverse: 51.06081771850586
bugMask: 0
cursorOffsetY: 0.5
instSizeCafe: 283280
instSizeNx: -1
sortKey: 0
terrainTextures:
- !u 0xffffff08
traverseDist: 700.3997192382812
