aabbMax:
  X: 1.7630900144577026
  Y: 1.4253300428390503
  Z: 1.875380039215088
aabbMin:
  X: -1.7378000020980835
  Y: -0.47308799624443054
  Z: -1.7909899950027466
boundingForTraverse: 1.8984179496765137
bugMask: 0
cursorOffsetY: 0.5
instSizeCafe: 27608
instSizeNx: 96160
sortKey: 0
terrainTextures:
- !u 0xffffff42
