aabbMax:
  X: 30.741600036621094
  Y: 39.49020004272461
  Z: 4.8673601150512695
aabbMin:
  X: -29.584699630737305
  Y: -45.078399658203125
  Z: -18.599199295043945
boundingForTraverse: 84.568603515625
bugMask: 0
instSizeCafe: 38580
instSizeNx: -1
sortKey: 0
terrainTextures:
- !u 0xffff3731
traverseDist: 1000.0
