aabbMax:
  X: 23.358299255371094
  Y: 37.599098205566406
  Z: 22.966400146484375
aabbMin:
  X: -31.262300491333008
  Y: -0.4122430086135864
  Z: -8.092220306396484
boundingForTraverse: 38.0113410949707
bugMask: 0
instSizeCafe: 18544
instSizeNx: -1
sortKey: 0
traverseDist: 1000.0
