aabbMax:
  X: 141.2949981689453
  Y: 55.37089920043945
  Z: 106.58000183105469
aabbMin:
  X: -0.7937470078468323
  Y: -95.69000244140625
  Z: 0.0
boundingForTraverse: 151.06089782714844
bugMask: 0
cursorOffsetY: 0.5
instSizeCafe: 482396
instSizeNx: -1
sortKey: 0
traverseDist: 677.6190185546875
