aabbMax:
  X: 3.290070056915283
  Y: 19.799999237060547
  Z: 3.240000009536743
aabbMin:
  X: -3.290070056915283
  Y: 0.0
  Z: -3.240000009536743
boundingForTraverse: 19.799999237060547
bugMask: 0
cursorOffsetY: 0.5
instSizeCafe: -1
instSizeNx: 141272
sortKey: -2
traverseDist: 500.0
