aabbMax:
  X: 65.55650329589844
  Y: 0.09999799728393555
  Z: 5.85699987411499
aabbMin:
  X: -65.1104965209961
  Y: -54.96070098876953
  Z: -44.43149948120117
boundingForTraverse: 55.060699462890625
bugMask: 0
cursorOffsetY: 0.5
instSizeCafe: 21252
instSizeNx: -1
sortKey: -7
traverseDist: 640.010009765625
