aabbMax:
  X: 13.2701997756958
  Y: 7.959080219268799
  Z: 63.248199462890625
aabbMin:
  X: -11.343500137329102
  Y: -44.80759811401367
  Z: -63.196800231933594
boundingForTraverse: 52.76667785644531
bugMask: 0
instSizeCafe: 84292
instSizeNx: -1
sortKey: -8
traverseDist: 628.818359375
