aabbMax:
  X: 141.9320068359375
  Y: 42.047000885009766
  Z: 160.25399780273438
aabbMin:
  X: -134.03900146484375
  Y: -43.005001068115234
  Z: -210.43299865722656
boundingForTraverse: 85.052001953125
bugMask: 0
cursorOffsetY: 0.5
instSizeCafe: 55572
instSizeNx: 147864
sortKey: 0
terrainTextures:
- !u 0xffff4342
traverseDist: 3000.0
