aabbMax:
  X: 18.208499908447266
  Y: 43.26390075683594
  Z: 15.449700355529785
aabbMin:
  X: -19.30590057373047
  Y: -0.7441440224647522
  Z: -17.082500457763672
boundingForTraverse: 44.0080451965332
bugMask: 0
instSizeCafe: -1
instSizeNx: 96160
sortKey: 0
terrainTextures:
- !u 0xffff1e12
