aabbMax:
  X: 1.4750299453735352
  Y: 1.575659990310669
  Z: 1.5299700498580933
aabbMin:
  X: -1.400629997253418
  Y: -0.16513200104236603
  Z: -1.5553699731826782
boundingForTraverse: 1.7407920360565186
bugMask: 0
cursorOffsetY: 0.5
instSizeCafe: 17136
instSizeNx: -1
sortKey: -5
terrainTextures:
- !u 0xffffff3e
