aabbMax:
  X: 48.6072998046875
  Y: 75.13890075683594
  Z: 48.5369987487793
aabbMin:
  X: -49.523399353027344
  Y: -3.5874099731445312
  Z: -29.208099365234375
boundingForTraverse: 78.72631072998047
bugMask: 0
cursorOffsetY: 0.5
instSizeCafe: -1
instSizeNx: 75656
sortKey: -5
terrainTextures:
- !u 0xffffff3e
traverseDist: 625.195556640625
