aabbMax:
  X: 4.2954301834106445
  Y: 0.45652198791503906
  Z: 2.4027299880981445
aabbMin:
  X: -0.09819599986076355
  Y: -0.12020300328731537
  Z: -2.6039299964904785
boundingForTraverse: 0.5767250061035156
bugMask: 0
cursorOffsetY: 0.5
instSizeCafe: 18292
instSizeNx: -1
sortKey: 0
