aabbMax:
  X: 43.77149963378906
  Y: 132.17599487304688
  Z: 45.80910110473633
aabbMin:
  X: -34.05229949951172
  Y: -0.708046019077301
  Z: -54.13370132446289
boundingForTraverse: 132.88404846191406
bugMask: 0
instSizeCafe: 56224
instSizeNx: 149464
sortKey: 0
terrainTextures:
- !u 0xffff4342
traverseDist: 626.6693115234375
