aabbMax:
  X: 0.3468160033226013
  Y: 0.0873510017991066
  Z: 0.3468160033226013
aabbMin:
  X: -0.3468160033226013
  Y: -1.0377800464630127
  Z: -0.3468160033226013
boundingForTraverse: 1.1251310110092163
bugMask: 0
cursorOffsetY: 0.5
instSizeCafe: 27608
instSizeNx: -1
sortKey: -20
