aabbMax:
  X: 10.125100135803223
  Y: 12.557600021362305
  Z: 13.993399620056152
aabbMin:
  X: -10.229700088500977
  Y: -0.020002000033855438
  Z: -7.968890190124512
boundingForTraverse: 12.577601432800293
bugMask: 0
cursorOffsetY: 0.5
instSizeCafe: 74012
instSizeNx: -1
sortKey: 0
traverseDist: 150.0
