aabbMax:
  X: 19.07360076904297
  Y: 56.96390151977539
  Z: 10.281100273132324
aabbMin:
  X: -18.980199813842773
  Y: -3.6839001178741455
  Z: -13.754500389099121
boundingForTraverse: 60.64780044555664
bugMask: 3
instSizeCafe: -1
instSizeNx: 414952
rigidBodyCenterY: 0.09019999951124191
sortKey: -7
traverseDist: 500.0
