aabbMax:
  X: 4.157139778137207
  Y: 8.045889854431152
  Z: 0.6750410199165344
aabbMin:
  X: -4.132699966430664
  Y: -0.49974700808525085
  Z: -0.7139880061149597
boundingForTraverse: 8.545637130737305
bugMask: 0
cursorOffsetY: 0.5
instSizeCafe: 41244
instSizeNx: 116672
sortKey: -8
traverseDist: 500.0
