aabbMax:
  X: 19.664899826049805
  Y: 22.404800415039062
  Z: 20.051700592041016
aabbMin:
  X: -19.953699111938477
  Y: -12.44320011138916
  Z: -9.616339683532715
boundingForTraverse: 34.847999572753906
bugMask: 0
cursorOffsetY: 0.5
instSizeCafe: -1
instSizeNx: 75656
sortKey: 0
terrainTextures:
- !u 0xffffff54
traverseDist: 549.4957275390625
