aabbMax:
  X: 30.532100677490234
  Y: 6.694540023803711
  Z: -1.7931599617004395
aabbMin:
  X: -30.131099700927734
  Y: -1.0
  Z: -33.32500076293945
boundingForTraverse: 7.694540023803711
bugMask: 0
cursorOffsetY: 0.5
instSizeCafe: 38040
instSizeNx: -1
sortKey: 0
terrainTextures:
- !u 0xffff3008
traverseDist: 568.3687133789062
