aabbMax:
  X: 92.52429962158203
  Y: 44.20240020751953
  Z: 38.77799987792969
aabbMin:
  X: -93.4729995727539
  Y: -42.50519943237305
  Z: -38.77799987792969
boundingForTraverse: 86.70759582519531
bugMask: 0
cursorOffsetY: 0.5
instSizeCafe: 19472
instSizeNx: -1
sortKey: 9
traverseDist: 701.51904296875
