aabbMax:
  X: 24.881200790405273
  Y: 0.10000599920749664
  Z: 10.059399604797363
aabbMin:
  X: -24.31570053100586
  Y: -137.09800720214844
  Z: -30.749300003051758
boundingForTraverse: 137.19801330566406
bugMask: 0
cursorOffsetY: 0.5
instSizeCafe: 21252
instSizeNx: -1
sortKey: -2
traverseDist: 563.9193725585938
