aabbMax:
  X: 5.891329765319824
  Y: 4.723030090332031
  Z: 65.53919982910156
aabbMin:
  X: -6.238230228424072
  Y: -34.185298919677734
  Z: -66.53130340576172
boundingForTraverse: 38.908329010009766
bugMask: 0
instSizeCafe: 38236
instSizeNx: 116672
sortKey: 0
