aabbMax:
  X: 23.550399780273438
  Y: 41.82889938354492
  Z: 16.104700088500977
aabbMin:
  X: -24.07509994506836
  Y: -1.0693199634552002
  Z: -12.503600120544434
boundingForTraverse: 42.89822006225586
bugMask: 0
instSizeCafe: 131964
instSizeNx: -1
sortKey: 2
traverseDist: 800.0
