aabbMax:
  X: 8.901140213012695
  Y: 4.741040229797363
  Z: 9.014260292053223
aabbMin:
  X: -10.186300277709961
  Y: -0.9883559942245483
  Z: -18.37849998474121
boundingForTraverse: 5.729395866394043
bugMask: 0
instSizeCafe: -1
instSizeNx: 120768
sortKey: -3
