aabbMax:
  X: 52.014801025390625
  Y: 86.88739776611328
  Z: 54.84619903564453
aabbMin:
  X: -50.16460037231445
  Y: -13.639900207519531
  Z: -18.78529930114746
boundingForTraverse: 100.52729797363281
bugMask: 0
instSizeCafe: -1
instSizeNx: 145368
sortKey: -23
terrainTextures:
- !u 0xff373108
traverseDist: 625.9453125
