aabbMax:
  X: 24.371700286865234
  Y: 58.69430160522461
  Z: 36.47079849243164
aabbMin:
  X: -21.256099700927734
  Y: 1.3707400560379028
  Z: -19.485700607299805
boundingForTraverse: 57.32356262207031
bugMask: 0
instSizeCafe: 57836
instSizeNx: 146064
sortKey: 14
terrainTextures:
- !u 0xffffff33
traverseDist: 572.2012939453125
