aabbMax:
  X: 84.81330108642578
  Y: 115.87300109863281
  Z: 84.73899841308594
aabbMin:
  X: -80.00550079345703
  Y: -100.52200317382812
  Z: -103.05400085449219
boundingForTraverse: 216.39500427246094
bugMask: 0
cursorOffsetY: 0.5
instSizeCafe: 29912
instSizeNx: -1
sortKey: 0
terrainTextures:
- !u 0xffffff15
traverseDist: 8000.0
