aabbMax:
  X: 18.746000289916992
  Y: 14.970399856567383
  Z: 13.641200065612793
aabbMin:
  X: -11.528499603271484
  Y: -32.193599700927734
  Z: -17.171600341796875
boundingForTraverse: 47.16400146484375
bugMask: 0
cursorOffsetY: 0.5
instSizeCafe: 31024
instSizeNx: -1
sortKey: 31
traverseDist: 543.1968994140625
