aabbMax:
  X: 4.416490077972412
  Y: 0.07400500029325485
  Z: 4.993659973144531
aabbMin:
  X: -4.498990058898926
  Y: -0.627472996711731
  Z: -8.835539817810059
boundingForTraverse: 0.7014780044555664
bugMask: 0
cursorOffsetY: 0.5
instSizeCafe: 40796
instSizeNx: 116672
sortKey: 6
terrainTextures:
- !u 0xffffff47
traverseDist: 500.0
