aabbMax:
  X: 14.517399787902832
  Y: 0.0
  Z: 12.448800086975098
aabbMin:
  X: -0.355569988489151
  Y: -17.630800247192383
  Z: -0.45289498567581177
boundingForTraverse: 17.630800247192383
bugMask: 0
cursorOffsetY: 0.5
instSizeCafe: 107156
instSizeNx: 260200
sortKey: 0
traverseDist: 500.0
