aabbMax:
  X: 10.427399635314941
  Y: 3.433029890060425
  Z: 8.92216968536377
aabbMin:
  X: -11.442000389099121
  Y: -2.5348498821258545
  Z: -9.094059944152832
boundingForTraverse: 5.967879772186279
bugMask: 0
cursorOffsetY: 0.5
instSizeCafe: 17396
instSizeNx: 75656
sortKey: -17
terrainTextures:
- !u 0xffff3731
traverseDist: 500.0
