aabbMax:
  X: 11.430899620056152
  Y: 0.8731459975242615
  Z: 117.03399658203125
aabbMin:
  X: -11.431500434875488
  Y: -108.36100006103516
  Z: -104.05400085449219
boundingForTraverse: 109.23414611816406
bugMask: 0
cursorOffsetY: 0.5
instSizeCafe: 17780
instSizeNx: 75656
sortKey: 0
traverseDist: 8000.0
