aabbMax:
  X: 52.025901794433594
  Y: 27.226900100708008
  Z: 12.772899627685547
aabbMin:
  X: -52.07929992675781
  Y: -28.00040054321289
  Z: -16.039600372314453
boundingForTraverse: 55.22730255126953
bugMask: 0
instSizeCafe: -1
instSizeNx: 96160
sortKey: 0
terrainTextures:
- !u 0xffff3731
traverseDist: 2000.0
