aabbMax:
  X: 12.391599655151367
  Y: 99.95610046386719
  Z: 14.007800102233887
aabbMin:
  X: -12.391599655151367
  Y: -64.69999694824219
  Z: -12.440600395202637
boundingForTraverse: 164.65609741210938
bugMask: 1
cursorOffsetY: 0.5
instSizeCafe: 238144
instSizeNx: -1
sortKey: -5
traverseDist: 1500.0
