aabbMax:
  X: 5.871089935302734
  Y: 37.7515983581543
  Z: 3.9334099292755127
aabbMin:
  X: -4.197070121765137
  Y: -1.2231800556182861
  Z: -4.861020088195801
boundingForTraverse: 38.97477722167969
bugMask: 0
cursorOffsetY: 0.5
instSizeCafe: 717332
instSizeNx: -1
rigidBodyCenterY: 5.886360168457031
sortKey: -1
terrainTextures:
- !u 0xffffff37
traverseDist: 2000.0
