aabbMax:
  X: 25.371200561523438
  Y: 2.2814700603485107
  Z: 28.163400650024414
aabbMin:
  X: -28.945899963378906
  Y: -198.33700561523438
  Z: -12.682700157165527
boundingForTraverse: 200.61846923828125
bugMask: 0
cursorOffsetY: 0.5
instSizeCafe: 29912
instSizeNx: -1
sortKey: 0
terrainTextures:
- !u 0xffffff10
traverseDist: 567.96142578125
