aabbMax:
  X: 48.335601806640625
  Y: 2.8606700897216797
  Z: 34.385398864746094
aabbMin:
  X: -48.63560104370117
  Y: -53.07170104980469
  Z: -15.44629955291748
boundingForTraverse: 55.932373046875
bugMask: 0
cursorOffsetY: 0.5
instSizeCafe: -1
instSizeNx: 116672
sortKey: 0
terrainTextures:
- 487657472
- !u 0xffff4c1f
traverseDist: 1000.0
