aabbMax:
  X: 48.810699462890625
  Y: 64.75769805908203
  Z: 34.75659942626953
aabbMin:
  X: -49.32149887084961
  Y: -40.84299850463867
  Z: -28.299999237060547
boundingForTraverse: 105.60069274902344
bugMask: 0
instSizeCafe: -1
instSizeNx: 145368
sortKey: -15
terrainTextures:
- !u 0xff373108
traverseDist: 616.64501953125
