aabbMax:
  X: 1.128499984741211
  Y: 1.452239990234375
  Z: 1.0662100315093994
aabbMin:
  X: -1.1259100437164307
  Y: -1.5701199769973755
  Z: -1.0780500173568726
boundingForTraverse: 3.02236008644104
bugMask: 3
cursorOffsetY: 0.5
instSizeCafe: 41656
instSizeNx: -1
sortKey: -31
traverseDist: 200.0
