aabbMax:
  X: 5.949289798736572
  Y: 1.7403099536895752
  Z: 87.41179656982422
aabbMin:
  X: -5.949289798736572
  Y: -12.65429973602295
  Z: -87.15699768066406
boundingForTraverse: 14.394609451293945
bugMask: 0
cursorOffsetY: 0.5
instSizeCafe: -1
instSizeNx: 210992
sortKey: 2
terrainTextures:
- !u 0xffffff2c
traverseDist: 674.9738159179688
