aabbMax:
  X: 120.86000061035156
  Y: 18.0
  Z: 75.45649719238281
aabbMin:
  X: -56.883399963378906
  Y: -5.258520126342773
  Z: -129.52099609375
boundingForTraverse: 23.258520126342773
bugMask: 2
cursorOffsetY: 0.5
instSizeCafe: 33904
instSizeNx: -1
sortKey: 19
traverseDist: 771.308837890625
