aabbMax:
  X: 4.796189785003662
  Y: 3.448040008544922
  Z: 1.590149998664856
aabbMin:
  X: -3.2399799823760986
  Y: -0.6154450178146362
  Z: -7.947259902954102
boundingForTraverse: 4.063485145568848
bugMask: 0
cursorOffsetY: 0.5
instSizeCafe: 48704
instSizeNx: -1
sortKey: -11
traverseDist: 200.0
