aabbMax:
  X: 124.59100341796875
  Y: 50.232200622558594
  Z: 50.36149978637695
aabbMin:
  X: -119.06900024414062
  Y: -88.86009979248047
  Z: -24.510499954223633
boundingForTraverse: 139.09230041503906
bugMask: 0
cursorOffsetY: 0.5
instSizeCafe: 29460
instSizeNx: -1
sortKey: 0
terrainTextures:
- !u 0xffff4621
traverseDist: 4000.0
