aabbMax:
  X: 16.68720054626465
  Y: 13.610300064086914
  Z: 30.997800827026367
aabbMin:
  X: -20.009899139404297
  Y: -52.8672981262207
  Z: -8.325369834899902
boundingForTraverse: 66.47760009765625
bugMask: 0
instSizeCafe: 30960
instSizeNx: -1
sortKey: 0
terrainTextures:
- !u 0xffffff33
traverseDist: 3000.0
