aabbMax:
  X: 70.61759948730469
  Y: 15.598099708557129
  Z: 42.39619827270508
aabbMin:
  X: -43.54389953613281
  Y: -193.03500366210938
  Z: -64.05010223388672
boundingForTraverse: 208.6331024169922
bugMask: 0
instSizeCafe: -1
instSizeNx: 141272
sortKey: 0
terrainTextures:
- !u 0xff373108
