aabbMax:
  X: 7.403500080108643
  Y: 13.053799629211426
  Z: 6.115240097045898
aabbMin:
  X: -4.285930156707764
  Y: -0.41531801223754883
  Z: -6.065450191497803
boundingForTraverse: 13.469118118286133
bugMask: 0
cursorOffsetY: 0.5
instSizeCafe: 17388
instSizeNx: -1
sortKey: -3
traverseDist: 800.0
