aabbMax:
  X: 6.179590225219727
  Y: 4.573949813842773
  Z: 5.538280010223389
aabbMin:
  X: -4.701429843902588
  Y: -1.7632499933242798
  Z: -3.6972498893737793
boundingForTraverse: 6.337200164794922
bugMask: 0
cursorOffsetY: 0.5
instSizeCafe: -1
instSizeNx: 96160
sortKey: 0
