aabbMax:
  X: 29.784700393676758
  Y: 11.990900039672852
  Z: 8.9345703125
aabbMin:
  X: -28.582500457763672
  Y: -8.947230339050293
  Z: -8.19752025604248
boundingForTraverse: 20.938129425048828
bugMask: 0
cursorOffsetY: 0.5
instSizeCafe: 17136
instSizeNx: -1
sortKey: -11
traverseDist: 1000.0
