aabbMax:
  X: 23.530799865722656
  Y: 29.834800720214844
  Z: 20.564599990844727
aabbMin:
  X: -23.142499923706055
  Y: -19.70680046081543
  Z: -4.5345001220703125
boundingForTraverse: 49.541603088378906
bugMask: 0
cursorOffsetY: 0.5
instSizeCafe: -1
instSizeNx: 75656
sortKey: 0
terrainTextures:
- !u 0xffffff54
traverseDist: 552.9939575195312
