aabbMax:
  X: 24.1875
  Y: 2.45671010017395
  Z: 19.951499938964844
aabbMin:
  X: -23.323200225830078
  Y: -127.42400360107422
  Z: -14.31760025024414
boundingForTraverse: 129.88070678710938
bugMask: 0
cursorOffsetY: 0.5
instSizeCafe: 31764
instSizeNx: -1
sortKey: 0
terrainTextures:
- !u 0xffffff44
traverseDist: 558.5802001953125
