aabbMax:
  X: 23.65130043029785
  Y: 34.53810119628906
  Z: 18.260900497436523
aabbMin:
  X: -28.478200912475586
  Y: -28.40180015563965
  Z: -23.009700775146484
boundingForTraverse: 62.939903259277344
bugMask: 0
instSizeCafe: -1
instSizeNx: 145368
sortKey: -10
terrainTextures:
- !u 0xff373108
traverseDist: 566.4887084960938
