aabbMax:
  X: 30.99679946899414
  Y: 10.259200096130371
  Z: 16.640100479125977
aabbMin:
  X: -27.302400588989258
  Y: -30.308399200439453
  Z: 4.9836201667785645
boundingForTraverse: 40.56760025024414
bugMask: 0
instSizeCafe: -1
instSizeNx: 75656
sortKey: 0
terrainTextures:
- !u 0xffffff03
traverseDist: 2000.0
