aabbMax:
  X: 86.00830078125
  Y: 36.09489822387695
  Z: 49.12910079956055
aabbMin:
  X: -75.5696029663086
  Y: -33.249298095703125
  Z: -42.48979949951172
boundingForTraverse: 69.34419250488281
bugMask: 0
cursorOffsetY: 0.5
instSizeCafe: 41500
instSizeNx: 116672
sortKey: 0
terrainTextures:
- !u 0xffffff47
traverseDist: 2000.0
