aabbMax:
  X: 1.5021400451660156
  Y: 1.7190699577331543
  Z: 1.2514899969100952
aabbMin:
  X: -1.4626400470733643
  Y: -0.31913501024246216
  Z: -1.140089988708496
boundingForTraverse: 2.96478009223938
bugMask: 3
instSizeCafe: -1
instSizeNx: 173408
rigidBodyCenterY: 0.6512330174446106
sortKey: 6
