aabbMax:
  X: 81.16940307617188
  Y: 0.7824479937553406
  Z: 91.56559753417969
aabbMin:
  X: -91.47760009765625
  Y: -68.60600280761719
  Z: -100.95899963378906
boundingForTraverse: 69.3884506225586
bugMask: 0
cursorOffsetY: 0.5
instSizeCafe: -1
instSizeNx: 75656
sortKey: 0
terrainTextures:
- !u 0xff331d11
traverseDist: 6000.0
