aabbMax:
  X: 27.023500442504883
  Y: 77.74600219726562
  Z: 23.6481990814209
aabbMin:
  X: -27.023500442504883
  Y: 0.0
  Z: -23.6481990814209
boundingForTraverse: 77.74600219726562
bugMask: 0
cursorOffsetY: 0.5
instSizeCafe: 43452
instSizeNx: -1
sortKey: -2
terrainTextures:
- !u 0xffffff47
traverseDist: 571.8193969726562
