aabbMax:
  X: 96.69010162353516
  Y: 70.16739654541016
  Z: 83.86990356445312
aabbMin:
  X: -71.6333999633789
  Y: -41.009498596191406
  Z: -62.105499267578125
boundingForTraverse: 111.17689514160156
bugMask: 0
instSizeCafe: -1
instSizeNx: 75656
sortKey: 2
terrainTextures:
- !u 0xffff1d11
traverseDist: 722.803955078125
