aabbMax:
  X: 11.514900207519531
  Y: 12.766599655151367
  Z: 17.87350082397461
aabbMin:
  X: -12.65369987487793
  Y: -35.17060089111328
  Z: -15.662199974060059
boundingForTraverse: 47.93720245361328
bugMask: 0
cursorOffsetY: 0.5
instSizeCafe: 40348
instSizeNx: -1
sortKey: 0
terrainTextures:
- !u 0xffffff15
traverseDist: 541.3372192382812
