aabbMax:
  X: 25.852800369262695
  Y: 139.13800048828125
  Z: 92.92680358886719
aabbMin:
  X: -95.66239929199219
  Y: -23.137500762939453
  Z: -85.27940368652344
boundingForTraverse: 162.27549743652344
bugMask: 0
cursorOffsetY: 0.5
instSizeCafe: -1
instSizeNx: 96160
sortKey: -6
terrainTextures:
- !u 0xffff4608
traverseDist: 715.69287109375
