aabbMax:
  X: 15.33240032196045
  Y: 17.979000091552734
  Z: 3.4897100925445557
aabbMin:
  X: -17.242900848388672
  Y: -6.761980056762695
  Z: -3.4810099601745605
boundingForTraverse: 24.74098014831543
bugMask: 0
cursorOffsetY: 0.5
instSizeCafe: 38616
instSizeNx: -1
sortKey: -2
traverseDist: 533.3128051757812
