aabbMax:
  X: 24.16990089416504
  Y: 0.4032970070838928
  Z: 7.356649875640869
aabbMin:
  X: -24.16990089416504
  Y: -77.05030059814453
  Z: -25.0
boundingForTraverse: 77.45359802246094
bugMask: 0
cursorOffsetY: 0.5
instSizeCafe: -1
instSizeNx: 76056
sortKey: 0
traverseDist: 1000.0
