aabbMax:
  X: 3.542419910430908
  Y: 1.7011899948120117
  Z: 8.098090171813965
aabbMin:
  X: -4.52331018447876
  Y: -39.33580017089844
  Z: -7.983940124511719
boundingForTraverse: 41.036991119384766
bugMask: 0
cursorOffsetY: 0.5
instSizeCafe: -1
instSizeNx: 75656
sortKey: 0
