aabbMax:
  X: 93.26119995117188
  Y: 10.118800163269043
  Z: 36.09049987792969
aabbMin:
  X: -52.55799865722656
  Y: -123.5770034790039
  Z: -101.78299713134766
boundingForTraverse: 133.69580078125
bugMask: 0
cursorOffsetY: 0.5
instSizeCafe: 29908
instSizeNx: -1
sortKey: 0
terrainTextures:
- !u 0xff4c1f00
traverseDist: 700.6796875
