aabbMax:
  X: 2.003849983215332
  Y: 1.2227100133895874
  Z: 1.0472999811172485
aabbMin:
  X: -5.062280178070068
  Y: -1.0020500421524048
  Z: -1.0787500143051147
boundingForTraverse: 2.224760055541992
bugMask: 0
cursorOffsetY: 0.5
instSizeCafe: 30576
instSizeNx: -1
sortKey: -19
