aabbMax:
  X: 11.373299598693848
  Y: 0.75
  Z: 117.0
aabbMin:
  X: -11.373299598693848
  Y: -108.27799987792969
  Z: -104.0
boundingForTraverse: 109.02799987792969
bugMask: 0
instSizeCafe: 141784
instSizeNx: -1
sortKey: 1
traverseDist: 1500.0
