aabbMax:
  X: 10.350099563598633
  Y: 51.61240005493164
  Z: 6.502820014953613
aabbMin:
  X: -10.288999557495117
  Y: -2.3798398971557617
  Z: -11.362199783325195
boundingForTraverse: 53.99224090576172
bugMask: 0
cursorOffsetY: 0.5
instSizeCafe: -1
instSizeNx: 75656
sortKey: 0
traverseDist: 2000.0
