aabbMax:
  X: 453.4169921875
  Y: 328.5419921875
  Z: 448.27899169921875
aabbMin:
  X: -420.6319885253906
  Y: -0.010040000081062317
  Z: -426.4129943847656
boundingForTraverse: 328.5520324707031
bugMask: 2
cursorOffsetY: 0.5
instSizeCafe: 49684
instSizeNx: -1
sortKey: 21
traverseDist: 1736.5467529296875
