aabbMax:
  X: 29.250900268554688
  Y: 7.7625298500061035
  Z: 19.650299072265625
aabbMin:
  X: -26.16080093383789
  Y: -30.025699615478516
  Z: 3.7436599731445312
boundingForTraverse: 37.788230895996094
bugMask: 0
cursorOffsetY: 0.5
instSizeCafe: -1
instSizeNx: 75656
sortKey: 0
terrainTextures:
- !u 0xffff1d11
traverseDist: 500.0
