aabbMax:
  X: 350.3840026855469
  Y: 631.1170043945312
  Z: 198.552001953125
aabbMin:
  X: -368.3389892578125
  Y: -52.04159927368164
  Z: -564.60498046875
boundingForTraverse: 683.1586303710938
bugMask: 0
instSizeCafe: 28016
instSizeNx: -1
sortKey: 6
terrainTextures:
- !u 0xff4c1f00
traverseDist: 1548.318359375
