aabbMax:
  X: 12.131099700927734
  Y: 99.9280014038086
  Z: 14.007800102233887
aabbMin:
  X: -12.131099700927734
  Y: -49.46269989013672
  Z: -11.65060043334961
boundingForTraverse: 149.3907012939453
bugMask: 1
instSizeCafe: -1
instSizeNx: 164112
sortKey: 0
traverseDist: 10000.0
