aabbMax:
  X: 13.401700019836426
  Y: 5.682499885559082
  Z: 74.83979797363281
aabbMin:
  X: -13.401700019836426
  Y: -44.15879821777344
  Z: -74.86219787597656
boundingForTraverse: 49.8412971496582
bugMask: 0
instSizeCafe: 162600
instSizeNx: 399360
sortKey: 0
traverseDist: 3000.0
