aabbMax:
  X: 132.05099487304688
  Y: 54.5099983215332
  Z: 25.0
aabbMin:
  X: 25.0
  Y: 4.510000228881836
  Z: -40.0
boundingForTraverse: 50.0
bugMask: 0
cursorOffsetY: 0.5
instSizeCafe: 29908
instSizeNx: -1
sortKey: 0
traverseDist: 625.2394409179688
