aabbMax:
  X: 22.536800384521484
  Y: 7.698659896850586
  Z: 31.013399124145508
aabbMin:
  X: -24.703699111938477
  Y: -8.535799980163574
  Z: -19.182899475097656
boundingForTraverse: 16.234458923339844
bugMask: 0
cursorOffsetY: 0.5
instSizeCafe: -1
instSizeNx: 75656
sortKey: 0
terrainTextures:
- !u 0xffffff57
traverseDist: 1000.0
