aabbMax:
  X: 13.655500411987305
  Y: 5.53046989440918
  Z: 19.495399475097656
aabbMin:
  X: -6.353610038757324
  Y: -0.03996500000357628
  Z: 0.42312800884246826
boundingForTraverse: 5.570435047149658
bugMask: 0
cursorOffsetY: 0.5
instSizeCafe: 18548
instSizeNx: 75656
sortKey: 12
terrainTextures:
- !u 0xffffff33
