aabbMax:
  X: 62.7588005065918
  Y: 63.90660095214844
  Z: 238.60400390625
aabbMin:
  X: -58.53969955444336
  Y: -14.533599853515625
  Z: -321.19000244140625
boundingForTraverse: 78.44020080566406
bugMask: 0
cursorOffsetY: 0.5
instSizeCafe: -1
instSizeNx: 915536
sortKey: 0
traverseDist: 1000.0
