aabbMax:
  X: 5.339320182800293
  Y: 1.6229300498962402
  Z: 5.57165002822876
aabbMin:
  X: -7.005229949951172
  Y: -25.016700744628906
  Z: -2.6658599376678467
boundingForTraverse: 26.639631271362305
bugMask: 0
cursorOffsetY: 0.5
instSizeCafe: -1
instSizeNx: 75656
sortKey: 6
traverseDist: 514.8406372070312
