aabbMax:
  X: 184.73599243164062
  Y: 122.81800079345703
  Z: 156.17100524902344
aabbMin:
  X: -105.93299865722656
  Y: -51.853599548339844
  Z: -174.4510040283203
boundingForTraverse: 174.67160034179688
bugMask: 0
cursorOffsetY: 0.5
instSizeCafe: 51904
instSizeNx: 149464
sortKey: 2
terrainTextures:
- 487657472
- !u 0xffff4c1f
traverseDist: 940.2265014648438
