aabbMax:
  X: 3.6449499130249023
  Y: 28.039199829101562
  Z: 2.901240110397339
aabbMin:
  X: -3.961359977722168
  Y: -0.5736179947853088
  Z: -2.946810007095337
boundingForTraverse: 28.612817764282227
bugMask: 0
cursorOffsetY: 0.5
instSizeCafe: -1
instSizeNx: 186384
sortKey: 0
traverseDist: 509.5945739746094
