aabbMax:
  X: 131.64100646972656
  Y: 42.23379898071289
  Z: 105.71900177001953
aabbMin:
  X: -135.8769989013672
  Y: -14.274299621582031
  Z: -98.7708969116211
boundingForTraverse: 56.50809860229492
bugMask: 0
cursorOffsetY: 0.5
instSizeCafe: 42620
instSizeNx: -1
sortKey: 0
terrainTextures:
- !u 0xffffff47
traverseDist: 2000.0
