aabbMax:
  X: 66.05789947509766
  Y: 13.443499565124512
  Z: 78.90399932861328
aabbMin:
  X: -58.6260986328125
  Y: -26.280000686645508
  Z: -75.6239013671875
boundingForTraverse: 39.7234992980957
bugMask: 0
cursorOffsetY: 0.5
instSizeCafe: -1
instSizeNx: 100256
sortKey: 0
traverseDist: 698.5572509765625
