aabbMax:
  X: 78.36209869384766
  Y: 50.1156005859375
  Z: 66.8479995727539
aabbMin:
  X: -90.9529037475586
  Y: -46.58539962768555
  Z: -16.007999420166016
boundingForTraverse: 96.70100402832031
bugMask: 0
cursorOffsetY: 0.5
instSizeCafe: 29908
instSizeNx: -1
sortKey: 0
terrainTextures:
- !u 0xff4c1f00
traverseDist: 2000.0
