aabbMax:
  X: 9.312439918518066
  Y: 0.07400500029325485
  Z: 5.445610046386719
aabbMin:
  X: -9.091950416564941
  Y: -8.564370155334473
  Z: -10.736700057983398
boundingForTraverse: 8.638375282287598
bugMask: 0
cursorOffsetY: 0.5
instSizeCafe: 40796
instSizeNx: 116672
sortKey: 12
terrainTextures:
- !u 0xffffff47
traverseDist: 500.0
