aabbMax:
  X: 105.66400146484375
  Y: 33.55110168457031
  Z: 32.3400993347168
aabbMin:
  X: -104.03800201416016
  Y: -36.111698150634766
  Z: -29.926799774169922
boundingForTraverse: 69.66279602050781
bugMask: 0
cursorOffsetY: 0.5
instSizeCafe: 18924
instSizeNx: -1
sortKey: 0
traverseDist: 1000.0
