aabbMax:
  X: 39.00559997558594
  Y: 3.9930899143218994
  Z: 34.13669967651367
aabbMin:
  X: -49.91529846191406
  Y: -115.3479995727539
  Z: -18.909400939941406
boundingForTraverse: 119.3410873413086
bugMask: 0
instSizeCafe: 18544
instSizeNx: -1
sortKey: -16
terrainTextures:
- !u 0xffffff3e
traverseDist: 603.5413818359375
