aabbMax:
  X: 40.99129867553711
  Y: 20.01110076904297
  Z: 33.736900329589844
aabbMin:
  X: -48.84270095825195
  Y: -20.303300857543945
  Z: -36.160099029541016
boundingForTraverse: 40.31439971923828
bugMask: 0
cursorOffsetY: 0.5
instSizeCafe: 18612
instSizeNx: 75656
sortKey: 0
traverseDist: 1000.0
