aabbMax:
  X: 6.733739852905273
  Y: 2.2615599632263184
  Z: 6.733590126037598
aabbMin:
  X: -6.735770225524902
  Y: -1.9211299419403076
  Z: -6.775010108947754
boundingForTraverse: 4.182690143585205
bugMask: 0
cursorOffsetY: 0.5
instSizeCafe: 18544
instSizeNx: -1
sortKey: 0
traverseDist: 1000.0
