aabbMax:
  X: 6.525000095367432
  Y: 2.1293699741363525
  Z: 3.5083999633789062
aabbMin:
  X: -6.310480117797852
  Y: -0.8055369853973389
  Z: -5.106359958648682
boundingForTraverse: 2.9349069595336914
bugMask: 0
cursorOffsetY: 0.5
instSizeCafe: 17392
instSizeNx: -1
sortKey: 0
terrainTextures:
- !u 0xffffff3c
