aabbMax:
  X: 23.9281005859375
  Y: 35.1864013671875
  Z: 2.0831799507141113
aabbMin:
  X: -56.715999603271484
  Y: -15.776399612426758
  Z: -30.93560028076172
boundingForTraverse: 50.962799072265625
bugMask: 0
instSizeCafe: 38040
instSizeNx: -1
sortKey: 0
terrainTextures:
- !u 0xffff3731
traverseDist: 2000.0
