aabbMax:
  X: 12.946999549865723
  Y: 7.820089817047119
  Z: 63.322898864746094
aabbMin:
  X: -6.93209981918335
  Y: -44.86830139160156
  Z: -63.7317008972168
boundingForTraverse: 52.688392639160156
bugMask: 0
instSizeCafe: 51712
instSizeNx: 141272
sortKey: 0
