aabbMax:
  X: 14.861100196838379
  Y: 0.46312499046325684
  Z: 4.415480136871338
aabbMin:
  X: -15.790399551391602
  Y: -24.249000549316406
  Z: -8.12893009185791
boundingForTraverse: 24.712125778198242
bugMask: 0
cursorOffsetY: 0.5
instSizeCafe: 17644
instSizeNx: -1
sortKey: 0
terrainTextures:
- !u 0xffffff37
traverseDist: 533.119140625
