aabbMax:
  X: 0.12493900209665298
  Y: 0.0625
  Z: 0.12493900209665298
aabbMin:
  X: -0.12493900209665298
  Y: -1.061519980430603
  Z: -0.12493900209665298
boundingForTraverse: 1.124019980430603
bugMask: 3
cursorOffsetY: 0.5
instSizeCafe: 38260
instSizeNx: -1
sortKey: -12
