aabbMax:
  X: 56.11109924316406
  Y: 41.20920181274414
  Z: 50.202999114990234
aabbMin:
  X: -96.03199768066406
  Y: -29.7322998046875
  Z: -52.512901306152344
boundingForTraverse: 70.94149780273438
bugMask: 0
instSizeCafe: 55996
instSizeNx: -1
sortKey: 2
terrainTextures:
- !u 0xffffff47
traverseDist: 683.5703735351562
