aabbMax:
  X: 6.684619903564453
  Y: 2.1635398864746094
  Z: 1.2259600162506104
aabbMin:
  X: -0.09098199754953384
  Y: -0.6402329802513123
  Z: -0.3306789994239807
boundingForTraverse: 2.8037729263305664
bugMask: 0
cursorOffsetY: 0.5
instSizeCafe: -1
instSizeNx: 96160
sortKey: -3
traverseDist: 215.0
