aabbMax:
  X: 15.058799743652344
  Y: 6.861400127410889
  Z: -1.1429100036621094
aabbMin:
  X: -14.737799644470215
  Y: -2.446959972381592
  Z: -16.112499237060547
boundingForTraverse: 9.30836009979248
bugMask: 0
cursorOffsetY: 0.5
instSizeCafe: 17140
instSizeNx: -1
sortKey: 0
terrainTextures:
- !u 0xff4d1d11
traverseDist: 1000.0
