aabbMax:
  X: 91.7125015258789
  Y: 62.59149932861328
  Z: 37.33000183105469
aabbMin:
  X: -83.26339721679688
  Y: -50.07109832763672
  Z: -42.31679916381836
boundingForTraverse: 112.66259765625
bugMask: 0
cursorOffsetY: 0.5
instSizeCafe: 19180
instSizeNx: -1
sortKey: 0
traverseDist: 1000.0
