aabbMax:
  X: 3.8739399909973145
  Y: 5.047579765319824
  Z: 3.8739399909973145
aabbMin:
  X: -3.8739399909973145
  Y: 0.3879089951515198
  Z: -3.8739399909973145
boundingForTraverse: 4.659670829772949
bugMask: 0
cursorOffsetY: 0.5
instSizeCafe: 51108
instSizeNx: -1
sortKey: 0
terrainTextures:
- !u 0xffffff2a
traverseDist: 500.0
