aabbMax:
  X: 27.12070083618164
  Y: 7.184370040893555
  Z: 4.875189781188965
aabbMin:
  X: -22.24970054626465
  Y: -55.192100524902344
  Z: -10.184000015258789
boundingForTraverse: 62.37647247314453
bugMask: 0
cursorOffsetY: 0.5
instSizeCafe: -1
instSizeNx: 124864
sortKey: 0
terrainTextures:
- 522064384
- !u 0xffffff4c
traverseDist: 551.6160278320312
