aabbMax:
  X: 4.3241400718688965
  Y: 1.682729959487915
  Z: 0.5460060238838196
aabbMin:
  X: -4.107729911804199
  Y: -0.03122599981725216
  Z: -1.8071800470352173
boundingForTraverse: 1.7139559984207153
bugMask: 0
cursorOffsetY: 0.5
instSizeCafe: 27608
instSizeNx: 96160
sortKey: -14
