aabbMax:
  X: -0.275505006313324
  Y: 1.7639199495315552
  Z: 2.399139881134033
aabbMin:
  X: -25.181900024414062
  Y: -33.06269836425781
  Z: -3.2195498943328857
boundingForTraverse: 34.82661819458008
bugMask: 0
cursorOffsetY: 0.5
instSizeCafe: 18796
instSizeNx: -1
sortKey: 2
traverseDist: 525.5322875976562
