aabbMax:
  X: 86.89749908447266
  Y: 14.331600189208984
  Z: 31.53030014038086
aabbMin:
  X: -76.04949951171875
  Y: -151.2760009765625
  Z: -35.26210021972656
boundingForTraverse: 165.60760498046875
bugMask: 0
instSizeCafe: 41404
instSizeNx: -1
sortKey: 2
terrainTextures:
- 487657472
- !u 0xffff4c1f
traverseDist: 676.1049194335938
