aabbMax:
  X: 51.03929901123047
  Y: 71.35250091552734
  Z: 52.76319885253906
aabbMin:
  X: -49.682498931884766
  Y: -3.6161000728607178
  Z: -41.79570007324219
boundingForTraverse: 74.96859741210938
bugMask: 0
cursorOffsetY: 0.5
instSizeCafe: 18544
instSizeNx: -1
sortKey: 0
terrainTextures:
- !u 0xffffff3e
traverseDist: 3000.0
