aabbMax:
  X: 41.00830078125
  Y: 31.197399139404297
  Z: 39.10219955444336
aabbMin:
  X: -41.315399169921875
  Y: -0.9456689953804016
  Z: -40.2495002746582
boundingForTraverse: 32.14306640625
bugMask: 0
cursorOffsetY: 0.5
instSizeCafe: -1
instSizeNx: 96160
sortKey: 0
terrainTextures:
- !u 0xffffff3a
traverseDist: 1000.0
