aabbMax:
  X: 90.44100189208984
  Y: 28.825000762939453
  Z: 334.49798583984375
aabbMin:
  X: -89.6364974975586
  Y: -26.984699249267578
  Z: -332.4840087890625
boundingForTraverse: 55.80970001220703
bugMask: 0
cursorOffsetY: 0.5
instSizeCafe: -1
instSizeNx: 964744
sortKey: 0
traverseDist: 1190.8638916015625
