aabbMax:
  X: 1.6463600397109985
  Y: 7.906209945678711
  Z: 39.5
aabbMin:
  X: -18.385700225830078
  Y: -0.05000000074505806
  Z: 12.627599716186523
boundingForTraverse: 7.956210136413574
bugMask: 0
cursorOffsetY: 0.5
instSizeCafe: 232760
instSizeNx: -1
sortKey: -1
traverseDist: 533.5172729492188
