aabbMax:
  X: 141.70799255371094
  Y: 55.56529998779297
  Z: 106.69300079345703
aabbMin:
  X: -0.9887700080871582
  Y: -95.88749694824219
  Z: -0.5109789967536926
boundingForTraverse: 151.45278930664062
bugMask: 0
cursorOffsetY: 0.5
instSizeCafe: 17140
instSizeNx: 75656
sortKey: 0
