aabbMax:
  X: 17.03499984741211
  Y: 17.175899505615234
  Z: 17.024099349975586
aabbMin:
  X: -14.880200386047363
  Y: -4.333549976348877
  Z: -19.544599533081055
boundingForTraverse: 21.509449005126953
bugMask: 0
cursorOffsetY: 0.5
instSizeCafe: 28760
instSizeNx: 96160
sortKey: 0
terrainTextures:
- !u 0xffffff54
traverseDist: 548.537109375
