aabbMax:
  X: 5.153510093688965
  Y: 5.911509990692139
  Z: 4.013649940490723
aabbMin:
  X: -5.4545698165893555
  Y: -1.8758399486541748
  Z: -5.886050224304199
boundingForTraverse: 7.787350177764893
bugMask: 3
cursorOffsetY: 0.5
instSizeCafe: 138116
instSizeNx: 253752
rigidBodyCenterY: 1.1394799947738647
sortKey: 0
traverseDist: 1000.0
