aabbMax:
  X: 59.06909942626953
  Y: 149.1820068359375
  Z: 125.197998046875
aabbMin:
  X: -65.34539794921875
  Y: -149.3470001220703
  Z: -120.0780029296875
boundingForTraverse: 298.52899169921875
bugMask: 0
cursorOffsetY: 0.5
instSizeCafe: 31216
instSizeNx: -1
sortKey: 34
traverseDist: 775.0260009765625
