aabbMax:
  X: 7.778140068054199
  Y: 2.1328799724578857
  Z: 0.5190020203590393
aabbMin:
  X: -7.45136022567749
  Y: -1.1468000411987305
  Z: 0.03556400164961815
boundingForTraverse: 3.279680013656616
bugMask: 0
cursorOffsetY: 0.5
instSizeCafe: 50560
instSizeNx: 145368
sortKey: 34
terrainTextures:
- !u 0xffffff47
traverseDist: 500.0
