aabbMax:
  X: 5.504149913787842
  Y: 17.901500701904297
  Z: 5.062960147857666
aabbMin:
  X: -12.257699966430664
  Y: -0.8109949827194214
  Z: -4.541830062866211
boundingForTraverse: 18.712495803833008
bugMask: 0
cursorOffsetY: 0.5
instSizeCafe: -1
instSizeNx: 120768
sortKey: -2
traverseDist: 520.1924438476562
