aabbMax:
  X: 3.974869966506958
  Y: 7.601739883422852
  Z: 13.721599578857422
aabbMin:
  X: -3.903280019760132
  Y: -0.09586799889802933
  Z: -24.14539909362793
boundingForTraverse: 7.69760799407959
bugMask: 0
instSizeCafe: -1
instSizeNx: 75656
sortKey: 0
