aabbMax:
  X: 15.421699523925781
  Y: 17.977399826049805
  Z: 3.7258999347686768
aabbMin:
  X: -17.272600173950195
  Y: -7.012129783630371
  Z: -3.5597000122070312
boundingForTraverse: 24.98952865600586
bugMask: 0
cursorOffsetY: 0.5
instSizeCafe: 17388
instSizeNx: -1
sortKey: 0
