aabbMax:
  X: 3.3778200149536133
  Y: 7.560739994049072
  Z: 5.709640026092529
aabbMin:
  X: -3.6433799266815186
  Y: -2.5618700981140137
  Z: -7.046299934387207
boundingForTraverse: 10.122610092163086
bugMask: 0
cursorOffsetY: 0.5
instSizeCafe: 17392
instSizeNx: -1
sortKey: 7
terrainTextures:
- !u 0xffff1d11
traverseDist: 800.0
