aabbMax:
  X: 87.93240356445312
  Y: 46.01599884033203
  Z: 28.711999893188477
aabbMin:
  X: -89.03569793701172
  Y: -43.08509826660156
  Z: -31.85740089416504
boundingForTraverse: 89.1010971069336
bugMask: 0
cursorOffsetY: 0.5
instSizeCafe: 19756
instSizeNx: -1
sortKey: 8
traverseDist: 687.04638671875
