aabbMax:
  X: 0.5859370231628418
  Y: 1.7363300323486328
  Z: 0.5683590173721313
aabbMin:
  X: -0.5942379832267761
  Y: -0.006705999840050936
  Z: -0.5917969942092896
boundingForTraverse: 1.7430360317230225
bugMask: 3
cursorOffsetY: 0.10000000149011612
instSizeCafe: 53452
instSizeNx: -1
lookAtOffsetY: 0.4000000059604645
rigidBodyCenterY: 0.601610004901886
sortKey: 0
