aabbMax:
  X: 5.284979820251465
  Y: 45.2859992980957
  Z: 5.850689888000488
aabbMin:
  X: -5.291629791259766
  Y: -0.032756999135017395
  Z: -4.337019920349121
boundingForTraverse: 45.318756103515625
bugMask: 0
cursorOffsetY: 0.5
instSizeCafe: -1
instSizeNx: 96160
sortKey: 0
terrainTextures:
- !u 0xffffff15
traverseDist: 1000.0
