aabbMax:
  X: 29.665800094604492
  Y: 2.4785399436950684
  Z: 24.175899505615234
aabbMin:
  X: -29.612600326538086
  Y: -41.50379943847656
  Z: -1.1000000085914508e-05
boundingForTraverse: 43.982337951660156
bugMask: 0
cursorOffsetY: 0.5
instSizeCafe: -1
instSizeNx: 75656
sortKey: 6
terrainTextures:
- !u 0xff331d11
traverseDist: 564.018798828125
