aabbMax:
  X: 55.450199127197266
  Y: 0.6349279880523682
  Z: 20.933700561523438
aabbMin:
  X: -57.74319839477539
  Y: -94.4188003540039
  Z: -35.72050094604492
boundingForTraverse: 95.05372619628906
bugMask: 0
instSizeCafe: 27608
instSizeNx: 96160
sortKey: 0
terrainTextures:
- 521998592
- !u 0xffffff4c
traverseDist: 3000.0
