aabbMax:
  X: 0.0
  Y: 50.0
  Z: 100.0
aabbMin:
  X: -60.0
  Y: 37.13959884643555
  Z: 45.0
boundingForTraverse: 12.860401153564453
bugMask: 0
cursorOffsetY: 0.5
instSizeCafe: 29908
instSizeNx: -1
sortKey: 0
terrainTextures:
- !u 0xffffff47
traverseDist: 1000.0
