aabbMax:
  X: 54.02280044555664
  Y: 0.7604579925537109
  Z: 33.20989990234375
aabbMin:
  X: -51.955299377441406
  Y: -36.10029983520508
  Z: -24.605300903320312
boundingForTraverse: 36.860755920410156
bugMask: 0
cursorOffsetY: 0.5
instSizeCafe: 38044
instSizeNx: 116672
sortKey: 0
terrainTextures:
- 286264064
- !u 0xff4c1f1d
traverseDist: 620.72265625
