aabbMax:
  X: 110.23500061035156
  Y: 35.648101806640625
  Z: 125.43800354003906
aabbMin:
  X: -61.861698150634766
  Y: -40.53219985961914
  Z: -47.21989822387695
boundingForTraverse: 76.1802978515625
bugMask: 0
cursorOffsetY: 0.5
instSizeCafe: -1
instSizeNx: 96160
sortKey: 0
terrainTextures:
- !u 0xffffff08
traverseDist: 743.7786254882812
