aabbMax:
  X: 53.59600067138672
  Y: 41.50419998168945
  Z: 29.598400115966797
aabbMin:
  X: -45.90950012207031
  Y: -39.428001403808594
  Z: -34.15250015258789
boundingForTraverse: 80.93220520019531
bugMask: 0
cursorOffsetY: 0.5
instSizeCafe: 19796
instSizeNx: -1
sortKey: 27
traverseDist: 618.17578125
