aabbMax:
  X: 724.864013671875
  Y: 277.8789978027344
  Z: 42.901798248291016
aabbMin:
  X: 265.12298583984375
  Y: 97.37539672851562
  Z: -207.125
boundingForTraverse: 180.50360107421875
bugMask: 0
cursorOffsetY: 0.5
instSizeCafe: 69732
instSizeNx: -1
sortKey: 0
terrainTextures:
- !u 0xff43420b
traverseDist: 1023.3308715820312
