aabbMax:
  X: 8.025679588317871
  Y: 4.592229843139648
  Z: 12.194600105285645
aabbMin:
  X: -11.610300064086914
  Y: -2.5024900436401367
  Z: -10.472399711608887
boundingForTraverse: 7.094719886779785
bugMask: 0
cursorOffsetY: 0.5
instSizeCafe: 52664
instSizeNx: -1
sortKey: 0
