aabbMax:
  X: 36.096099853515625
  Y: 33.152400970458984
  Z: 21.986499786376953
aabbMin:
  X: -31.092100143432617
  Y: -0.4283370077610016
  Z: -20.816299438476562
boundingForTraverse: 33.58073806762695
bugMask: 0
instSizeCafe: -1
instSizeNx: 96160
sortKey: 0
terrainTextures:
- !u 0xffffff15
