aabbMax:
  X: 15.275500297546387
  Y: 1.729699969291687
  Z: 0.6749989986419678
aabbMin:
  X: -7.099999904632568
  Y: -9.0
  Z: -31.674999237060547
boundingForTraverse: 10.729700088500977
bugMask: 0
cursorOffsetY: 0.5
instSizeCafe: 74948
instSizeNx: -1
sortKey: 0
terrainTextures:
- !u 0xffffff17
