aabbMax:
  X: 24.302600860595703
  Y: 0.160629004240036
  Z: 10.068400382995605
aabbMin:
  X: -23.805500030517578
  Y: -137.0970001220703
  Z: -39.39080047607422
boundingForTraverse: 137.25762939453125
bugMask: 0
cursorOffsetY: 0.5
instSizeCafe: 21252
instSizeNx: 78184
sortKey: 0
traverseDist: 4000.0
