aabbMax:
  X: 36.13309860229492
  Y: 38.94770050048828
  Z: 27.966899871826172
aabbMin:
  X: -34.272499084472656
  Y: -38.18939971923828
  Z: -29.341100692749023
boundingForTraverse: 77.13710021972656
bugMask: 0
cursorOffsetY: 0.5
instSizeCafe: 18612
instSizeNx: -1
sortKey: 0
traverseDist: 1000.0
