aabbMax:
  X: 36.79079818725586
  Y: 13.117500305175781
  Z: 19.797199249267578
aabbMin:
  X: -36.777000427246094
  Y: -13.697199821472168
  Z: -28.720699310302734
boundingForTraverse: 26.814701080322266
bugMask: 0
cursorOffsetY: 0.5
instSizeCafe: 17396
instSizeNx: -1
sortKey: -1
terrainTextures:
- !u 0xffff3230
traverseDist: 588.1260986328125
