aabbMax:
  X: 1.776919960975647
  Y: 1.6283799409866333
  Z: 1.6029900312423706
aabbMin:
  X: -1.8797500133514404
  Y: 0.007350999861955643
  Z: -1.6718000173568726
boundingForTraverse: 1.621029019355774
bugMask: 0
cursorOffsetY: 0.5
instSizeCafe: -1
instSizeNx: 75656
sortKey: 0
traverseDist: 1000.0
