aabbMax:
  X: 2.304450035095215
  Y: 3.5238800048828125
  Z: 2.399329900741577
aabbMin:
  X: -2.32778000831604
  Y: -3.3937699794769287
  Z: -2.1165599822998047
boundingForTraverse: 6.91765022277832
bugMask: 0
cursorOffsetY: 0.5
instSizeCafe: 29908
instSizeNx: -1
sortKey: -2
terrainTextures:
- !u 0xffffff15
traverseDist: 300.0
