aabbMax:
  X: 30.527099609375
  Y: 0.9245659708976746
  Z: 14.177300453186035
aabbMin:
  X: -30.298500061035156
  Y: -20.823999404907227
  Z: -3.9440300464630127
boundingForTraverse: 21.748565673828125
bugMask: 0
instSizeCafe: 18796
instSizeNx: -1
sortKey: 0
terrainTextures:
- !u 0xffffff03
traverseDist: 563.4675903320312
