aabbMax:
  X: 45.07789993286133
  Y: 118.94400024414062
  Z: 89.625
aabbMin:
  X: -46.01150131225586
  Y: -118.5739974975586
  Z: -88.30380249023438
boundingForTraverse: 237.51800537109375
bugMask: 0
cursorOffsetY: 0.5
instSizeCafe: 18932
instSizeNx: 75656
sortKey: 0
traverseDist: 2000.0
