aabbMax:
  X: 4.377590179443359
  Y: 1.7922500371932983
  Z: 2.299410104751587
aabbMin:
  X: -4.923659801483154
  Y: -0.002087000058963895
  Z: -0.35333600640296936
boundingForTraverse: 1.7943370342254639
bugMask: 0
cursorOffsetY: 0.5
instSizeCafe: 27608
instSizeNx: -1
sortKey: -15
