aabbMax:
  X: 273.3089904785156
  Y: 324.364990234375
  Z: 273.3089904785156
aabbMin:
  X: -273.3089904785156
  Y: -46.57709884643555
  Z: -273.3089904785156
boundingForTraverse: 370.94207763671875
bugMask: 0
cursorOffsetY: 0.5
instSizeCafe: 18292
instSizeNx: 75656
sortKey: -26
traverseDist: 1273.0345458984375
