aabbMax:
  X: 11.0
  Y: 0.0
  Z: 2.5
aabbMin:
  X: -11.0
  Y: -0.2413949966430664
  Z: -3.0
boundingForTraverse: 0.2413949966430664
bugMask: 0
cursorOffsetY: 0.5
instSizeCafe: 17140
instSizeNx: 75656
sortKey: -2
traverseDist: 200.0
