aabbMax:
  X: 3.0974700450897217
  Y: 7.604579925537109
  Z: 0.6269329786300659
aabbMin:
  X: -3.3312900066375732
  Y: 0.0
  Z: -0.44707798957824707
boundingForTraverse: 7.604579925537109
bugMask: 0
cursorOffsetY: 0.5
instSizeCafe: 50872
instSizeNx: -1
sortKey: 0
