aabbMax:
  X: 32.02880096435547
  Y: 64.40290069580078
  Z: 13.906999588012695
aabbMin:
  X: -32.35430145263672
  Y: -1.0016499757766724
  Z: -12.092900276184082
boundingForTraverse: 65.40454864501953
bugMask: 0
cursorOffsetY: 0.5
instSizeCafe: 165160
instSizeNx: -1
sortKey: 0
traverseDist: 569.4346923828125
