aabbMax:
  X: 61.040000915527344
  Y: 48.05059814453125
  Z: 18.441099166870117
aabbMin:
  X: -61.040000915527344
  Y: -52.193599700927734
  Z: -82.74120330810547
boundingForTraverse: 100.24420166015625
bugMask: 0
cursorOffsetY: 0.5
instSizeCafe: 45684
instSizeNx: -1
sortKey: 0
traverseDist: 3000.0
