aabbMax:
  X: 14.378199577331543
  Y: 15.348699569702148
  Z: 15.682299613952637
aabbMin:
  X: 1.2573699951171875
  Y: -5.444729804992676
  Z: -14.742799758911133
boundingForTraverse: 20.79343032836914
bugMask: 0
cursorOffsetY: 0.5
instSizeCafe: -1
instSizeNx: 120768
sortKey: -13
traverseDist: 533.1337280273438
