aabbMax:
  X: 1.6426199674606323
  Y: 1.705680012702942
  Z: 3.4697799682617188
aabbMin:
  X: -1.4209100008010864
  Y: -1.2999999523162842
  Z: -3.416019916534424
boundingForTraverse: 3.0056800842285156
bugMask: 3
instSizeCafe: 42940
instSizeNx: -1
lookAtOffsetY: 0.699999988079071
sortKey: -22
