aabbMax:
  X: 9.234990119934082
  Y: 1.0302300453186035
  Z: 6.9749298095703125
aabbMin:
  X: -8.832889556884766
  Y: -22.496599197387695
  Z: -6.01839017868042
boundingForTraverse: 23.52682876586914
bugMask: 0
cursorOffsetY: 0.5
instSizeCafe: 37784
instSizeNx: -1
sortKey: 0
terrainTextures:
- 487657472
- !u 0xffff4c1f
