aabbMax:
  X: 60.528499603271484
  Y: 61.643699645996094
  Z: 89.68620300292969
aabbMin:
  X: -58.56869888305664
  Y: -1.2798999547958374
  Z: -45.592201232910156
boundingForTraverse: 62.92359924316406
bugMask: 0
instSizeCafe: 40792
instSizeNx: -1
sortKey: 0
terrainTextures:
- !u 0xffff4d2a
traverseDist: 1000.0
