aabbMax:
  X: 0.9572070240974426
  Y: 0.38266199827194214
  Z: 0.907368004322052
aabbMin:
  X: -0.9076060056686401
  Y: -0.019345000386238098
  Z: -0.982807993888855
boundingForTraverse: 0.40200701355934143
bugMask: 0
instSizeCafe: 17136
instSizeNx: -1
sortKey: 0
terrainTextures:
- !u 0xffffff15
