aabbMax:
  X: 20.24850082397461
  Y: 27.166500091552734
  Z: 13.702699661254883
aabbMin:
  X: -19.624500274658203
  Y: -3.999999989900971e-06
  Z: -13.702699661254883
boundingForTraverse: 27.16650390625
bugMask: 0
cursorOffsetY: 0.5
instSizeCafe: -1
instSizeNx: 120768
sortKey: 0
traverseDist: 1000.0
