aabbMax:
  X: 9.642419815063477
  Y: 0.5677580237388611
  Z: 3.6978800296783447
aabbMin:
  X: -10.008099555969238
  Y: -14.73009967803955
  Z: -4.645349979400635
boundingForTraverse: 15.297857284545898
bugMask: 0
cursorOffsetY: 0.5
instSizeCafe: 27604
instSizeNx: -1
sortKey: 2
terrainTextures:
- !u 0xff4d1d11
