aabbMax:
  X: 10.124699592590332
  Y: 67.00409698486328
  Z: 9.917980194091797
aabbMin:
  X: -9.938209533691406
  Y: -4.247759819030762
  Z: -10.117400169372559
boundingForTraverse: 71.2518539428711
bugMask: 0
instSizeCafe: 39732
instSizeNx: -1
sortKey: 0
traverseDist: 1000.0
