aabbMax:
  X: 128.6719970703125
  Y: 2.406480073928833
  Z: 10.245499610900879
aabbMin:
  X: -31.63629913330078
  Y: -76.4656982421875
  Z: -5.952320098876953
boundingForTraverse: 78.87217712402344
bugMask: 0
cursorOffsetY: 0.5
instSizeCafe: 62076
instSizeNx: -1
sortKey: -2
traverseDist: 500.0
