aabbMax:
  X: 15.218799591064453
  Y: 0.33476999402046204
  Z: 13.062199592590332
aabbMin:
  X: -15.089300155639648
  Y: -70.20189666748047
  Z: -17.87459945678711
boundingForTraverse: 70.53666687011719
bugMask: 0
instSizeCafe: 20996
instSizeNx: -1
sortKey: 0
traverseDist: 1000.0
