aabbMax:
  X: 5.9419097900390625
  Y: 0.5812529921531677
  Z: 1.3385200500488281
aabbMin:
  X: -5.9419097900390625
  Y: -2.6952500343322754
  Z: -1.3385200500488281
boundingForTraverse: 3.276503086090088
bugMask: 0
cursorOffsetY: 0.5
instSizeCafe: 17644
instSizeNx: -1
sortKey: 9
traverseDist: 300.0
