aabbMax:
  X: 58.48320007324219
  Y: 147.30599975585938
  Z: 125.947998046875
aabbMin:
  X: -65.46050262451172
  Y: -150.125
  Z: -119.55599975585938
boundingForTraverse: 297.4309997558594
bugMask: 0
cursorOffsetY: 0.5
instSizeCafe: 18928
instSizeNx: -1
sortKey: 0
traverseDist: 8000.0
