aabbMax:
  X: 4.923799991607666
  Y: 10.815500259399414
  Z: 5.436009883880615
aabbMin:
  X: -5.1768798828125
  Y: -6.663879871368408
  Z: -3.2827999591827393
boundingForTraverse: 17.479379653930664
bugMask: 0
instSizeCafe: 16880
instSizeNx: -1
sortKey: 0
