aabbMax:
  X: 33.359901428222656
  Y: 1.9555100202560425
  Z: 34.12540054321289
aabbMin:
  X: -30.380599975585938
  Y: -100.08799743652344
  Z: -0.46693798899650574
boundingForTraverse: 102.04351043701172
bugMask: 0
cursorOffsetY: 0.5
instSizeCafe: 17772
instSizeNx: -1
sortKey: 0
terrainTextures:
- !u 0xff331d11
traverseDist: 3000.0
