aabbMax:
  X: 44.58570098876953
  Y: 35.9921989440918
  Z: 24.665599822998047
aabbMin:
  X: -31.512399673461914
  Y: -31.226299285888672
  Z: -43.84450149536133
boundingForTraverse: 67.21849822998047
bugMask: 0
cursorOffsetY: 0.5
instSizeCafe: 19476
instSizeNx: 75656
sortKey: 0
terrainTextures:
- !u 0xffff1e12
traverseDist: 602.3941040039062
