aabbMax:
  X: 24.526899337768555
  Y: 2.991230010986328
  Z: 38.55649948120117
aabbMin:
  X: -26.99679946899414
  Y: -48.931400299072266
  Z: -27.24810028076172
boundingForTraverse: 51.922630310058594
bugMask: 0
cursorOffsetY: 0.5
instSizeCafe: -1
instSizeNx: 96160
sortKey: 25
traverseDist: 583.575927734375
