aabbMax:
  X: 9.17311954498291
  Y: 11.405500411987305
  Z: 5.2534098625183105
aabbMin:
  X: -8.776729583740234
  Y: -4.784550189971924
  Z: -4.272940158843994
boundingForTraverse: 16.19005012512207
bugMask: 0
cursorOffsetY: 0.5
instSizeCafe: 28760
instSizeNx: 96160
sortKey: 2
traverseDist: 520.3211059570312
