aabbMax:
  X: 44.05939865112305
  Y: 0.9006720185279846
  Z: 18.250699996948242
aabbMin:
  X: -35.856201171875
  Y: -12.718500137329102
  Z: -33.02479934692383
boundingForTraverse: 79.91560363769531
bugMask: 0
instSizeCafe: 17140
instSizeNx: 75656
sortKey: 0
terrainTextures:
- !u 0xffff1d11
