aabbMax:
  X: 8.790969848632812
  Y: 2.046109914779663
  Z: 3.5700299739837646
aabbMin:
  X: 4.062389850616455
  Y: -5.4753899574279785
  Z: -3.582170009613037
boundingForTraverse: 7.521500110626221
bugMask: 0
instSizeCafe: 39324
instSizeNx: -1
sortKey: -9
traverseDist: 3000.0
