aabbMax:
  X: 45.23820114135742
  Y: 5.1108598709106445
  Z: 21.958200454711914
aabbMin:
  X: -40.84629821777344
  Y: -66.3019027709961
  Z: -9.71953010559082
boundingForTraverse: 71.41276550292969
bugMask: 0
instSizeCafe: 18288
instSizeNx: -1
sortKey: 0
terrainTextures:
- !u 0xffffff03
traverseDist: 2000.0
