aabbMax:
  X: 101.35299682617188
  Y: 0.3664650022983551
  Z: 55.3380012512207
aabbMin:
  X: -107.19300079345703
  Y: -140.95899963378906
  Z: -23.379499435424805
boundingForTraverse: 141.32546997070312
bugMask: 0
cursorOffsetY: 0.5
instSizeCafe: 41436
instSizeNx: -1
sortKey: 0
terrainTextures:
- !u 0xffff4d2a
traverseDist: 2000.0
