aabbMax:
  X: 3.085829973220825
  Y: -0.7109569907188416
  Z: 6.633359909057617
aabbMin:
  X: -5.30866003036499
  Y: -2.6577799320220947
  Z: -1.3477100133895874
boundingForTraverse: 1.946823000907898
bugMask: 0
cursorOffsetY: 0.5
instSizeCafe: -1
instSizeNx: 75656
sortKey: -10
