aabbMax:
  X: 41.53160095214844
  Y: 0.09999799728393555
  Z: 7.575409889221191
aabbMin:
  X: -42.486000061035156
  Y: -54.47829818725586
  Z: -30.02560043334961
boundingForTraverse: 54.57829666137695
bugMask: 0
cursorOffsetY: 0.5
instSizeCafe: 21252
instSizeNx: -1
sortKey: -8
traverseDist: 592.0477905273438
