aabbMax:
  X: 31.974700927734375
  Y: 1.0466599464416504
  Z: 20.48539924621582
aabbMin:
  X: -29.510099411010742
  Y: -200.98300170898438
  Z: -21.596599578857422
boundingForTraverse: 202.0296630859375
bugMask: 0
cursorOffsetY: 0.5
instSizeCafe: 17392
instSizeNx: -1
sortKey: 4
terrainTextures:
- !u 0xffff1d11
traverseDist: 574.5068969726562
