aabbMax:
  X: 37.785099029541016
  Y: 35.63600158691406
  Z: 32.9651985168457
aabbMin:
  X: -35.17599868774414
  Y: -0.35335201025009155
  Z: -37.250301361083984
boundingForTraverse: 35.98935317993164
bugMask: 0
instSizeCafe: -1
instSizeNx: 124864
sortKey: 0
terrainTextures:
- !u 0xff4c1f00
traverseDist: 1300.0
