aabbMax:
  X: 32.45880126953125
  Y: 127.59300231933594
  Z: 34.846099853515625
aabbMin:
  X: -37.77349853515625
  Y: 3.1372900009155273
  Z: -41.46070098876953
boundingForTraverse: 124.4557113647461
bugMask: 0
cursorOffsetY: 0.5
instSizeCafe: 53176
instSizeNx: -1
sortKey: 0
terrainTextures:
- !u 0xffff4342
traverseDist: 8000.0
