aabbMax:
  X: 70.0071029663086
  Y: 12.57919979095459
  Z: 46.20920181274414
aabbMin:
  X: -81.07839965820312
  Y: -116.21499633789062
  Z: -76.79810333251953
boundingForTraverse: 128.794189453125
bugMask: 0
instSizeCafe: 193460
instSizeNx: 477248
sortKey: 0
terrainTextures:
- !u 0xffff402c
traverseDist: 3000.0
