aabbMax:
  X: 0.0
  Y: 35.47719955444336
  Z: 3.3564600944519043
aabbMin:
  X: -8.3648099899292
  Y: -0.2507930099964142
  Z: -4.871049880981445
boundingForTraverse: 35.72799301147461
bugMask: 0
cursorOffsetY: 0.5
instSizeCafe: 40348
instSizeNx: 116672
sortKey: 2
traverseDist: 511.7329406738281
