aabbMax:
  X: 0.6914700269699097
  Y: 0.9386579990386963
  Z: 0.9429100155830383
aabbMin:
  X: -0.6860120296478271
  Y: 0.0
  Z: -0.8318579792976379
boundingForTraverse: 0.9386579990386963
bugMask: 1
cursorOffsetY: 0.5
instSizeCafe: -1
instSizeNx: 157656
lookAtOffsetY: 0.800000011920929
rigidBodyCenterY: 0.5145599842071533
sortKey: 0
