aabbMax:
  X: 3.91579008102417
  Y: 4.9338698387146
  Z: 2.11722993850708
aabbMin:
  X: 2.346290111541748
  Y: 0.8829349875450134
  Z: 1.0371999740600586
boundingForTraverse: 4.050934791564941
bugMask: 1
cursorOffsetY: 0.5
instSizeCafe: 48164
instSizeNx: -1
sortKey: 2
traverseDist: 1000.0
