aabbMax:
  X: 10.92549991607666
  Y: 4.910769939422607
  Z: 10.153300285339355
aabbMin:
  X: -11.225500106811523
  Y: -5.778840065002441
  Z: -10.740799903869629
boundingForTraverse: 10.68960952758789
bugMask: 0
cursorOffsetY: 0.5
instSizeCafe: -1
instSizeNx: 96160
sortKey: 0
terrainTextures:
- !u 0xffff3008
traverseDist: 1000.0
