aabbMax:
  X: 4.153580188751221
  Y: 6.536190032958984
  Z: 4.460529804229736
aabbMin:
  X: -5.039120197296143
  Y: -0.625495970249176
  Z: -5.360960006713867
boundingForTraverse: 7.161685943603516
bugMask: 0
cursorOffsetY: 0.5
instSizeCafe: 62436
instSizeNx: -1
sortKey: 2
