aabbMax:
  X: 24.261899948120117
  Y: 0.40575501322746277
  Z: 31.14929962158203
aabbMin:
  X: -25.42799949645996
  Y: -22.359899520874023
  Z: -28.320100784301758
boundingForTraverse: 22.765653610229492
bugMask: 0
cursorOffsetY: 0.5
instSizeCafe: 38580
instSizeNx: -1
sortKey: 0
terrainTextures:
- !u 0xffff3e1c
