aabbMax:
  X: 72.41510009765625
  Y: 0.6254429817199707
  Z: 5.690380096435547
aabbMin:
  X: -72.47930145263672
  Y: -35.62030029296875
  Z: -35.8218994140625
boundingForTraverse: 36.24574279785156
bugMask: 0
cursorOffsetY: 0.5
instSizeCafe: -1
instSizeNx: 78168
sortKey: 0
traverseDist: 1000.0
