aabbMax:
  X: 2.9774301052093506
  Y: 0.4629319906234741
  Z: 0.4033310115337372
aabbMin:
  X: -0.04631799831986427
  Y: -0.5963929891586304
  Z: -0.4033310115337372
boundingForTraverse: 1.0593249797821045
bugMask: 0
cursorOffsetY: 0.5
instSizeCafe: 18220
instSizeNx: -1
sortKey: -2
