aabbMax:
  X: 14.027299880981445
  Y: 17.49489974975586
  Z: 11.33530044555664
aabbMin:
  X: -8.903820037841797
  Y: 3.4614601135253906
  Z: -6.085440158843994
boundingForTraverse: 14.033439636230469
bugMask: 0
cursorOffsetY: 0.5
instSizeCafe: 29424
instSizeNx: -1
sortKey: 0
traverseDist: 528.7979125976562
