aabbMax:
  X: 33.807899475097656
  Y: 3.107450008392334
  Z: 15.038100242614746
aabbMin:
  X: -38.52360153198242
  Y: -20.18829917907715
  Z: -7.642829895019531
boundingForTraverse: 23.29574966430664
bugMask: 0
instSizeCafe: 17644
instSizeNx: -1
sortKey: 0
terrainTextures:
- !u 0xffffff33
