aabbMax:
  X: 5.689129829406738
  Y: 1.4738999605178833
  Z: 5.575119972229004
aabbMin:
  X: -4.112180233001709
  Y: -0.7500050067901611
  Z: -7.372220039367676
boundingForTraverse: 2.223905086517334
bugMask: 0
cursorOffsetY: 0.5
instSizeCafe: 18548
instSizeNx: -1
sortKey: 0
traverseDist: 500.0
