aabbMax:
  X: 7.017360210418701
  Y: 9.049969673156738
  Z: 8.148429870605469
aabbMin:
  X: -1.1293599605560303
  Y: -0.03026299923658371
  Z: -0.04660100117325783
boundingForTraverse: 9.080232620239258
bugMask: 0
cursorOffsetY: 0.5
instSizeCafe: 53116
instSizeNx: -1
sortKey: 18
traverseDist: 500.0
