aabbMax:
  X: 41.55659866333008
  Y: 38.04050064086914
  Z: 39.20640182495117
aabbMin:
  X: -38.88819885253906
  Y: -87.78880310058594
  Z: -10.168000221252441
boundingForTraverse: 125.82929992675781
bugMask: 0
instSizeCafe: 30264
instSizeNx: 96160
sortKey: -6
traverseDist: 594.3885498046875
