aabbMax:
  X: 0.12493900209665298
  Y: 0.0625
  Z: 0.12493900209665298
aabbMin:
  X: -0.12493900209665298
  Y: -2.5625
  Z: -0.12493900209665298
boundingForTraverse: 2.625
bugMask: 3
cursorOffsetY: 0.5
instSizeCafe: 40340
instSizeNx: 102288
sortKey: -12
