aabbMax:
  X: 19.009300231933594
  Y: 0.6055600047111511
  Z: 22.53260040283203
aabbMin:
  X: -19.59869956970215
  Y: -71.41320037841797
  Z: -18.39310073852539
boundingForTraverse: 72.01876068115234
bugMask: 0
cursorOffsetY: 0.5
instSizeCafe: 37788
instSizeNx: -1
sortKey: -9
terrainTextures:
- 487657472
- !u 0xffff4c1f
traverseDist: 1000.0
