aabbMax:
  X: 19.997800827026367
  Y: 0.15425099432468414
  Z: 13.229999542236328
aabbMin:
  X: -20.00950050354004
  Y: -69.08429718017578
  Z: -14.077799797058105
boundingForTraverse: 69.2385482788086
bugMask: 0
cursorOffsetY: 0.5
instSizeCafe: 20984
instSizeNx: -1
sortKey: 0
traverseDist: 1000.0
