aabbMax:
  X: 4.190509796142578
  Y: 0.19472600519657135
  Z: 0.01664699986577034
aabbMin:
  X: -7.249839782714844
  Y: -1.176550030708313
  Z: -9.253769874572754
boundingForTraverse: 1.3712760210037231
bugMask: 0
cursorOffsetY: 0.5
instSizeCafe: 38424
instSizeNx: -1
sortKey: -9
traverseDist: 200.0
