aabbMax:
  X: 2.702320098876953
  Y: 28.989599227905273
  Z: 19.35540008544922
aabbMin:
  X: -2.6604700088500977
  Y: 0.31276899576187134
  Z: -9.130109786987305
boundingForTraverse: 28.676830291748047
bugMask: 0
cursorOffsetY: 0.5
instSizeCafe: -1
instSizeNx: 165880
sortKey: 0
traverseDist: 1000.0
