aabbMax:
  X: 3.6648600101470947
  Y: 1.1781400442123413
  Z: 6.201720237731934
aabbMin:
  X: -5.184529781341553
  Y: -8.943650245666504
  Z: -2.8827099800109863
boundingForTraverse: 10.121789932250977
bugMask: 0
cursorOffsetY: 0.5
instSizeCafe: -1
instSizeNx: 75656
sortKey: -7
