aabbMax:
  X: -6.530700206756592
  Y: 50.5723991394043
  Z: 132.20399475097656
aabbMin:
  X: -135.81500244140625
  Y: -0.7282559871673584
  Z: 3.0796399116516113
boundingForTraverse: 51.300655364990234
bugMask: 0
cursorOffsetY: 0.5
instSizeCafe: 17140
instSizeNx: 75656
sortKey: 0
