aabbMax:
  X: 144.94200134277344
  Y: 6.317890167236328
  Z: 103.41699981689453
aabbMin:
  X: -86.6447982788086
  Y: -125.92400360107422
  Z: -98.23880004882812
boundingForTraverse: 132.2418975830078
bugMask: 0
cursorOffsetY: 0.5
instSizeCafe: 30616
instSizeNx: -1
sortKey: 0
traverseDist: 8000.0
