aabbMax:
  X: 20.11319923400879
  Y: 0.09999799728393555
  Z: 6.669620037078857
aabbMin:
  X: -20.00790023803711
  Y: -70.2979965209961
  Z: -15.799300193786621
boundingForTraverse: 70.39799499511719
bugMask: 0
instSizeCafe: 21244
instSizeNx: -1
sortKey: 2
traverseDist: 545.9843139648438
