aabbMax:
  X: 51.827701568603516
  Y: 35.430198669433594
  Z: 56.263999938964844
aabbMin:
  X: -59.737701416015625
  Y: -0.01578100025653839
  Z: -51.74399948120117
boundingForTraverse: 35.445980072021484
bugMask: 0
instSizeCafe: -1
instSizeNx: 96160
sortKey: 2
terrainTextures:
- !u 0xffff1d11
traverseDist: 655.2822265625
