aabbMax:
  X: 30.44770050048828
  Y: 82.14739990234375
  Z: 93.36730194091797
aabbMin:
  X: -30.44770050048828
  Y: 0.0
  Z: -93.36730194091797
boundingForTraverse: 82.14739990234375
bugMask: 0
instSizeCafe: 44788
instSizeNx: -1
sortKey: -3
terrainTextures:
- !u 0xffffff47
traverseDist: 696.4129638671875
