aabbMax:
  X: 24.520299911499023
  Y: 0.10000000149011612
  Z: 24.408899307250977
aabbMin:
  X: -24.520299911499023
  Y: 0.10000000149011612
  Z: -8.156829833984375
boundingForTraverse: 29.43427848815918
bugMask: 0
cursorOffsetY: 0.5
instSizeCafe: 19844
instSizeNx: 78184
sortKey: 0
traverseDist: 558.8685302734375
