aabbMax:
  X: 30.755800247192383
  Y: 1.5641599893569946
  Z: 1.774209976196289
aabbMin:
  X: -25.23780059814453
  Y: -55.243499755859375
  Z: -15.204299926757812
boundingForTraverse: 56.80765914916992
bugMask: 0
cursorOffsetY: 0.5
instSizeCafe: 38580
instSizeNx: -1
sortKey: 0
terrainTextures:
- 487657472
- !u 0xffff4c1f
