aabbMax:
  X: 7.881629943847656
  Y: 54.90359878540039
  Z: 7.831940174102783
aabbMin:
  X: -8.238960266113281
  Y: -10.727499961853027
  Z: -8.453240394592285
boundingForTraverse: 65.63109588623047
bugMask: 0
cursorOffsetY: 0.5
instSizeCafe: 18164
instSizeNx: 75656
sortKey: 0
traverseDist: 300.0
