aabbMax:
  X: 12.74839973449707
  Y: 7.250549793243408
  Z: 37.27989959716797
aabbMin:
  X: -11.212900161743164
  Y: -44.92169952392578
  Z: -36.81290054321289
boundingForTraverse: 52.17224884033203
bugMask: 0
instSizeCafe: 51712
instSizeNx: 141272
sortKey: 0
