aabbMax:
  X: 198.35800170898438
  Y: 35.00320053100586
  Z: 186.34800720214844
aabbMin:
  X: -279.85400390625
  Y: -80.8655014038086
  Z: -101.41500091552734
boundingForTraverse: 115.86869812011719
bugMask: 0
cursorOffsetY: 0.5
instSizeCafe: -1
instSizeNx: 145368
sortKey: 0
terrainTextures:
- !u 0xffffff47
traverseDist: 1058.11669921875
