aabbMax:
  X: 32.942100524902344
  Y: 10.39739990234375
  Z: 33.07630157470703
aabbMin:
  X: -7.858890056610107
  Y: -1.302340030670166
  Z: -9.181550025939941
boundingForTraverse: 11.699739456176758
bugMask: 0
cursorOffsetY: 0.5
instSizeCafe: 27604
instSizeNx: -1
sortKey: 0
terrainTextures:
- !u 0xffff3008
traverseDist: 1000.0
