aabbMax:
  X: 16.73069953918457
  Y: 13.481800079345703
  Z: 31.20359992980957
aabbMin:
  X: -20.100099563598633
  Y: -52.8672981262207
  Z: -8.09358024597168
boundingForTraverse: 66.3490982055664
bugMask: 0
instSizeCafe: 58412
instSizeNx: -1
sortKey: 14
terrainTextures:
- !u 0xffffff33
traverseDist: 553.8588256835938
