aabbMax:
  X: 7.699150085449219
  Y: 17.313199996948242
  Z: 26.56909942626953
aabbMin:
  X: -12.589099884033203
  Y: -10.255000114440918
  Z: -9.905590057373047
boundingForTraverse: 27.568199157714844
bugMask: 0
cursorOffsetY: 0.5
instSizeCafe: 17396
instSizeNx: -1
sortKey: 8
terrainTextures:
- !u 0xffff1d11
traverseDist: 800.0
