aabbMax:
  X: 66.79969787597656
  Y: 4.733749866485596
  Z: 130.4429931640625
aabbMin:
  X: -17.71769905090332
  Y: -118.58300018310547
  Z: -126.51000213623047
boundingForTraverse: 123.3167495727539
bugMask: 0
cursorOffsetY: 0.5
instSizeCafe: -1
instSizeNx: 96160
sortKey: 0
traverseDist: 8000.0
