aabbMax:
  X: 25.209400177001953
  Y: 2.645080089569092
  Z: 28.478500366210938
aabbMin:
  X: -28.6658992767334
  Y: -198.4429931640625
  Z: -12.725600242614746
boundingForTraverse: 201.08807373046875
bugMask: 0
cursorOffsetY: 0.5
instSizeCafe: 30320
instSizeNx: -1
sortKey: 0
terrainTextures:
- !u 0xffffff10
traverseDist: 1000.0
