aabbMax:
  X: 12.051199913024902
  Y: 1.3504400253295898
  Z: 5.607460021972656
aabbMin:
  X: -11.607999801635742
  Y: -41.86759948730469
  Z: -8.47422981262207
boundingForTraverse: 43.218040466308594
bugMask: 0
instSizeCafe: 17552
instSizeNx: 76336
sortKey: 0
terrainTextures:
- !u 0xffffff33
traverseDist: 1000.0
