aabbMax:
  X: 18.547500610351562
  Y: 17.173500061035156
  Z: 17.04330062866211
aabbMin:
  X: -20.587299346923828
  Y: -1.8933600187301636
  Z: -23.71739959716797
boundingForTraverse: 19.06686019897461
bugMask: 0
instSizeCafe: 29168
instSizeNx: -1
sortKey: 0
terrainTextures:
- !u 0xffffff08
traverseDist: 1000.0
