aabbMax:
  X: 76.8646011352539
  Y: 32.61520004272461
  Z: 134.99000549316406
aabbMin:
  X: -76.8646011352539
  Y: -42.30009841918945
  Z: -158.43600463867188
boundingForTraverse: 74.91529846191406
bugMask: 0
instSizeCafe: 40420
instSizeNx: -1
rigidBodyCenterY: 3.759429931640625
sortKey: 2
traverseDist: 831.2574462890625
