aabbMax:
  X: 8.261710166931152
  Y: 0.7877039909362793
  Z: 9.623909950256348
aabbMin:
  X: -7.969689846038818
  Y: -100.5989990234375
  Z: -15.903599739074707
boundingForTraverse: 101.38670349121094
bugMask: 0
instSizeCafe: 20464
instSizeNx: -1
sortKey: 0
traverseDist: 1000.0
