aabbMax:
  X: 1.925920009613037
  Y: 0.02500000037252903
  Z: 2.9080100059509277
aabbMin:
  X: -1.9621299505233765
  Y: 0.02500000037252903
  Z: -2.9071900844573975
boundingForTraverse: 3.497623920440674
bugMask: 0
cursorOffsetY: 0.5
instSizeCafe: 17524
instSizeNx: 75656
sortKey: 0
