aabbMax:
  X: 39.32720184326172
  Y: 39.839500427246094
  Z: 21.15220069885254
aabbMin:
  X: -39.739898681640625
  Y: -1.075510025024414
  Z: -23.755199432373047
boundingForTraverse: 40.915008544921875
bugMask: 0
cursorOffsetY: 0.5
instSizeCafe: -1
instSizeNx: 120768
sortKey: -7
terrainTextures:
- !u 0xffffff4e
traverseDist: 590.9301147460938
