aabbMax:
  X: 15.101499557495117
  Y: 0.11106099933385849
  Z: 20.33180046081543
aabbMin:
  X: -13.505599975585938
  Y: -120.0
  Z: -14.605299949645996
boundingForTraverse: 120.1110610961914
bugMask: 0
cursorOffsetY: 0.5
instSizeCafe: 42556
instSizeNx: 124864
sortKey: 0
terrainTextures:
- !u 0xffffff44
traverseDist: 545.1549072265625
