aabbMax:
  X: 0.28227099776268005
  Y: 4.425320148468018
  Z: 0.30201101303100586
aabbMin:
  X: -0.2798599898815155
  Y: -0.0057230000384151936
  Z: -0.31522101163864136
boundingForTraverse: 4.4310431480407715
bugMask: 0
cursorOffsetY: 0.5
instSizeCafe: 29296
instSizeNx: -1
sortKey: 0
