aabbMax:
  X: 18.63759994506836
  Y: 0.23541299998760223
  Z: 8.149889945983887
aabbMin:
  X: -18.746200561523438
  Y: -70.0730972290039
  Z: -31.096900939941406
boundingForTraverse: 70.30850982666016
bugMask: 0
instSizeCafe: -1
instSizeNx: 78192
sortKey: 0
traverseDist: 1000.0
