aabbMax:
  X: 43.327301025390625
  Y: 73.0770034790039
  Z: 20.51099967956543
aabbMin:
  X: -78.13639831542969
  Y: -14.704400062561035
  Z: -57.351200103759766
boundingForTraverse: 87.78140258789062
bugMask: 0
instSizeCafe: 38044
instSizeNx: 116672
sortKey: 0
terrainTextures:
- !u 0xff373108
traverseDist: 3000.0
