aabbMax:
  X: 49.711700439453125
  Y: 2.705660104751587
  Z: 31.14109992980957
aabbMin:
  X: -51.82080078125
  Y: -60.540199279785156
  Z: -11.659000396728516
boundingForTraverse: 63.2458610534668
bugMask: 0
cursorOffsetY: 0.5
instSizeCafe: 29912
instSizeNx: -1
sortKey: 0
terrainTextures:
- !u 0xffffff10
traverseDist: 3000.0
