aabbMax:
  X: -45.0
  Y: 54.5099983215332
  Z: 25.0
aabbMin:
  X: -132.072998046875
  Y: 4.510000228881836
  Z: -40.0
boundingForTraverse: 50.0
bugMask: 0
cursorOffsetY: 0.5
instSizeCafe: 29912
instSizeNx: -1
sortKey: -5
traverseDist: 608.65869140625
