aabbMax:
  X: 21.140899658203125
  Y: 77.74600219726562
  Z: 23.6481990814209
aabbMin:
  X: -27.023500442504883
  Y: 37.2400016784668
  Z: -23.6481990814209
boundingForTraverse: 40.50600051879883
bugMask: 0
cursorOffsetY: 0.5
instSizeCafe: -1
instSizeNx: 124864
sortKey: 0
terrainTextures:
- !u 0xffffff47
traverseDist: 567.5037841796875
