aabbMax:
  X: 6.2062602043151855
  Y: 0.4895940124988556
  Z: 1.7516499757766724
aabbMin:
  X: -6.321539878845215
  Y: -38.9541015625
  Z: -9.830920219421387
boundingForTraverse: 39.443695068359375
bugMask: 0
instSizeCafe: 17140
instSizeNx: 75656
sortKey: 0
