aabbMax:
  X: 11.35509967803955
  Y: 7.607029914855957
  Z: 5.2306599617004395
aabbMin:
  X: -10.997200012207031
  Y: -7.487239837646484
  Z: -2.0667500495910645
boundingForTraverse: 15.094269752502441
bugMask: 0
instSizeCafe: 18548
instSizeNx: 75656
sortKey: 0
terrainTextures:
- !u 0xffffff03
traverseDist: 1000.0
