aabbMax:
  X: 3.7535200119018555
  Y: 7.500510215759277
  Z: 5.877930164337158
aabbMin:
  X: -3.9771299362182617
  Y: -1.9640300273895264
  Z: -7.435420036315918
boundingForTraverse: 9.464539527893066
bugMask: 0
cursorOffsetY: 0.5
instSizeCafe: 27604
instSizeNx: -1
sortKey: 0
terrainTextures:
- !u 0xffffff33
traverseDist: 100.0
