aabbMax:
  X: 93.86599731445312
  Y: 141.93099975585938
  Z: 44.782100677490234
aabbMin:
  X: -94.96389770507812
  Y: -0.968093991279602
  Z: -86.60220336914062
boundingForTraverse: 142.8990936279297
bugMask: 0
cursorOffsetY: 0.5
instSizeCafe: 30008
instSizeNx: 96160
sortKey: 0
traverseDist: 4000.0
