aabbMax:
  X: 4.919300079345703
  Y: 0.3094039857387543
  Z: 23.875200271606445
aabbMin:
  X: -4.933909893035889
  Y: -14.809800148010254
  Z: -24.797800064086914
boundingForTraverse: 15.119205474853516
bugMask: 0
instSizeCafe: 38044
instSizeNx: 116672
sortKey: -1
terrainTextures:
- 522064384
- !u 0xffffff4c
traverseDist: 549.6603393554688
