aabbMax:
  X: 41.12080001831055
  Y: 31.252599716186523
  Z: 38.93040084838867
aabbMin:
  X: -41.47890090942383
  Y: -0.6932579874992371
  Z: -39.67060089111328
boundingForTraverse: 31.945858001708984
bugMask: 0
cursorOffsetY: 0.5
instSizeCafe: -1
instSizeNx: 120768
sortKey: 10
terrainTextures:
- !u 0xff4c1f00
traverseDist: 614.0211791992188
