aabbMax:
  X: 10.453700065612793
  Y: 0.2128710001707077
  Z: 1.0670299530029297
aabbMin:
  X: -10.725000381469727
  Y: -1.337149977684021
  Z: -14.76200008392334
boundingForTraverse: 1.5500210523605347
bugMask: 0
cursorOffsetY: 0.5
instSizeCafe: -1
instSizeNx: 120768
sortKey: -24
traverseDist: 400.0
