aabbMax:
  X: 77.49019622802734
  Y: 222.70899963378906
  Z: 99.83740234375
aabbMin:
  X: -71.79440307617188
  Y: -0.43327298760414124
  Z: -104.76499938964844
boundingForTraverse: 223.14227294921875
bugMask: 0
cursorOffsetY: 0.5
instSizeCafe: -1
instSizeNx: 75656
sortKey: 0
terrainTextures:
- !u 0xffffff21
traverseDist: 2000.0
