aabbMax:
  X: 24.043100357055664
  Y: 30.09910011291504
  Z: 21.292600631713867
aabbMin:
  X: -23.676599502563477
  Y: -20.17530059814453
  Z: -4.629749774932861
boundingForTraverse: 50.27439880371094
bugMask: 0
cursorOffsetY: 0.5
instSizeCafe: 18796
instSizeNx: -1
sortKey: 0
terrainTextures:
- !u 0xffffff57
traverseDist: 554.3059692382812
