aabbMax:
  X: 12.75
  Y: 16.925100326538086
  Z: 0.16244100034236908
aabbMin:
  X: -12.75
  Y: -26.379600524902344
  Z: -33.66579818725586
boundingForTraverse: 43.30470275878906
bugMask: 0
cursorOffsetY: 0.5
instSizeCafe: 20460
instSizeNx: -1
sortKey: 2
traverseDist: 542.3627319335938
