aabbMax:
  X: 7.039259910583496
  Y: 6.051060199737549
  Z: 4.17002010345459
aabbMin:
  X: -5.422830104827881
  Y: -0.2722170054912567
  Z: -4.179540157318115
boundingForTraverse: 6.323276996612549
bugMask: 0
cursorOffsetY: 0.5
instSizeCafe: 29112
instSizeNx: 96160
sortKey: 0
traverseDist: 515.0006103515625
