aabbMax:
  X: -23.846799850463867
  Y: 375.95098876953125
  Z: 268.36199951171875
aabbMin:
  X: -366.5870056152344
  Y: -19.34869956970215
  Z: -223.07899475097656
boundingForTraverse: 395.2996826171875
bugMask: 0
cursorOffsetY: 0.5
instSizeCafe: 60288
instSizeNx: 150520
sortKey: -28
traverseDist: 1099.153564453125
