aabbMax:
  X: 34.74980163574219
  Y: 29.368000030517578
  Z: 22.852399826049805
aabbMin:
  X: -38.75210189819336
  Y: -17.425100326538086
  Z: -25.135000228881836
boundingForTraverse: 46.79309844970703
bugMask: 0
instSizeCafe: 27608
instSizeNx: -1
sortKey: 0
terrainTextures:
- !u 0xffff3731
traverseDist: 2000.0
