aabbMax:
  X: 7.430540084838867
  Y: 0.463126003742218
  Z: 5.985219955444336
aabbMin:
  X: -7.895199775695801
  Y: -23.92620086669922
  Z: -10.194999694824219
boundingForTraverse: 24.389326095581055
bugMask: 0
cursorOffsetY: 0.5
instSizeCafe: 28888
instSizeNx: -1
sortKey: 1
terrainTextures:
- !u 0xff1d1110
traverseDist: 522.2862548828125
