aabbMax:
  X: 17.13759994506836
  Y: 0.3894760012626648
  Z: 9.718400001525879
aabbMin:
  X: -16.963699340820312
  Y: -11.104499816894531
  Z: -0.3153879940509796
boundingForTraverse: 11.493975639343262
bugMask: 0
instSizeCafe: 18796
instSizeNx: -1
sortKey: 0
terrainTextures:
- !u 0xffffff03
traverseDist: 535.5468139648438
