aabbMax:
  X: 0.7937769889831543
  Y: 55.37089920043945
  Z: 0.7937470078468323
aabbMin:
  X: -141.2949981689453
  Y: -95.69000244140625
  Z: -106.58000183105469
boundingForTraverse: 151.06089782714844
bugMask: 0
cursorOffsetY: 0.5
instSizeCafe: 279544
instSizeNx: 694536
sortKey: 0
traverseDist: 678.096435546875
