aabbMax:
  X: 35.0
  Y: 0.0
  Z: 55.0
aabbMin:
  X: -35.0
  Y: 0.0
  Z: -55.0
boundingForTraverse: 65.19202423095703
bugMask: 0
cursorOffsetY: 0.5
instSizeCafe: -1
instSizeNx: 145368
sortKey: 0
traverseDist: 630.384033203125
