aabbMax:
  X: 11.598299980163574
  Y: 1.3572900295257568
  Z: 12.499099731445312
aabbMin:
  X: -11.812100410461426
  Y: -2.6777501106262207
  Z: -12.05090045928955
boundingForTraverse: 4.035039901733398
bugMask: 0
cursorOffsetY: 0.5
instSizeCafe: -1
instSizeNx: 75656
sortKey: 0
traverseDist: 1000.0
