aabbMax:
  X: 6.822780132293701
  Y: 30.036100387573242
  Z: 7.125629901885986
aabbMin:
  X: -21.18939971923828
  Y: -30.081600189208984
  Z: -17.29010009765625
boundingForTraverse: 60.117698669433594
bugMask: 0
cursorOffsetY: 0.5
instSizeCafe: 18644
instSizeNx: 75656
sortKey: 0
traverseDist: 1000.0
