aabbMax:
  X: 3.8248000144958496
  Y: 2.5004100799560547
  Z: 0.6499999761581421
aabbMin:
  X: -3.734499931335449
  Y: -0.6479730010032654
  Z: -0.6500020027160645
boundingForTraverse: 3.1483829021453857
bugMask: 0
cursorOffsetY: 0.5
instSizeCafe: 40088
instSizeNx: -1
sortKey: 1
traverseDist: 400.0
