aabbMax:
  X: 22.786500930786133
  Y: 0.2162500023841858
  Z: 13.425299644470215
aabbMin:
  X: -0.7055180072784424
  Y: -1.4599699974060059
  Z: -11.874699592590332
boundingForTraverse: 1.6762200593948364
bugMask: 0
cursorOffsetY: 0.5
instSizeCafe: 38424
instSizeNx: -1
sortKey: -20
traverseDist: 400.0
