aabbMax:
  X: 11.165800094604492
  Y: 6.841650009155273
  Z: 6.888790130615234
aabbMin:
  X: -16.375
  Y: -0.11411400139331818
  Z: -8.04263973236084
boundingForTraverse: 6.955763816833496
bugMask: 0
cursorOffsetY: 0.5
instSizeCafe: 117496
instSizeNx: 280704
sortKey: -15
traverseDist: 800.0
