aabbMax:
  X: 40.00600051879883
  Y: 23.262100219726562
  Z: 24.057100296020508
aabbMin:
  X: -36.52539825439453
  Y: -24.653099060058594
  Z: -8.111889839172363
boundingForTraverse: 47.915199279785156
bugMask: 0
instSizeCafe: 30292
instSizeNx: -1
sortKey: 0
terrainTextures:
- !u 0xffffff15
traverseDist: 2000.0
