aabbMax:
  X: 6.277969837188721
  Y: 7.665060043334961
  Z: 7.906310081481934
aabbMin:
  X: -6.327899932861328
  Y: -5.374040126800537
  Z: -16.95039939880371
boundingForTraverse: 13.039100646972656
bugMask: 0
cursorOffsetY: 0.5
instSizeCafe: 49080
instSizeNx: -1
sortKey: 0
traverseDist: 2000.0
