aabbMax:
  X: -44.89509963989258
  Y: 54.5099983215332
  Z: 97.92469787597656
aabbMin:
  X: -130.0
  Y: -2.7474799156188965
  Z: 24.465900421142578
boundingForTraverse: 57.257476806640625
bugMask: 0
cursorOffsetY: 0.5
instSizeCafe: 29912
instSizeNx: -1
sortKey: 0
