aabbMax:
  X: 15.835399627685547
  Y: 73.06710052490234
  Z: 14.408900260925293
aabbMin:
  X: -19.894399642944336
  Y: -4.975520133972168
  Z: -16.417200088500977
boundingForTraverse: 78.04261779785156
bugMask: 0
cursorOffsetY: 0.5
instSizeCafe: 30936
instSizeNx: -1
sortKey: 0
terrainTextures:
- !u 0xffffff37
traverseDist: 547.189697265625
