aabbMax:
  X: 4.536280155181885
  Y: 1.4445500373840332
  Z: 4.601009845733643
aabbMin:
  X: -4.532660007476807
  Y: -1.300220012664795
  Z: -4.807129859924316
boundingForTraverse: 2.744770050048828
bugMask: 0
cursorOffsetY: 0.5
instSizeCafe: 41500
instSizeNx: -1
sortKey: 0
traverseDist: 500.0
