aabbMax:
  X: 53.105899810791016
  Y: 112.82499694824219
  Z: 21.049100875854492
aabbMin:
  X: -21.41349983215332
  Y: 0.0
  Z: -19.285999298095703
boundingForTraverse: 112.82499694824219
bugMask: 0
cursorOffsetY: 0.5
instSizeCafe: -1
instSizeNx: 100256
sortKey: 0
terrainTextures:
- !u 0xffffff15
traverseDist: 584.7352294921875
