aabbMax:
  X: 92.7406005859375
  Y: 10.365300178527832
  Z: 36.34109878540039
aabbMin:
  X: -52.785301208496094
  Y: -123.5770034790039
  Z: -102.81900024414062
boundingForTraverse: 133.9423065185547
bugMask: 0
cursorOffsetY: 0.5
instSizeCafe: 29912
instSizeNx: 96160
sortKey: 0
terrainTextures:
- !u 0xff4c1f00
traverseDist: 3000.0
