aabbMax:
  X: 96.3292007446289
  Y: 78.4385986328125
  Z: 88.15440368652344
aabbMin:
  X: -84.43769836425781
  Y: -71.16400146484375
  Z: -92.5322036743164
boundingForTraverse: 149.60260009765625
bugMask: 0
cursorOffsetY: 0.5
instSizeCafe: 18928
instSizeNx: -1
sortKey: 0
traverseDist: 1000.0
