aabbMax:
  X: 3.91195011138916
  Y: 2.3794000148773193
  Z: 2.8794500827789307
aabbMin:
  X: -3.936389923095703
  Y: -4.230720043182373
  Z: -2.9209799766540527
boundingForTraverse: 6.610119819641113
bugMask: 0
cursorOffsetY: 0.5
instSizeCafe: 60004
instSizeNx: -1
sortKey: 0
traverseDist: 509.7591857910156
