aabbMax:
  X: 35.85660171508789
  Y: 28.800100326538086
  Z: 22.640199661254883
aabbMin:
  X: -38.92729949951172
  Y: -18.787900924682617
  Z: -25.000999450683594
boundingForTraverse: 47.5880012512207
bugMask: 0
cursorOffsetY: 0.5
instSizeCafe: 18288
instSizeNx: -1
sortKey: 0
traverseDist: 1000.0
