aabbMax:
  X: 75.0
  Y: 0.0
  Z: 70.0
aabbMin:
  X: -55.000701904296875
  Y: -0.02589399926364422
  Z: -70.0009994506836
boundingForTraverse: 0.02589399926364422
bugMask: 0
cursorOffsetY: 0.5
instSizeCafe: 53120
instSizeNx: 145368
sortKey: 0
traverseDist: 1000.0
