aabbMax:
  X: 8.163640022277832
  Y: 7.576169967651367
  Z: 7.839169979095459
aabbMin:
  X: -8.045129776000977
  Y: -0.9614890217781067
  Z: -6.385190010070801
boundingForTraverse: 8.53765869140625
bugMask: 0
cursorOffsetY: 0.5
instSizeCafe: 18548
instSizeNx: 75656
sortKey: 3
terrainTextures:
- !u 0xffffff33
traverseDist: 300.0
