aabbMax:
  X: 130.1230010986328
  Y: 7.770639896392822
  Z: 62.85129928588867
aabbMin:
  X: -233.07899475097656
  Y: -332.39599609375
  Z: -87.31690216064453
boundingForTraverse: 340.1666259765625
bugMask: 0
cursorOffsetY: 0.5
instSizeCafe: 29908
instSizeNx: -1
sortKey: 0
terrainTextures:
- !u 0xff4c1f00
traverseDist: 4000.0
