aabbMax:
  X: 53.1327018737793
  Y: 35.64550018310547
  Z: 57.241798400878906
aabbMin:
  X: -60.863800048828125
  Y: -0.5661929845809937
  Z: -51.78860092163086
boundingForTraverse: 36.211692810058594
bugMask: 0
instSizeCafe: 18932
instSizeNx: -1
sortKey: 0
traverseDist: 5000.0
