aabbMax:
  X: 30.014299392700195
  Y: 31.847400665283203
  Z: 42.980899810791016
aabbMin:
  X: -27.60759925842285
  Y: -4.255370140075684
  Z: -29.797300338745117
boundingForTraverse: 36.1027717590332
bugMask: 0
cursorOffsetY: 0.5
instSizeCafe: 38580
instSizeNx: -1
sortKey: -3
terrainTextures:
- !u 0xffff4608
traverseDist: 592.8275146484375
