aabbMax:
  X: 27.241199493408203
  Y: 54.5099983215332
  Z: 75.22360229492188
aabbMin:
  X: -29.14389991760254
  Y: 0.07957500219345093
  Z: -10.0
boundingForTraverse: 54.430423736572266
bugMask: 0
cursorOffsetY: 0.5
instSizeCafe: 29912
instSizeNx: 96160
sortKey: 0
