aabbMax:
  X: 14.151000022888184
  Y: 31.654399871826172
  Z: 12.65880012512207
aabbMin:
  X: -11.243200302124023
  Y: -13.302599906921387
  Z: -13.367500305175781
boundingForTraverse: 44.957000732421875
bugMask: 0
cursorOffsetY: 0.5
instSizeCafe: 28760
instSizeNx: -1
sortKey: 20
terrainTextures:
- !u 0xffffff3e
traverseDist: 536.362548828125
