aabbMax:
  X: 81.60669708251953
  Y: 7.693389892578125
  Z: 74.26519775390625
aabbMin:
  X: -75.10469818115234
  Y: -172.22999572753906
  Z: -22.87019920349121
boundingForTraverse: 179.9233856201172
bugMask: 0
cursorOffsetY: 0.5
instSizeCafe: 43932
instSizeNx: -1
sortKey: 0
terrainTextures:
- !u 0xffffff44
traverseDist: 684.3739013671875
