aabbMax:
  X: 2.1931800842285156
  Y: 85.08879852294922
  Z: 0.7699779868125916
aabbMin:
  X: -19.63949966430664
  Y: -13.401000022888184
  Z: -82.56199645996094
boundingForTraverse: 98.48979949951172
bugMask: 0
cursorOffsetY: 0.5
instSizeCafe: 165028
instSizeNx: -1
sortKey: 0
traverseDist: 1000.0
