aabbMax:
  X: 1.4894700050354004
  Y: 5.231100082397461
  Z: 0.21741899847984314
aabbMin:
  X: -1.4894700050354004
  Y: -5.231100082397461
  Z: -0.2174219936132431
boundingForTraverse: 10.462200164794922
bugMask: 0
cursorOffsetY: 0.5
instSizeCafe: 17836
instSizeNx: -1
sortKey: 0
