aabbMax:
  X: 5.213190078735352
  Y: 0.10000000149011612
  Z: 5.189499855041504
aabbMin:
  X: -5.213200092315674
  Y: 0.10000000149011612
  Z: -5.189509868621826
boundingForTraverse: 7.355837821960449
bugMask: 0
cursorOffsetY: 0.5
instSizeCafe: 19832
instSizeNx: -1
sortKey: 0
traverseDist: 514.711669921875
