aabbMax:
  X: 22.5
  Y: 7.468800067901611
  Z: 30.68400001525879
aabbMin:
  X: -24.6653995513916
  Y: -8.48114013671875
  Z: -19.907400131225586
boundingForTraverse: 15.949939727783203
bugMask: 0
cursorOffsetY: 0.5
instSizeCafe: 18548
instSizeNx: 75656
sortKey: 11
terrainTextures:
- !u 0xffffff57
traverseDist: 569.1669311523438
