aabbMax:
  X: 125.19999694824219
  Y: 50.47370147705078
  Z: 49.95330047607422
aabbMin:
  X: -118.65499877929688
  Y: -88.3646011352539
  Z: -24.462400436401367
boundingForTraverse: 138.8383026123047
bugMask: 0
cursorOffsetY: 0.5
instSizeCafe: 30960
instSizeNx: -1
sortKey: 0
terrainTextures:
- !u 0xffffff46
traverseDist: 754.956787109375
