aabbMax:
  X: 15.476499557495117
  Y: -1.600890040397644
  Z: 21.941099166870117
aabbMin:
  X: -14.347599983215332
  Y: -120.21099853515625
  Z: -15.395400047302246
boundingForTraverse: 118.610107421875
bugMask: 0
cursorOffsetY: 0.5
instSizeCafe: 40508
instSizeNx: 120768
sortKey: 0
terrainTextures:
- !u 0xffffff44
traverseDist: 3000.0
