aabbMax:
  X: 87.44339752197266
  Y: 10.238699913024902
  Z: 113.6500015258789
aabbMin:
  X: -51.811798095703125
  Y: -240.3350067138672
  Z: -47.76219940185547
boundingForTraverse: 250.57369995117188
bugMask: 0
instSizeCafe: -1
instSizeNx: 149464
sortKey: -4
terrainTextures:
- 487657472
- !u 0xff4c2d1f
traverseDist: 713.180419921875
