aabbMax:
  X: 20.163999557495117
  Y: 0.31731700897216797
  Z: 8.615460395812988
aabbMin:
  X: -20.64229965209961
  Y: -95.74859619140625
  Z: -33.46080017089844
boundingForTraverse: 96.06591033935547
bugMask: 0
instSizeCafe: 27608
instSizeNx: 96160
sortKey: 0
terrainTextures:
- 521998592
- !u 0xffffff4c
traverseDist: 2000.0
