aabbMax:
  X: 0.6614270210266113
  Y: 0.7170230150222778
  Z: 0.6870989799499512
aabbMin:
  X: -0.734844982624054
  Y: -0.4148930013179779
  Z: -0.7050349712371826
boundingForTraverse: 1.1319160461425781
bugMask: 0
cursorOffsetY: 0.5
instSizeCafe: 27608
instSizeNx: 96160
sortKey: 0
terrainTextures:
- !u 0xffffff42
