aabbMax:
  X: 3.31850004196167
  Y: 47.66320037841797
  Z: 2.8763999938964844
aabbMin:
  X: -3.31850004196167
  Y: -17.340900421142578
  Z: -2.8763999938964844
boundingForTraverse: 65.00410461425781
bugMask: 0
cursorOffsetY: 0.5
instSizeCafe: 42292
instSizeNx: -1
sortKey: 0
traverseDist: 508.783203125
