aabbMax:
  X: -0.0067529999651014805
  Y: 1.2497899532318115
  Z: 0.22499999403953552
aabbMin:
  X: -1.5
  Y: -0.2294750064611435
  Z: -0.22499999403953552
boundingForTraverse: 1.4792649745941162
bugMask: 1
cursorOffsetY: 0.5
instSizeCafe: 25888
instSizeNx: -1
rigidBodyCenterY: 0.4147300124168396
sortKey: -19
