aabbMax:
  X: 20.168699264526367
  Y: 0.10032700002193451
  Z: 6.714079856872559
aabbMin:
  X: -20.035600662231445
  Y: -70.31390380859375
  Z: -24.542999267578125
boundingForTraverse: 70.41423034667969
bugMask: 0
cursorOffsetY: 0.5
instSizeCafe: 20988
instSizeNx: -1
sortKey: 0
traverseDist: 1000.0
