aabbMax:
  X: 36.174800872802734
  Y: 28.306100845336914
  Z: 31.227399826049805
aabbMin:
  X: -33.18109893798828
  Y: -1.118980050086975
  Z: -34.635799407958984
boundingForTraverse: 29.425081253051758
bugMask: 0
cursorOffsetY: 0.5
instSizeCafe: -1
instSizeNx: 96160
sortKey: 11
traverseDist: 595.646240234375
