aabbMax:
  X: 25.835599899291992
  Y: 85.19390106201172
  Z: 29.156600952148438
aabbMin:
  X: -28.82830047607422
  Y: -2.241039991378784
  Z: -19.70829963684082
boundingForTraverse: 87.43494415283203
bugMask: 0
instSizeCafe: 18796
instSizeNx: -1
sortKey: 0
traverseDist: 2000.0
