aabbMax:
  X: 32.32099914550781
  Y: 21.368600845336914
  Z: 4.400000095367432
aabbMin:
  X: -32.540401458740234
  Y: -2.5831799507141113
  Z: -4.511660099029541
boundingForTraverse: 23.951780319213867
bugMask: 0
instSizeCafe: -1
instSizeNx: 116672
sortKey: -3
traverseDist: 565.4707641601562
