aabbMax:
  X: 36.34320068359375
  Y: 36.17430114746094
  Z: 32.2244987487793
aabbMin:
  X: -34.92179870605469
  Y: -3.999999989900971e-06
  Z: -34.138999938964844
boundingForTraverse: 36.1743049621582
bugMask: 0
instSizeCafe: -1
instSizeNx: 100256
sortKey: 2
terrainTextures:
- !u 0xffff1d11
traverseDist: 597.3797607421875
