aabbMax:
  X: 5.378759860992432
  Y: 6.246039867401123
  Z: 1.3469200134277344
aabbMin:
  X: -5.628039836883545
  Y: -0.029201999306678772
  Z: -6.882579803466797
boundingForTraverse: 6.275240898132324
bugMask: 0
cursorOffsetY: 0.5
instSizeCafe: 62308
instSizeNx: 165880
sortKey: -8
traverseDist: 300.0
