aabbMax:
  X: -5.0
  Y: 50.0
  Z: -50.0
aabbMin:
  X: -60.0
  Y: 36.711299896240234
  Z: -100.0
boundingForTraverse: 13.288700103759766
bugMask: 0
cursorOffsetY: 0.5
instSizeCafe: 29908
instSizeNx: -1
sortKey: 0
terrainTextures:
- !u 0xffffff47
traverseDist: 1000.0
