aabbMax:
  X: 20.726699829101562
  Y: 29.81209945678711
  Z: 21.72960090637207
aabbMin:
  X: -22.204299926757812
  Y: -20.68429946899414
  Z: -12.609000205993652
boundingForTraverse: 50.49639892578125
bugMask: 0
instSizeCafe: 18292
instSizeNx: -1
sortKey: 0
terrainTextures:
- !u 0xffffff3e
traverseDist: 1000.0
