aabbMax:
  X: 22.409000396728516
  Y: 32.45949935913086
  Z: 27.440200805664062
aabbMin:
  X: -22.219499588012695
  Y: -32.82659912109375
  Z: -25.298799514770508
boundingForTraverse: 65.28610229492188
bugMask: 0
cursorOffsetY: 0.5
instSizeCafe: 18612
instSizeNx: -1
sortKey: 0
traverseDist: 1000.0
