aabbMax:
  X: 55.979801177978516
  Y: 55.14350128173828
  Z: 64.56780242919922
aabbMin:
  X: -66.49330139160156
  Y: -90.1427001953125
  Z: -65.8207015991211
boundingForTraverse: 145.28619384765625
bugMask: 0
cursorOffsetY: 0.5
instSizeCafe: 18900
instSizeNx: -1
sortKey: 0
traverseDist: 3000.0
