aabbMax:
  X: 125.0
  Y: -34.4900016784668
  Z: 95.0
aabbMin:
  X: -125.0
  Y: -40.09000015258789
  Z: -95.0
boundingForTraverse: 5.5999979972839355
bugMask: 0
cursorOffsetY: 0.5
instSizeCafe: 62404
instSizeNx: -1
sortKey: 0
