aabbMax:
  X: 9.94005012512207
  Y: 9.793490409851074
  Z: 7.382180213928223
aabbMin:
  X: -8.371959686279297
  Y: -6.734519958496094
  Z: -10.199000358581543
boundingForTraverse: 16.528011322021484
bugMask: 0
instSizeCafe: -1
instSizeNx: 165880
sortKey: -5
terrainTextures:
- 1277101056
traverseDist: 300.0
