aabbMax:
  X: 6.491779804229736
  Y: 7.384280204772949
  Z: 4.386769771575928
aabbMin:
  X: -6.63070011138916
  Y: -7.138700008392334
  Z: -2.0521399974823
boundingForTraverse: 14.522979736328125
bugMask: 0
instSizeCafe: 27608
instSizeNx: -1
sortKey: 6
terrainTextures:
- !u 0xffff1d11
