aabbMax:
  X: 21.283199310302734
  Y: 112.12899780273438
  Z: 37.690799713134766
aabbMin:
  X: -47.01179885864258
  Y: 64.35700225830078
  Z: -19.65329933166504
boundingForTraverse: 47.771995544433594
bugMask: 0
cursorOffsetY: 0.5
instSizeCafe: 38780
instSizeNx: -1
sortKey: -6
terrainTextures:
- 487657472
- !u 0xffff4c1f
traverseDist: 1000.0
