aabbMax:
  X: 43.77149963378906
  Y: 132.6219940185547
  Z: 46.14590072631836
aabbMin:
  X: -34.03710174560547
  Y: -0.5491639971733093
  Z: -54.41809844970703
boundingForTraverse: 133.17115783691406
bugMask: 0
instSizeCafe: 52480
instSizeNx: -1
sortKey: 0
terrainTextures:
- !u 0xffff4342
traverseDist: 8000.0
