aabbMax:
  X: 3.635200023651123
  Y: 0.5705299973487854
  Z: 4.129940032958984
aabbMin:
  X: -5.480639934539795
  Y: -0.23746700584888458
  Z: -2.861569881439209
boundingForTraverse: 0.8079969882965088
bugMask: 0
cursorOffsetY: 0.5
instSizeCafe: 50040
instSizeNx: -1
sortKey: 0
terrainTextures:
- !u 0xffffff26
