aabbMax:
  X: 67.0979995727539
  Y: 4.7389397621154785
  Z: 130.69000244140625
aabbMin:
  X: -17.6476993560791
  Y: -119.0469970703125
  Z: -125.4530029296875
boundingForTraverse: 123.78593444824219
bugMask: 0
cursorOffsetY: 0.5
instSizeCafe: 31480
instSizeNx: 96160
sortKey: -9
traverseDist: 769.7982177734375
