aabbMax:
  X: 3.7144899368286133
  Y: 2.9989099502563477
  Z: 2.766319990158081
aabbMin:
  X: -2.1273999214172363
  Y: -0.2752070128917694
  Z: -2.855600118637085
boundingForTraverse: 3.2741169929504395
bugMask: 0
cursorOffsetY: 0.5
instSizeCafe: 41884
instSizeNx: 116672
sortKey: 0
terrainTextures:
- !u 0xffffff08
