aabbMax:
  X: 116.23400115966797
  Y: 32.8213996887207
  Z: 77.5613021850586
aabbMin:
  X: -125.08200073242188
  Y: -176.53599548339844
  Z: -61.08639907836914
boundingForTraverse: 209.35739135742188
bugMask: 0
cursorOffsetY: 0.5
instSizeCafe: -1
instSizeNx: 96160
sortKey: 0
terrainTextures:
- 976428305
traverseDist: 8000.0
