aabbMax:
  X: 16.069799423217773
  Y: 19.390399932861328
  Z: 16.07539939880371
aabbMin:
  X: -24.107099533081055
  Y: -12.356100082397461
  Z: -24.067899703979492
boundingForTraverse: 31.74650001525879
bugMask: 0
instSizeCafe: 17140
instSizeNx: -1
sortKey: 0
