aabbMax:
  X: 43.887699127197266
  Y: 18.743000030517578
  Z: 29.897199630737305
aabbMin:
  X: -82.66799926757812
  Y: -10.848199844360352
  Z: -137.3040008544922
boundingForTraverse: 29.59119987487793
bugMask: 1
cursorOffsetY: 0.5
instSizeCafe: 59796
instSizeNx: -1
sortKey: -1
terrainTextures:
- !u 0xff373108
traverseDist: 709.6964111328125
