aabbMax:
  X: 23.052499771118164
  Y: 21.31220054626465
  Z: 15.32759952545166
aabbMin:
  X: -18.195100784301758
  Y: -2.6317598819732666
  Z: -25.57110023498535
boundingForTraverse: 23.943960189819336
bugMask: 0
instSizeCafe: 80780
instSizeNx: 210992
sortKey: 6
traverseDist: 500.0
