aabbMax:
  X: 31.845399856567383
  Y: -0.025296000763773918
  Z: 4.158490180969238
aabbMin:
  X: -10.145299911499023
  Y: -12.823800086975098
  Z: -4.4534101486206055
boundingForTraverse: 12.798504829406738
bugMask: 0
cursorOffsetY: 0.5
instSizeCafe: 39644
instSizeNx: -1
sortKey: -23
terrainTextures:
- !u 0xffffff47
traverseDist: 500.0
