aabbMax:
  X: 6.2719597816467285
  Y: 41.23270034790039
  Z: 34.172698974609375
aabbMin:
  X: -29.654399871826172
  Y: -1.3060200214385986
  Z: -36.0098991394043
boundingForTraverse: 42.538719177246094
bugMask: 0
cursorOffsetY: 0.5
instSizeCafe: 41948
instSizeNx: -1
sortKey: 0
terrainTextures:
- !u 0xffffff47
traverseDist: 2000.0
