aabbMax:
  X: 2.9030299186706543
  Y: 1.120959997177124
  Z: 1.908079981803894
aabbMin:
  X: -3.528369903564453
  Y: -0.47468098998069763
  Z: -2.302989959716797
boundingForTraverse: 1.595641016960144
bugMask: 0
cursorOffsetY: 0.5
instSizeCafe: 38428
instSizeNx: -1
sortKey: 0
terrainTextures:
- !u 0xffffff26
