aabbMax:
  X: 77.2947006225586
  Y: 132.00799560546875
  Z: 46.50960159301758
aabbMin:
  X: -31.35219955444336
  Y: -4.973959922790527
  Z: -44.920799255371094
boundingForTraverse: 136.98194885253906
bugMask: 0
cursorOffsetY: 0.5
instSizeCafe: 18608
instSizeNx: -1
sortKey: 0
traverseDist: 1000.0
