aabbMax:
  X: 133.3249969482422
  Y: 23.17020034790039
  Z: 27.41230010986328
aabbMin:
  X: -50.69169998168945
  Y: -109.2020034790039
  Z: -72.88259887695312
boundingForTraverse: 132.37220764160156
bugMask: 0
cursorOffsetY: 0.5
instSizeCafe: 30576
instSizeNx: -1
sortKey: 0
terrainTextures:
- !u 0xff4c1f00
traverseDist: 3000.0
