aabbMax:
  X: 46.103599548339844
  Y: 5.1108598709106445
  Z: 22.26799964904785
aabbMin:
  X: -40.24079895019531
  Y: -66.12660217285156
  Z: -9.51692008972168
boundingForTraverse: 71.23746490478516
bugMask: 0
instSizeCafe: 18548
instSizeNx: 75656
sortKey: 0
terrainTextures:
- !u 0xffffff03
traverseDist: 592.0089111328125
