aabbMax:
  X: 23.139400482177734
  Y: 20.45359992980957
  Z: 15.405799865722656
aabbMin:
  X: -18.210899353027344
  Y: -2.0326199531555176
  Z: -25.375600814819336
boundingForTraverse: 22.48621940612793
bugMask: 0
cursorOffsetY: 0.5
instSizeCafe: -1
instSizeNx: 231496
sortKey: 0
