aabbMax:
  X: 42.26430130004883
  Y: 15.519399642944336
  Z: 14.113800048828125
aabbMin:
  X: -22.202600479125977
  Y: -4.652160167694092
  Z: -40.06840133666992
boundingForTraverse: 20.171560287475586
bugMask: 0
instSizeCafe: 17644
instSizeNx: -1
sortKey: 0
terrainTextures:
- 521998592
- !u 0xffffff4c
traverseDist: 1000.0
