aabbMax:
  X: 10.032299995422363
  Y: 16.96139907836914
  Z: 5.616189956665039
aabbMin:
  X: -9.162529945373535
  Y: -11.8996000289917
  Z: -6.3480000495910645
boundingForTraverse: 28.861000061035156
bugMask: 0
cursorOffsetY: 0.5
instSizeCafe: 40348
instSizeNx: -1
sortKey: -7
traverseDist: 522.6182250976562
