aabbMax:
  X: 1.487030029296875
  Y: 0.2620460093021393
  Z: 1.193120002746582
aabbMin:
  X: -1.6999900341033936
  Y: -0.29159900546073914
  Z: -0.5615159869194031
boundingForTraverse: 0.5536450147628784
bugMask: 0
cursorOffsetY: 0.5
instSizeCafe: 18092
instSizeNx: -1
sortKey: 2
