aabbMax:
  X: 3.7508299350738525
  Y: 1.662619948387146
  Z: 4.920810222625732
aabbMin:
  X: -4.534120082855225
  Y: -2.250430107116699
  Z: -8.588569641113281
boundingForTraverse: 3.9130499362945557
bugMask: 0
cursorOffsetY: 0.5
instSizeCafe: 18796
instSizeNx: -1
sortKey: 0
traverseDist: 1000.0
