aabbMax:
  X: 15.484800338745117
  Y: 10.527799606323242
  Z: 53.52619934082031
aabbMin:
  X: -13.32610034942627
  Y: -10.527799606323242
  Z: -53.52619934082031
boundingForTraverse: 21.055599212646484
bugMask: 0
cursorOffsetY: 0.5
instSizeCafe: -1
instSizeNx: 124864
sortKey: 0
terrainTextures:
- !u 0xffffff47
traverseDist: 400.0
