aabbMax:
  X: 50.573001861572266
  Y: 69.51000213623047
  Z: -28.73740005493164
aabbMin:
  X: -46.004798889160156
  Y: 2.6764700412750244
  Z: -96.76080322265625
boundingForTraverse: 66.83353424072266
bugMask: 0
cursorOffsetY: 0.5
instSizeCafe: 29912
instSizeNx: -1
sortKey: 0
