aabbMax:
  X: 8.17393970489502
  Y: 1.401319980621338
  Z: 7.183619976043701
aabbMin:
  X: -0.19325000047683716
  Y: -12.331500053405762
  Z: -6.7110700607299805
boundingForTraverse: 13.732821464538574
bugMask: 0
cursorOffsetY: 0.5
instSizeCafe: 18548
instSizeNx: -1
sortKey: -3
