aabbMax:
  X: 11.14009952545166
  Y: 0.2636530101299286
  Z: 14.756400108337402
aabbMin:
  X: -10.576700210571289
  Y: -0.9432560205459595
  Z: -13.693599700927734
boundingForTraverse: 1.206908941268921
bugMask: 0
cursorOffsetY: 0.5
instSizeCafe: -1
instSizeNx: 75656
sortKey: 0
traverseDist: 400.0
