aabbMax:
  X: 2.3114500045776367
  Y: 5.558680057525635
  Z: 2.314229965209961
aabbMin:
  X: -2.3449299335479736
  Y: -1.8512300252914429
  Z: -2.3039300441741943
boundingForTraverse: 7.409910202026367
bugMask: 3
instSizeCafe: 103576
instSizeNx: -1
rigidBodyCenterY: 2.4066500663757324
sortKey: -4
traverseDist: 150.0
