aabbMax:
  X: 28.225200653076172
  Y: 28.71579933166504
  Z: 18.59910011291504
aabbMin:
  X: -15.267800331115723
  Y: -3.1429998874664307
  Z: -26.05430030822754
boundingForTraverse: 31.85879898071289
bugMask: 0
cursorOffsetY: 0.5
instSizeCafe: 128452
instSizeNx: -1
rigidBodyCenterY: 9.016670227050781
sortKey: 0
traverseDist: 562.3342895507812
