aabbMax:
  X: 63.94940185546875
  Y: 2.093319892883301
  Z: 40.97079849243164
aabbMin:
  X: -59.02009963989258
  Y: -401.9649963378906
  Z: -43.19309997558594
boundingForTraverse: 404.0583190917969
bugMask: 0
cursorOffsetY: 0.5
instSizeCafe: 17396
instSizeNx: 75656
sortKey: 5
terrainTextures:
- !u 0xffff1d11
traverseDist: 649.0136108398438
