aabbMax:
  X: 152.86000061035156
  Y: 6.027210235595703
  Z: 34.70439910888672
aabbMin:
  X: -173.40199279785156
  Y: -136.98399353027344
  Z: -43.304100036621094
boundingForTraverse: 143.01119995117188
bugMask: 0
cursorOffsetY: 0.5
instSizeCafe: -1
instSizeNx: 75656
sortKey: -9
terrainTextures:
- !u 0xffffff3e
traverseDist: 835.458251953125
