aabbMax:
  X: 3.890779972076416
  Y: 2.7446200847625732
  Z: 1.0430500507354736
aabbMin:
  X: -3.750960111618042
  Y: -0.5800510048866272
  Z: -0.7123479843139648
boundingForTraverse: 3.3246710300445557
bugMask: 0
cursorOffsetY: 0.5
instSizeCafe: 29912
instSizeNx: 96160
sortKey: -14
traverseDist: 500.0
