aabbMax:
  X: 20.863399505615234
  Y: 28.45639991760254
  Z: 80.17019653320312
aabbMin:
  X: -20.863399505615234
  Y: -27.69580078125
  Z: -80.17019653320312
boundingForTraverse: 56.152198791503906
bugMask: 0
cursorOffsetY: 0.5
instSizeCafe: -1
instSizeNx: 75656
sortKey: 12
traverseDist: 665.680908203125
