aabbMax:
  X: 6.971889972686768
  Y: 11.730600357055664
  Z: 8.195119857788086
aabbMin:
  X: -1.1748299598693848
  Y: -0.008837999776005745
  Z: 0.0
boundingForTraverse: 11.7394380569458
bugMask: 0
cursorOffsetY: 0.5
instSizeCafe: 53120
instSizeNx: 145368
sortKey: 8
