aabbMax:
  X: 1.7437000274658203
  Y: 1.631350040435791
  Z: 1.6589699983596802
aabbMin:
  X: -1.5230799913406372
  Y: -1.4449100494384766
  Z: -1.7060600519180298
boundingForTraverse: 3.0762600898742676
bugMask: 3
instSizeCafe: -1
instSizeNx: 96504
rigidBodyCenterY: 0.00786800030618906
sortKey: -24
