aabbMax:
  X: 24.168899536132812
  Y: 29.898399353027344
  Z: 19.506999969482422
aabbMin:
  X: -23.382400512695312
  Y: -21.275400161743164
  Z: -4.95904016494751
boundingForTraverse: 51.173797607421875
bugMask: 0
instSizeCafe: 18292
instSizeNx: 75656
sortKey: 0
terrainTextures:
- !u 0xffffff03
traverseDist: 2000.0
