aabbMax:
  X: 14.401599884033203
  Y: 20.322200775146484
  Z: 15.44950008392334
aabbMin:
  X: -9.577449798583984
  Y: -0.9698389768600464
  Z: -9.62816047668457
boundingForTraverse: 21.29203987121582
bugMask: 0
instSizeCafe: 27608
instSizeNx: 96160
sortKey: 0
terrainTextures:
- !u 0xffffff3c
