aabbMax:
  X: 37.39590072631836
  Y: 35.16350173950195
  Z: 31.92609977722168
aabbMin:
  X: -33.55160140991211
  Y: -0.5035820007324219
  Z: -33.68439865112305
boundingForTraverse: 35.667083740234375
bugMask: 0
instSizeCafe: 17140
instSizeNx: 75656
sortKey: 0
