aabbMax:
  X: 1.714769959449768
  Y: 17.273300170898438
  Z: 1.6455800533294678
aabbMin:
  X: -1.665179967880249
  Y: -2.7131400108337402
  Z: -1.653630018234253
boundingForTraverse: 19.986440658569336
bugMask: 0
cursorOffsetY: 0.5
instSizeCafe: 59872
instSizeNx: -1
sortKey: -11
terrainTextures:
- !u 0xff4c1f00
traverseDist: 500.0
