aabbMax:
  X: 51.7401008605957
  Y: 45.16120147705078
  Z: 31.984500885009766
aabbMin:
  X: -39.49330139160156
  Y: -35.88819885253906
  Z: -17.58060073852539
boundingForTraverse: 81.04940032958984
bugMask: 0
instSizeCafe: -1
instSizeNx: 145368
sortKey: -16
terrainTextures:
- !u 0xff373108
traverseDist: 603.827880859375
