aabbMax:
  X: 0.50593501329422
  Y: 5.340559959411621
  Z: 0.2509329915046692
aabbMin:
  X: -0.5136550068855286
  Y: -0.0653420016169548
  Z: -0.3273630142211914
boundingForTraverse: 5.405900955200195
bugMask: 0
cursorOffsetY: 0.5
instSizeCafe: 17140
instSizeNx: 75656
sortKey: 0
traverseDist: 1000.0
