aabbMax:
  X: 5.113759994506836
  Y: 10.955300331115723
  Z: 5.92834997177124
aabbMin:
  X: -5.062139987945557
  Y: -5.388790130615234
  Z: -3.0072500705718994
boundingForTraverse: 16.34408950805664
bugMask: 0
cursorOffsetY: 0.5
instSizeCafe: 28016
instSizeNx: -1
sortKey: 0
terrainTextures:
- !u 0xffffff3c
