aabbMax:
  X: 0.1666260063648224
  Y: 0.0625
  Z: 0.16479499638080597
aabbMin:
  X: -0.16479499638080597
  Y: -10.054699897766113
  Z: -0.1666260063648224
boundingForTraverse: 10.117199897766113
bugMask: 3
cursorOffsetY: 0.5
instSizeCafe: -1
instSizeNx: 111920
sortKey: -12
