aabbMax:
  X: 94.10430145263672
  Y: 39.505699157714844
  Z: 22.26059913635254
aabbMin:
  X: -94.04090118408203
  Y: -39.930599212646484
  Z: -18.994400024414062
boundingForTraverse: 79.43629455566406
bugMask: 0
cursorOffsetY: 0.5
instSizeCafe: -1
instSizeNx: 120768
sortKey: 0
terrainTextures:
- !u 0xffffff15
traverseDist: 3000.0
