aabbMax:
  X: 111.80599975585938
  Y: 62.473201751708984
  Z: 181.4709930419922
aabbMin:
  X: -94.44550323486328
  Y: -64.17369842529297
  Z: -181.57000732421875
boundingForTraverse: 126.64689636230469
bugMask: 0
cursorOffsetY: 0.5
instSizeCafe: 137492
instSizeNx: -1
sortKey: 0
terrainTextures:
- !u 0xffff1d11
traverseDist: 2000.0
