aabbMax:
  X: 10.762499809265137
  Y: 5.812570095062256
  Z: 8.140560150146484
aabbMin:
  X: -10.099699974060059
  Y: -18.722000122070312
  Z: -18.10460090637207
boundingForTraverse: 24.534570693969727
bugMask: 0
instSizeCafe: -1
instSizeNx: 146064
sortKey: 14
terrainTextures:
- !u 0xffffff33
traverseDist: 533.5267333984375
