aabbMax:
  X: 129.29600524902344
  Y: 35.002899169921875
  Z: 100.44200134277344
aabbMin:
  X: -135.31100463867188
  Y: -176.552001953125
  Z: -60.550899505615234
boundingForTraverse: 211.55490112304688
bugMask: 0
cursorOffsetY: 0.5
instSizeCafe: 38044
instSizeNx: 116672
sortKey: 9
terrainTextures:
- !u 0xff373108
traverseDist: 809.7346801757812
