aabbMax:
  X: 15.812800407409668
  Y: 19.26930046081543
  Z: 16.072900772094727
aabbMin:
  X: -23.986000061035156
  Y: -13.668700218200684
  Z: -23.986000061035156
boundingForTraverse: 32.9379997253418
bugMask: 0
instSizeCafe: 91120
instSizeNx: 231496
sortKey: 6
traverseDist: 556.4682006835938
