aabbMax:
  X: 5.786960124969482
  Y: 7.617720127105713
  Z: 34.38059997558594
aabbMin:
  X: -12.355299949645996
  Y: -41.13610076904297
  Z: -8.698820114135742
boundingForTraverse: 48.753822326660156
bugMask: 0
cursorOffsetY: 0.5
instSizeCafe: 115208
instSizeNx: -1
rigidBodyCenterY: -6.339620113372803
sortKey: -1
terrainTextures:
- !u 0xffffff04
traverseDist: 546.7437744140625
