aabbMax:
  X: 75.61519622802734
  Y: 3.4552199840545654
  Z: 19.672300338745117
aabbMin:
  X: -70.0718002319336
  Y: -51.045799255371094
  Z: -13.72029972076416
boundingForTraverse: 54.50101852416992
bugMask: 0
instSizeCafe: 18796
instSizeNx: -1
sortKey: -20
terrainTextures:
- !u 0xffffff3e
traverseDist: 649.4649658203125
