aabbMax:
  X: 13.788200378417969
  Y: 1.5302599668502808
  Z: 10.826399803161621
aabbMin:
  X: -11.949799537658691
  Y: -34.90879821777344
  Z: -7.293290138244629
boundingForTraverse: 36.439056396484375
bugMask: 0
cursorOffsetY: 0.5
instSizeCafe: 30576
instSizeNx: -1
sortKey: 0
terrainTextures:
- !u 0xffff4608
traverseDist: 1000.0
