aabbMax:
  X: 40.451900482177734
  Y: 5.322700023651123
  Z: 63.78839874267578
aabbMin:
  X: -39.853599548339844
  Y: -161.17599487304688
  Z: -40.07429885864258
boundingForTraverse: 166.49868774414062
bugMask: 0
cursorOffsetY: 0.5
instSizeCafe: 40884
instSizeNx: -1
sortKey: 0
terrainTextures:
- !u 0xffff4f2b
traverseDist: 8000.0
