aabbMax:
  X: 27.86319923400879
  Y: 2.3231899738311768
  Z: 12.980299949645996
aabbMin:
  X: -28.416000366210938
  Y: -40.90290069580078
  Z: -10.42020034790039
boundingForTraverse: 43.22608947753906
bugMask: 0
cursorOffsetY: 0.5
instSizeCafe: 38748
instSizeNx: -1
sortKey: 0
terrainTextures:
- !u 0xff373108
traverseDist: 1000.0
