aabbMax:
  X: 75.88670349121094
  Y: 0.8084750175476074
  Z: 18.76020050048828
aabbMin:
  X: -109.51100158691406
  Y: -61.562599182128906
  Z: -65.48269653320312
boundingForTraverse: 62.37107467651367
bugMask: 0
instSizeCafe: 28536
instSizeNx: -1
sortKey: 0
terrainTextures:
- !u 0xff1d1110
traverseDist: 1000.0
