aabbMax:
  X: 0.5699999928474426
  Y: 12.654000282287598
  Z: 0.1602959930896759
aabbMin:
  X: -0.5799999833106995
  Y: 0.007961999624967575
  Z: -0.36503100395202637
boundingForTraverse: 12.646038055419922
bugMask: 0
cursorOffsetY: 0.5
instSizeCafe: -1
instSizeNx: 96160
sortKey: 19
traverseDist: 500.0
