aabbMax:
  X: 9.936490058898926
  Y: 4.376440048217773
  Z: 0.3092750012874603
aabbMin:
  X: -0.740900993347168
  Y: -18.98780059814453
  Z: -21.8164005279541
boundingForTraverse: 23.364240646362305
bugMask: 0
cursorOffsetY: 0.5
instSizeCafe: 148864
instSizeNx: -1
sortKey: 0
traverseDist: 500.0
