aabbMax:
  X: 8.003789901733398
  Y: 1.8399100303649902
  Z: 0.7578610181808472
aabbMin:
  X: -8.31704044342041
  Y: -0.5417479872703552
  Z: -0.5045089721679688
boundingForTraverse: 2.3816580772399902
bugMask: 0
cursorOffsetY: 0.5
instSizeCafe: 29908
instSizeNx: -1
sortKey: -13
traverseDist: 500.0
