aabbMax:
  X: 8.444649696350098
  Y: 0.3420349955558777
  Z: 10.23449993133545
aabbMin:
  X: -8.449480056762695
  Y: -0.3048120141029358
  Z: -0.17102700471878052
boundingForTraverse: 0.6468470096588135
bugMask: 0
instSizeCafe: 31660
instSizeNx: 101928
sortKey: 10
traverseDist: 300.0
