aabbMax:
  X: 4.038209915161133
  Y: 6.49970006942749
  Z: 4.3688201904296875
aabbMin:
  X: -5.121129989624023
  Y: -1.0224100351333618
  Z: -4.112060070037842
boundingForTraverse: 7.5221099853515625
bugMask: 0
cursorOffsetY: 0.5
instSizeCafe: 28888
instSizeNx: -1
sortKey: 0
traverseDist: 500.0
