aabbMax:
  X: 76.72039794921875
  Y: 95.08550262451172
  Z: 276.1260070800781
aabbMin:
  X: -76.17569732666016
  Y: 12.831199645996094
  Z: -325.39898681640625
boundingForTraverse: 82.25430297851562
bugMask: 0
cursorOffsetY: 0.5
instSizeCafe: 395096
instSizeNx: 931968
sortKey: 0
traverseDist: 1000.0
