aabbMax:
  X: 13.353500366210938
  Y: 116.04299926757812
  Z: 13.755599975585938
aabbMin:
  X: -17.88479995727539
  Y: -107.65499877929688
  Z: -17.388599395751953
boundingForTraverse: 223.697998046875
bugMask: 0
cursorOffsetY: 0.5
instSizeCafe: 28272
instSizeNx: -1
sortKey: -6
terrainTextures:
- !u 0xffffff37
traverseDist: 544.1111450195312
