aabbMax:
  X: 20.328399658203125
  Y: 27.76129913330078
  Z: 13.775300025939941
aabbMin:
  X: -19.665800094604492
  Y: -0.047178998589515686
  Z: -13.775300025939941
boundingForTraverse: 27.8084774017334
bugMask: 0
cursorOffsetY: 0.5
instSizeCafe: 73032
instSizeNx: 186384
sortKey: 0
traverseDist: 548.5651245117188
