aabbMax:
  X: 5.286180019378662
  Y: 5.063350200653076
  Z: 5.339290142059326
aabbMin:
  X: -4.347959995269775
  Y: -1.9188400506973267
  Z: -3.7753100395202637
boundingForTraverse: 6.982190132141113
bugMask: 0
cursorOffsetY: 0.5
instSizeCafe: 27608
instSizeNx: 96160
sortKey: 0
terrainTextures:
- !u 0xffffff4a
