aabbMax:
  X: 15.835399627685547
  Y: 76.91020202636719
  Z: 14.408900260925293
aabbMin:
  X: -19.894399642944336
  Y: -4.975520133972168
  Z: -16.417200088500977
boundingForTraverse: 81.8857192993164
bugMask: 0
cursorOffsetY: 0.5
instSizeCafe: 41368
instSizeNx: -1
sortKey: 0
terrainTextures:
- !u 0xffffff37
traverseDist: 547.189697265625
