aabbMax:
  X: 4.0317301750183105
  Y: 0.2400050014257431
  Z: 4.372300148010254
aabbMin:
  X: -3.3421499729156494
  Y: -29.805599212646484
  Z: -4.372320175170898
boundingForTraverse: 30.045604705810547
bugMask: 0
cursorOffsetY: 0.5
instSizeCafe: 38940
instSizeNx: 116672
sortKey: 0
traverseDist: 2000.0
