aabbMax:
  X: 7.878069877624512
  Y: 3.1760098934173584
  Z: 0.6603620052337646
aabbMin:
  X: -7.069590091705322
  Y: -0.4790320098400116
  Z: -0.9086430072784424
boundingForTraverse: 3.6550419330596924
bugMask: 0
cursorOffsetY: 0.5
instSizeCafe: 41244
instSizeNx: -1
sortKey: -10
traverseDist: 500.0
