aabbMax:
  X: 40.01139831542969
  Y: 17.878299713134766
  Z: 22.82159996032715
aabbMin:
  X: -39.19839859008789
  Y: -16.25
  Z: -32.760398864746094
boundingForTraverse: 34.128299713134766
bugMask: 0
instSizeCafe: -1
instSizeNx: 149464
sortKey: 2
terrainTextures:
- !u 0xffffff47
traverseDist: 596.7654418945312
