aabbMax:
  X: 35.29029846191406
  Y: 0.0
  Z: 55.002498626708984
aabbMin:
  X: -35.02130126953125
  Y: 0.0
  Z: -55.169700622558594
boundingForTraverse: 65.3483657836914
bugMask: 0
cursorOffsetY: 0.5
instSizeCafe: 53560
instSizeNx: -1
sortKey: 0
traverseDist: 1000.0
