aabbMax:
  X: 10.342399597167969
  Y: -0.06516700237989426
  Z: 18.278200149536133
aabbMin:
  X: -10.320899963378906
  Y: -45.037498474121094
  Z: -18.360000610351562
boundingForTraverse: 44.97233200073242
bugMask: 0
instSizeCafe: 62844
instSizeNx: -1
sortKey: 0
