aabbMax:
  X: 26.233299255371094
  Y: 2.2144598960876465
  Z: 22.705400466918945
aabbMin:
  X: -25.976900100708008
  Y: -221.72900390625
  Z: -14.507200241088867
boundingForTraverse: 223.94346618652344
bugMask: 0
cursorOffsetY: 0.5
instSizeCafe: 30264
instSizeNx: -1
sortKey: 0
terrainTextures:
- !u 0xffffff10
traverseDist: 5000.0
