aabbMax:
  X: 3.598629951477051
  Y: 6.107210159301758
  Z: 1.682479977607727
aabbMin:
  X: -3.661250114440918
  Y: -0.5
  Z: -1.6749999523162842
boundingForTraverse: 6.607210159301758
bugMask: 0
cursorOffsetY: 0.5
instSizeCafe: 96880
instSizeNx: -1
sortKey: -8
traverseDist: 300.0
