aabbMax:
  X: 42.21419906616211
  Y: 17.594499588012695
  Z: 30.749000549316406
aabbMin:
  X: -38.82460021972656
  Y: -19.470600128173828
  Z: 1.1121699810028076
boundingForTraverse: 37.065101623535156
bugMask: 0
cursorOffsetY: 0.5
instSizeCafe: 30004
instSizeNx: -1
sortKey: 0
terrainTextures:
- !u 0xffff4608
traverseDist: 100000.0
