aabbMax:
  X: 2.198770046234131
  Y: 5.288340091705322
  Z: 2.2045400142669678
aabbMin:
  X: -2.204090118408203
  Y: -0.1723559945821762
  Z: -2.1522200107574463
boundingForTraverse: 5.460696220397949
bugMask: 0
cursorOffsetY: 0.5
instSizeCafe: 52864
instSizeNx: -1
sortKey: -2
