aabbMax:
  X: 47.17250061035156
  Y: 62.15230178833008
  Z: 32.030799865722656
aabbMin:
  X: -41.287498474121094
  Y: -24.599199295043945
  Z: -32.1869010925293
boundingForTraverse: 86.75150299072266
bugMask: 0
instSizeCafe: 18612
instSizeNx: 75656
sortKey: 0
traverseDist: 1000.0
