aabbMax:
  X: 23.789100646972656
  Y: 59.01499938964844
  Z: 36.80590057373047
aabbMin:
  X: -20.51919937133789
  Y: 1.3803999423980713
  Z: -19.66230010986328
boundingForTraverse: 57.63459777832031
bugMask: 0
instSizeCafe: 30708
instSizeNx: -1
sortKey: 0
terrainTextures:
- !u 0xffffff33
traverseDist: 4000.0
