aabbMax:
  X: 15.35669994354248
  Y: -2.565850019454956
  Z: 42.27130126953125
aabbMin:
  X: -10.305100440979004
  Y: -50.2422981262207
  Z: -41.67190170288086
boundingForTraverse: 47.676448822021484
bugMask: 0
cursorOffsetY: 0.5
instSizeCafe: -1
instSizeNx: 280704
sortKey: 0
terrainTextures:
- !u 0xffffff04
