aabbMax:
  X: 13.690999984741211
  Y: 0.14141899347305298
  Z: 14.785099983215332
aabbMin:
  X: -13.982199668884277
  Y: -0.14939899742603302
  Z: -15.57040023803711
boundingForTraverse: 30.355499267578125
bugMask: 0
cursorOffsetY: 0.5
instSizeCafe: 17644
instSizeNx: -1
sortKey: -1
traverseDist: 541.0762939453125
