aabbMax:
  X: 4.849380016326904
  Y: 10.732099533081055
  Z: 5.184569835662842
aabbMin:
  X: -5.146729946136475
  Y: -6.570000171661377
  Z: -3.199280023574829
boundingForTraverse: 17.302099227905273
bugMask: 0
instSizeCafe: 27608
instSizeNx: 96160
sortKey: 6
terrainTextures:
- !u 0xffff1d11
traverseDist: 513.0465087890625
