aabbMax:
  X: 54.05799865722656
  Y: 26.966999053955078
  Z: 2.626189947128296
aabbMin:
  X: -54.100799560546875
  Y: -0.3621560037136078
  Z: -2.626310110092163
boundingForTraverse: 27.32915496826172
bugMask: 0
cursorOffsetY: 0.5
instSizeCafe: -1
instSizeNx: 448568
sortKey: 0
traverseDist: 608.2862548828125
