aabbMax:
  X: 73.11519622802734
  Y: 175.1199951171875
  Z: 111.74199676513672
aabbMin:
  X: -63.7681999206543
  Y: -7.348599910736084
  Z: -167.39100646972656
boundingForTraverse: 182.46859741210938
bugMask: 0
cursorOffsetY: 0.5
instSizeCafe: 91756
instSizeNx: -1
sortKey: 14
terrainTextures:
- !u 0xffff330b
traverseDist: 810.8895263671875
