aabbMax:
  X: 0.5001569986343384
  Y: 5.005809783935547
  Z: 0.2735700011253357
aabbMin:
  X: -0.5169410109519958
  Y: -0.06870800256729126
  Z: -0.1262650042772293
boundingForTraverse: 5.074518203735352
bugMask: 0
cursorOffsetY: 0.5
instSizeCafe: 17140
instSizeNx: 75656
sortKey: 0
traverseDist: 1000.0
