aabbMax:
  X: 5.645060062408447
  Y: 0.5944470167160034
  Z: 5.0452399253845215
aabbMin:
  X: -4.1390299797058105
  Y: -0.5
  Z: -4.778910160064697
boundingForTraverse: 1.0944470167160034
bugMask: 0
cursorOffsetY: 0.5
instSizeCafe: 18544
instSizeNx: -1
sortKey: 0
terrainTextures:
- !u 0xffffff0b
