aabbMax:
  X: 36.252201080322266
  Y: 36.43629837036133
  Z: 28.41659927368164
aabbMin:
  X: -42.885799407958984
  Y: -26.91160011291504
  Z: -12.629199981689453
boundingForTraverse: 63.347900390625
bugMask: 0
cursorOffsetY: 0.5
instSizeCafe: -1
instSizeNx: 76056
sortKey: -2
traverseDist: 589.1492309570312
