aabbMax:
  X: 8.808210372924805
  Y: 8.886819839477539
  Z: 12.159700393676758
aabbMin:
  X: -8.808210372924805
  Y: -0.3662799894809723
  Z: -12.330300331115723
boundingForTraverse: 9.25309944152832
bugMask: 0
cursorOffsetY: 0.5
instSizeCafe: -1
instSizeNx: 350152
sortKey: -13
traverseDist: 500.0
