aabbMax:
  X: 12.328800201416016
  Y: -0.0807270035147667
  Z: 20.127300262451172
aabbMin:
  X: -15.499699592590332
  Y: -32.69430160522461
  Z: -6.899119853973389
boundingForTraverse: 32.61357498168945
bugMask: 0
cursorOffsetY: 0.5
instSizeCafe: 41756
instSizeNx: 117728
sortKey: 0
terrainTextures:
- !u 0xffffff32
traverseDist: 1500.0
