aabbMax:
  X: -9.540789604187012
  Y: 51.043800354003906
  Z: 1.1022499799728394
aabbMin:
  X: -81.49199676513672
  Y: -0.508961021900177
  Z: -121.64399719238281
boundingForTraverse: 51.55276107788086
bugMask: 0
cursorOffsetY: 0.5
instSizeCafe: -1
instSizeNx: 75656
sortKey: 0
traverseDist: 1000.0
