aabbMax:
  X: 11.430100440979004
  Y: 0.6781250238418579
  Z: 16.54789924621582
aabbMin:
  X: -12.528499603271484
  Y: -40.61289978027344
  Z: -18.598600387573242
boundingForTraverse: 41.29102325439453
bugMask: 0
cursorOffsetY: 0.5
instSizeCafe: 69192
instSizeNx: 186384
sortKey: 0
terrainTextures:
- !u 0xff373108
traverseDist: 542.5357666015625
