aabbMax:
  X: 2.0417799949645996
  Y: 2.273590087890625
  Z: 1.4941500425338745
aabbMin:
  X: -2.0728600025177
  Y: 0.5641340017318726
  Z: -1.6965999603271484
boundingForTraverse: 1.709455966949463
bugMask: 0
cursorOffsetY: 0.5
instSizeCafe: 39412
instSizeNx: -1
sortKey: 29
traverseDist: 400.0
