aabbMax:
  X: 46.687801361083984
  Y: 49.1776008605957
  Z: 41.70560073852539
aabbMin:
  X: -48.08359909057617
  Y: -31.928499221801758
  Z: -45.92539978027344
boundingForTraverse: 81.1061019897461
bugMask: 0
instSizeCafe: 28760
instSizeNx: -1
sortKey: 0
terrainTextures:
- !u 0xffffff3e
traverseDist: 8000.0
