aabbMax:
  X: 30.484100341796875
  Y: 7.616819858551025
  Z: 17.195499420166016
aabbMin:
  X: -27.05299949645996
  Y: -30.025699615478516
  Z: 4.919050216674805
boundingForTraverse: 37.642520904541016
bugMask: 0
cursorOffsetY: 0.5
instSizeCafe: 17644
instSizeNx: -1
sortKey: 6
terrainTextures:
- !u 0xff331d11
traverseDist: 300.0
