aabbMax:
  X: 42.200199127197266
  Y: 12.014800071716309
  Z: 6.849009990692139
aabbMin:
  X: -38.41120147705078
  Y: -154.66299438476562
  Z: -56.57709884643555
boundingForTraverse: 166.67779541015625
bugMask: 0
cursorOffsetY: 0.5
instSizeCafe: 31572
instSizeNx: -1
sortKey: -1
traverseDist: 602.572265625
