aabbMax:
  X: 16.415199279785156
  Y: 29.927000045776367
  Z: 21.715599060058594
aabbMin:
  X: -20.7273006439209
  Y: 0.0
  Z: -7.955530166625977
boundingForTraverse: 29.927000045776367
bugMask: 0
instSizeCafe: 28272
instSizeNx: -1
sortKey: 6
terrainTextures:
- !u 0xffff1d11
traverseDist: 800.0
