aabbMax:
  X: 12.425399780273438
  Y: 14.428799629211426
  Z: -6.0
aabbMin:
  X: -3.1269800662994385
  Y: 1.1401400566101074
  Z: -28.423099517822266
boundingForTraverse: 13.288660049438477
bugMask: 0
cursorOffsetY: 0.5
instSizeCafe: -1
instSizeNx: 165880
sortKey: 0
