aabbMax:
  X: 29.432199478149414
  Y: 10.382100105285645
  Z: 2.533220052719116
aabbMin:
  X: -29.32740020751953
  Y: -53.75870132446289
  Z: -33.95119857788086
boundingForTraverse: 64.14080047607422
bugMask: 0
cursorOffsetY: 0.5
instSizeCafe: 49020
instSizeNx: -1
sortKey: 0
terrainTextures:
- 487656448
- !u 0xffff4c1f
traverseDist: 2000.0
