aabbMax:
  X: 11.217000007629395
  Y: 15.810600280761719
  Z: 17.27199935913086
aabbMin:
  X: -15.103099822998047
  Y: -5.169680118560791
  Z: -15.045299530029297
boundingForTraverse: 20.98027992248535
bugMask: 0
cursorOffsetY: 0.5
instSizeCafe: 17136
instSizeNx: -1
sortKey: 0
traverseDist: 1500.0
