aabbMax:
  X: 34.90650177001953
  Y: 42.1515007019043
  Z: 33.890098571777344
aabbMin:
  X: -39.385101318359375
  Y: -40.65739822387695
  Z: -28.577499389648438
boundingForTraverse: 82.80889892578125
bugMask: 0
instSizeCafe: 69188
instSizeNx: -1
sortKey: -24
terrainTextures:
- !u 0xff373108
traverseDist: 597.0640869140625
