aabbMax:
  X: 41.78070068359375
  Y: 15.9128999710083
  Z: 42.21770095825195
aabbMin:
  X: -44.079498291015625
  Y: -117.48300170898438
  Z: -44.21860122680664
boundingForTraverse: 133.39590454101562
bugMask: 0
cursorOffsetY: 0.5
instSizeCafe: 28784
instSizeNx: -1
sortKey: 0
terrainTextures:
- 487656448
- !u 0xffff4c1f
traverseDist: 2000.0
