aabbMax:
  X: 17.54439926147461
  Y: 52.0166015625
  Z: 15.486100196838379
aabbMin:
  X: -18.313600540161133
  Y: -0.5600699782371521
  Z: -15.926600456237793
boundingForTraverse: 52.5766716003418
bugMask: 0
instSizeCafe: 17136
instSizeNx: -1
lookAtOffsetY: 1.100000023841858
sortKey: -28
traverseDist: 1500.0
