aabbMax:
  X: 44.88100051879883
  Y: 4.744790077209473
  Z: 21.97960090637207
aabbMin:
  X: -40.05030059814453
  Y: -65.1781997680664
  Z: -9.516929626464844
boundingForTraverse: 69.92298889160156
bugMask: 0
cursorOffsetY: 0.5
instSizeCafe: 17396
instSizeNx: 75656
sortKey: 6
terrainTextures:
- !u 0xff331d11
traverseDist: 590.5834350585938
