aabbMax:
  X: 20.503400802612305
  Y: 13.678899765014648
  Z: 17.959400177001953
aabbMin:
  X: -21.742399215698242
  Y: -0.4188550114631653
  Z: -21.312999725341797
boundingForTraverse: 14.097753524780273
bugMask: 0
cursorOffsetY: 0.5
instSizeCafe: 42236
instSizeNx: -1
sortKey: 0
terrainTextures:
- !u 0xffffff4e
traverseDist: 557.680419921875
