aabbMax:
  X: 6.207170009613037
  Y: 7.803249835968018
  Z: 8.56344985961914
aabbMin:
  X: -6.136670112609863
  Y: -1.0127999782562256
  Z: -6.886750221252441
boundingForTraverse: 8.816049575805664
bugMask: 0
cursorOffsetY: 0.5
instSizeCafe: 132092
instSizeNx: 329672
sortKey: 0
terrainTextures:
- !u 0xffffff08
