aabbMax:
  X: 30.356000900268555
  Y: 0.0
  Z: 26.541000366210938
aabbMin:
  X: -30.356000900268555
  Y: 0.0
  Z: -26.541000366210938
boundingForTraverse: 40.322593688964844
bugMask: 2
cursorOffsetY: 0.5
instSizeCafe: 21828
instSizeNx: -1
sortKey: 23
traverseDist: 580.6452026367188
