aabbMax:
  X: 26.059200286865234
  Y: 0.8153480291366577
  Z: 19.235300064086914
aabbMin:
  X: -26.64940071105957
  Y: -67.1436996459961
  Z: -27.131200790405273
boundingForTraverse: 67.95904541015625
bugMask: 0
cursorOffsetY: 0.5
instSizeCafe: 38580
instSizeNx: -1
sortKey: -8
terrainTextures:
- 487657472
- !u 0xffff4c1f
traverseDist: 1000.0
