aabbMax:
  X: 6.757740020751953
  Y: 7.279369831085205
  Z: 7.84296989440918
aabbMin:
  X: -6.03603982925415
  Y: -6.391709804534912
  Z: -7.681690216064453
boundingForTraverse: 13.671079635620117
bugMask: 0
cursorOffsetY: 0.5
instSizeCafe: 18612
instSizeNx: -1
sortKey: 0
traverseDist: 1000.0
