aabbMax:
  X: 62.7504997253418
  Y: 65.54570007324219
  Z: 238.60000610351562
aabbMin:
  X: -58.497798919677734
  Y: -14.518400192260742
  Z: -321.1860046386719
boundingForTraverse: 80.06410217285156
bugMask: 0
cursorOffsetY: 0.5
instSizeCafe: -1
instSizeNx: 1132600
sortKey: 0
traverseDist: 1072.7666015625
