aabbMax:
  X: 51.768699645996094
  Y: 46.969600677490234
  Z: 33.52220153808594
aabbMin:
  X: -54.439998626708984
  Y: -43.080299377441406
  Z: -25.203500747680664
boundingForTraverse: 90.04989624023438
bugMask: 0
cursorOffsetY: 0.5
instSizeCafe: 18608
instSizeNx: -1
sortKey: 0
traverseDist: 1000.0
