aabbMax:
  X: 8.475179672241211
  Y: 5.362850189208984
  Z: 10.091500282287598
aabbMin:
  X: -8.47404956817627
  Y: -16.37619972229004
  Z: -8.664199829101562
boundingForTraverse: 21.739049911499023
bugMask: 0
cursorOffsetY: 0.5
instSizeCafe: 39028
instSizeNx: -1
sortKey: 15
traverseDist: 500.0
