aabbMax:
  X: 10.511899948120117
  Y: 19.52669906616211
  Z: 12.312000274658203
aabbMin:
  X: -16.197999954223633
  Y: -1.044659972190857
  Z: -8.94456958770752
boundingForTraverse: 20.571359634399414
bugMask: 0
cursorOffsetY: 0.5
instSizeCafe: 17388
instSizeNx: -1
sortKey: 0
