aabbMax:
  X: 3.4730899333953857
  Y: 6.222700119018555
  Z: 3.6683900356292725
aabbMin:
  X: -3.6353600025177
  Y: -0.21216699481010437
  Z: -3.7073800563812256
boundingForTraverse: 6.434866905212402
bugMask: 1
cursorOffsetY: 0.5
instSizeCafe: 26808
instSizeNx: -1
rigidBodyCenterY: 3.5
sortKey: -1
