aabbMax:
  X: 3.7529900074005127
  Y: 0.7492250204086304
  Z: 2.755959987640381
aabbMin:
  X: -1.9371000528335571
  Y: -0.11318700015544891
  Z: -3.0562899112701416
boundingForTraverse: 0.8624119758605957
bugMask: 0
cursorOffsetY: 0.5
instSizeCafe: 17644
instSizeNx: -1
sortKey: 0
terrainTextures:
- 1277102848
