aabbMax:
  X: -53.292999267578125
  Y: 17.333200454711914
  Z: -57.590599060058594
aabbMin:
  X: -95.714599609375
  Y: -0.21380400657653809
  Z: -89.54440307617188
boundingForTraverse: 17.54700469970703
bugMask: 0
cursorOffsetY: 0.5
instSizeCafe: 217716
instSizeNx: -1
sortKey: -5
traverseDist: 400.0
