aabbMax:
  X: 8.558639526367188
  Y: 1.9651700258255005
  Z: 7.448349952697754
aabbMin:
  X: -7.695109844207764
  Y: -24.977100372314453
  Z: -10.07229995727539
boundingForTraverse: 26.942270278930664
bugMask: 0
cursorOffsetY: 0.5
instSizeCafe: 28888
instSizeNx: -1
sortKey: 0
terrainTextures:
- !u 0xff1d1110
