aabbMax:
  X: 33.84859848022461
  Y: 0.4032970070838928
  Z: 7.359720230102539
aabbMin:
  X: -33.84859848022461
  Y: -94.056396484375
  Z: -23.638500213623047
boundingForTraverse: 94.4596939086914
bugMask: 0
cursorOffsetY: 0.5
instSizeCafe: 20444
instSizeNx: -1
sortKey: -2
traverseDist: 574.4567260742188
