aabbMax:
  X: 9.592040061950684
  Y: 0.03484399989247322
  Z: 3.601330041885376
aabbMin:
  X: -9.693460464477539
  Y: -3.9466099739074707
  Z: -4.414030075073242
boundingForTraverse: 19.285499572753906
bugMask: 0
instSizeCafe: 17140
instSizeNx: -1
sortKey: 0
terrainTextures:
- 505221649
