aabbMax:
  X: 7.658939838409424
  Y: 3.418829917907715
  Z: -0.4138199985027313
aabbMin:
  X: -7.5296502113342285
  Y: -1.1884900331497192
  Z: -8.613419532775879
boundingForTraverse: 4.6073198318481445
bugMask: 0
cursorOffsetY: 0.5
instSizeCafe: 38040
instSizeNx: -1
sortKey: 0
terrainTextures:
- !u 0xffff3008
