aabbMax:
  X: 0.3141799867153168
  Y: 1.7314499616622925
  Z: 3.026669979095459
aabbMin:
  X: -24.564699172973633
  Y: -26.322799682617188
  Z: -3.5729401111602783
boundingForTraverse: 28.054248809814453
bugMask: 0
cursorOffsetY: 0.5
instSizeCafe: 18796
instSizeNx: -1
sortKey: 0
