aabbMax:
  X: 4.285830020904541
  Y: 2.0050599575042725
  Z: 0.2099979966878891
aabbMin:
  X: -4.7573699951171875
  Y: -0.044929999858140945
  Z: -0.8141250014305115
boundingForTraverse: 2.0499889850616455
bugMask: 0
cursorOffsetY: 0.5
instSizeCafe: 17396
instSizeNx: -1
sortKey: -13
