aabbMax:
  X: 1.7806999683380127
  Y: 2.1307599544525146
  Z: 6.2270002365112305
aabbMin:
  X: -4.447909832000732
  Y: -25.166900634765625
  Z: -12.934800148010254
boundingForTraverse: 27.29766082763672
bugMask: 0
cursorOffsetY: 0.5
instSizeCafe: 18292
instSizeNx: -1
sortKey: 0
