aabbMax:
  X: 15.623900413513184
  Y: 5.957900047302246
  Z: 88.8895034790039
aabbMin:
  X: -121.59700012207031
  Y: -84.93250274658203
  Z: -87.11640167236328
boundingForTraverse: 90.8904037475586
bugMask: 0
cursorOffsetY: 0.5
instSizeCafe: 39196
instSizeNx: -1
sortKey: 0
terrainTextures:
- 522064384
- !u 0xffffff4c
traverseDist: 2000.0
