aabbMax:
  X: 28.429500579833984
  Y: 7.754189968109131
  Z: 35.25979995727539
aabbMin:
  X: -28.61639976501465
  Y: -71.39520263671875
  Z: -9.962010383605957
boundingForTraverse: 79.1493911743164
bugMask: 0
cursorOffsetY: 0.5
instSizeCafe: -1
instSizeNx: 75656
sortKey: 0
traverseDist: 8000.0
