aabbMax:
  X: 13.73740005493164
  Y: 20.92959976196289
  Z: 5.035490036010742
aabbMin:
  X: -13.73740005493164
  Y: -20.92959976196289
  Z: -5.035490036010742
boundingForTraverse: 41.85919952392578
bugMask: 0
cursorOffsetY: 0.5
instSizeCafe: 30100
instSizeNx: -1
sortKey: 0
traverseDist: 529.262451171875
