aabbMax:
  X: 42.382999420166016
  Y: 21.161399841308594
  Z: 38.70819854736328
aabbMin:
  X: -32.54859924316406
  Y: -6.934299945831299
  Z: -41.40719985961914
boundingForTraverse: 28.095699310302734
bugMask: 1
instSizeCafe: -1
instSizeNx: 237248
rigidBodyCenterY: 3.4883298873901367
sortKey: 0
terrainTextures:
- 1277107200
traverseDist: 1000.0
