aabbMax:
  X: 13.6274995803833
  Y: 7.477479934692383
  Z: 0.4300850033760071
aabbMin:
  X: -14.339599609375
  Y: -0.03141000121831894
  Z: -0.7753940224647522
boundingForTraverse: 7.508890151977539
bugMask: 0
cursorOffsetY: 0.5
instSizeCafe: 49472
instSizeNx: -1
sortKey: 2
traverseDist: 400.0
