aabbMax:
  X: 64.39610290527344
  Y: 91.8865966796875
  Z: 40.7327995300293
aabbMin:
  X: -65.83270263671875
  Y: -55.70330047607422
  Z: -43.72779846191406
boundingForTraverse: 147.58990478515625
bugMask: 0
cursorOffsetY: 0.5
instSizeCafe: 54912
instSizeNx: 145368
sortKey: 0
terrainTextures:
- !u 0xffff4342
traverseDist: 3000.0
