aabbMax:
  X: 25.428499221801758
  Y: 1.3413399457931519
  Z: 22.93090057373047
aabbMin:
  X: -28.039199829101562
  Y: -21.222000122070312
  Z: -0.49242401123046875
boundingForTraverse: 22.563339233398438
bugMask: 0
cursorOffsetY: 0.5
instSizeCafe: 18900
instSizeNx: -1
sortKey: 0
terrainTextures:
- !u 0xffffff44
traverseDist: 1300.0
