aabbMax:
  X: 6.237760066986084
  Y: 7.073699951171875
  Z: 2.21163010597229
aabbMin:
  X: -8.013079643249512
  Y: -5.933139801025391
  Z: -10.38290023803711
boundingForTraverse: 13.006839752197266
bugMask: 0
cursorOffsetY: 0.5
instSizeCafe: 18544
instSizeNx: -1
sortKey: 12
terrainTextures:
- !u 0xffffff33
traverseDist: 500.0
