aabbMax:
  X: 8.77377986907959
  Y: 9.803879737854004
  Z: 5.298620223999023
aabbMin:
  X: -8.484689712524414
  Y: -4.544380187988281
  Z: -5.303440093994141
boundingForTraverse: 14.348259925842285
bugMask: 0
cursorOffsetY: 0.5
instSizeCafe: -1
instSizeNx: 96160
sortKey: 0
