aabbMax:
  X: 153.88900756835938
  Y: 5.532879829406738
  Z: 34.93109893798828
aabbMin:
  X: -173.32200622558594
  Y: -136.98399353027344
  Z: -43.25419998168945
boundingForTraverse: 142.51687622070312
bugMask: 0
cursorOffsetY: 0.5
instSizeCafe: 18544
instSizeNx: -1
sortKey: 0
terrainTextures:
- !u 0xffffff3e
traverseDist: 8000.0
