aabbMax:
  X: 12.828200340270996
  Y: 2.6900699138641357
  Z: 6.583049774169922
aabbMin:
  X: -12.62339973449707
  Y: -14.31820011138916
  Z: -6.618169784545898
boundingForTraverse: 17.008270263671875
bugMask: 0
cursorOffsetY: 0.5
instSizeCafe: 18548
instSizeNx: 75656
sortKey: 0
traverseDist: 500.0
