aabbMax:
  X: 25.746599197387695
  Y: 85.529296875
  Z: 29.338300704956055
aabbMin:
  X: -28.816600799560547
  Y: -1.6780500411987305
  Z: -19.70829963684082
boundingForTraverse: 87.20734405517578
bugMask: 0
instSizeCafe: 28756
instSizeNx: -1
sortKey: 6
terrainTextures:
- !u 0xffff1d11
traverseDist: 573.366943359375
