aabbMax:
  X: 187.55799865722656
  Y: 114.81099700927734
  Z: 69.21499633789062
aabbMin:
  X: -156.9149932861328
  Y: -13.014200210571289
  Z: -79.93270111083984
boundingForTraverse: 127.8251953125
bugMask: 0
instSizeCafe: 38044
instSizeNx: -1
sortKey: 0
terrainTextures:
- !u 0xff373108
traverseDist: 8000.0
