aabbMax:
  X: 99.19390106201172
  Y: 199.3300018310547
  Z: 106.79199981689453
aabbMin:
  X: -112.76300048828125
  Y: -26.96419906616211
  Z: -126.19000244140625
boundingForTraverse: 226.29420471191406
bugMask: 0
cursorOffsetY: 0.5
instSizeCafe: 30580
instSizeNx: -1
sortKey: 36
traverseDist: 814.9703979492188
