aabbMax:
  X: 0.5918070077896118
  Y: 11.651399612426758
  Z: 0.38913100957870483
aabbMin:
  X: -0.6824550032615662
  Y: 1.100000023841858
  Z: -0.7143300175666809
boundingForTraverse: 10.551399230957031
bugMask: 3
cursorOffsetY: 0.5
instSizeCafe: 87260
instSizeNx: -1
rigidBodyCenterY: 6.382190227508545
sortKey: 3
traverseDist: 150.0
