aabbMax:
  X: 79.47270202636719
  Y: 158.9290008544922
  Z: 62.793399810791016
aabbMin:
  X: -73.25350189208984
  Y: -14.762100219726562
  Z: -94.49109649658203
boundingForTraverse: 173.69110107421875
bugMask: 0
instSizeCafe: 49664
instSizeNx: 145368
sortKey: 0
terrainTextures:
- 522064384
- !u 0xffffff4c
traverseDist: 719.234375
