aabbMax:
  X: 5.504759788513184
  Y: 16.61669921875
  Z: 2.7527999877929688
aabbMin:
  X: -5.504759788513184
  Y: -0.018681999295949936
  Z: -2.807529926300049
boundingForTraverse: 16.635379791259766
bugMask: 0
cursorOffsetY: 0.5
instSizeCafe: -1
instSizeNx: 186384
sortKey: -4
traverseDist: 400.0
