aabbMax:
  X: 69.26940155029297
  Y: 4.646059989929199
  Z: 85.82119750976562
aabbMin:
  X: -11.503399848937988
  Y: -205.2010040283203
  Z: -53.82550048828125
boundingForTraverse: 209.84706115722656
bugMask: 0
cursorOffsetY: 0.5
instSizeCafe: 18548
instSizeNx: -1
sortKey: 0
traverseDist: 661.3240356445312
