aabbMax:
  X: 38.80849838256836
  Y: 7.047850131988525
  Z: 31.827499389648438
aabbMin:
  X: -29.693500518798828
  Y: -24.148099899291992
  Z: -36.22639846801758
boundingForTraverse: 31.19594955444336
bugMask: 0
cursorOffsetY: 0.5
instSizeCafe: 29424
instSizeNx: -1
sortKey: 0
terrainTextures:
- !u 0xffffff57
traverseDist: 2000.0
