aabbMax:
  X: 4.3425798416137695
  Y: 3.4000000953674316
  Z: 0.7875000238418579
aabbMin:
  X: 0.0
  Y: 0.0
  Z: -0.75
boundingForTraverse: 3.4000000953674316
bugMask: 0
cursorOffsetY: 0.5
instSizeCafe: -1
instSizeNx: 116672
sortKey: 20
