aabbMax:
  X: 99.16290283203125
  Y: 199.02099609375
  Z: 106.68699645996094
aabbMin:
  X: -112.90599822998047
  Y: -27.372699737548828
  Z: -125.97000122070312
boundingForTraverse: 226.39369201660156
bugMask: 0
cursorOffsetY: 0.5
instSizeCafe: -1
instSizeNx: 75656
sortKey: 0
traverseDist: 8000.0
