aabbMax:
  X: 3.615259885787964
  Y: 0.3048110008239746
  Z: 8.561619758605957
aabbMin:
  X: -3.4521899223327637
  Y: -31.405500411987305
  Z: -8.521829605102539
boundingForTraverse: 31.710311889648438
bugMask: 0
cursorOffsetY: 0.5
instSizeCafe: 39732
instSizeNx: -1
sortKey: 0
traverseDist: 3000.0
