aabbMax:
  X: 2.808540105819702
  Y: 1.5666999816894531
  Z: -0.03537600114941597
aabbMin:
  X: -2.5892200469970703
  Y: -7.829559803009033
  Z: -13.627799987792969
boundingForTraverse: 9.396259307861328
bugMask: 0
cursorOffsetY: 0.5
instSizeCafe: 38044
instSizeNx: 116672
sortKey: 44
