aabbMax:
  X: 19.859899520874023
  Y: 26.578800201416016
  Z: 7.017970085144043
aabbMin:
  X: -17.337600708007812
  Y: -3.234910011291504
  Z: -9.248550415039062
boundingForTraverse: 29.813709259033203
bugMask: 0
cursorOffsetY: 0.5
instSizeCafe: 39768
instSizeNx: -1
sortKey: 0
