aabbMax:
  X: 44.83810043334961
  Y: 4.1928300857543945
  Z: 26.87339973449707
aabbMin:
  X: -42.85060119628906
  Y: -108.75700378417969
  Z: -12.693699836730957
boundingForTraverse: 112.94983673095703
bugMask: 0
cursorOffsetY: 0.5
instSizeCafe: 38580
instSizeNx: -1
sortKey: 0
terrainTextures:
- !u 0xff373108
traverseDist: 3000.0
