aabbMax:
  X: 26.780099868774414
  Y: -0.0027540000155568123
  Z: 90.11840057373047
aabbMin:
  X: -26.771299362182617
  Y: -3.4679598808288574
  Z: -14.955300331115723
boundingForTraverse: 3.465204954147339
bugMask: 1
cursorOffsetY: 0.5
instSizeCafe: -1
instSizeNx: 131920
rigidBodyCenterY: -0.4075720012187958
sortKey: -6
traverseDist: 500.0
