aabbMax:
  X: 92.0989990234375
  Y: 89.32150268554688
  Z: 85.73600006103516
aabbMin:
  X: -124.36799621582031
  Y: -0.23709900677204132
  Z: -169.26300048828125
boundingForTraverse: 89.55860137939453
bugMask: 0
instSizeCafe: 41972
instSizeNx: -1
sortKey: 0
terrainTextures:
- !u 0xffff4d2a
traverseDist: 2000.0
