aabbMax:
  X: 3.4616000652313232
  Y: 2.3520500659942627
  Z: 11.809499740600586
aabbMin:
  X: -3.2695300579071045
  Y: -0.19060799479484558
  Z: -11.088700294494629
boundingForTraverse: 2.5426580905914307
bugMask: 2
cursorOffsetY: 0.5
instSizeCafe: 56932
instSizeNx: 143896
rigidBodyCenterY: 0.9639149904251099
sortKey: 0
