aabbMax:
  X: 6.134099960327148
  Y: 39.36029815673828
  Z: 6.134109973907471
aabbMin:
  X: -6.1260199546813965
  Y: -1.9999999949504854e-06
  Z: -6.134099960327148
boundingForTraverse: 39.36030197143555
bugMask: 0
cursorOffsetY: 0.5
instSizeCafe: 41496
instSizeNx: -1
sortKey: 0
traverseDist: 517.3441772460938
