aabbMax:
  X: 67.44660186767578
  Y: 53.09859848022461
  Z: 47.31949996948242
aabbMin:
  X: -66.31559753417969
  Y: -43.810001373291016
  Z: -44.81100082397461
boundingForTraverse: 96.90859985351562
bugMask: 0
cursorOffsetY: 0.5
instSizeCafe: 31124
instSizeNx: -1
sortKey: 7
traverseDist: 662.4202880859375
