aabbMax:
  X: 9.50022029876709
  Y: 11.352999687194824
  Z: 1.095020055770874
aabbMin:
  X: -7.679450035095215
  Y: -0.08099299669265747
  Z: -1.3070299625396729
boundingForTraverse: 11.433992385864258
bugMask: 0
cursorOffsetY: 0.5
instSizeCafe: 87236
instSizeNx: -1
sortKey: -12
traverseDist: 500.0
