aabbMax:
  X: 12.131099700927734
  Y: 99.9280014038086
  Z: 14.007800102233887
aabbMin:
  X: -12.131099700927734
  Y: -3.0871200561523438
  Z: -11.65060043334961
boundingForTraverse: 103.01512145996094
bugMask: 0
cursorOffsetY: 0.5
instSizeCafe: -1
instSizeNx: 141272
sortKey: 0
