aabbMax:
  X: 7.258339881896973
  Y: 6.741610050201416
  Z: 5.987979888916016
aabbMin:
  X: -4.308469772338867
  Y: -1.312999963760376
  Z: -5.829110145568848
boundingForTraverse: 8.054610252380371
bugMask: 0
cursorOffsetY: 0.5
instSizeCafe: 95216
instSizeNx: 227400
sortKey: -4
traverseDist: 800.0
