aabbMax:
  X: 14.312399864196777
  Y: 0.38387298583984375
  Z: 12.72700023651123
aabbMin:
  X: -13.524900436401367
  Y: -16.86720085144043
  Z: -1.3223299980163574
boundingForTraverse: 17.251073837280273
bugMask: 0
instSizeCafe: 18796
instSizeNx: -1
sortKey: 0
terrainTextures:
- !u 0xffffff03
traverseDist: 1000.0
