aabbMax:
  X: 53.516700744628906
  Y: 75.8467025756836
  Z: -3.3291800022125244
aabbMin:
  X: -62.737998962402344
  Y: -8.18867015838623
  Z: -141.9199981689453
boundingForTraverse: 84.03536987304688
bugMask: 0
cursorOffsetY: 0.5
instSizeCafe: 18548
instSizeNx: -1
sortKey: 0
terrainTextures:
- !u 0xffffff54
traverseDist: 3000.0
