aabbMax:
  X: 37.104400634765625
  Y: 48.096099853515625
  Z: 29.534299850463867
aabbMin:
  X: -35.6531982421875
  Y: -0.3019680082798004
  Z: -33.747798919677734
boundingForTraverse: 48.398067474365234
bugMask: 0
instSizeCafe: 28272
instSizeNx: -1
sortKey: 2
terrainTextures:
- !u 0xffff1d11
traverseDist: 596.4276733398438
