aabbMax:
  X: 57.48569869995117
  Y: 15.32509994506836
  Z: 33.30970001220703
aabbMin:
  X: -57.707401275634766
  Y: -46.58509826660156
  Z: -21.63759994506836
boundingForTraverse: 61.91019821166992
bugMask: 0
instSizeCafe: 31736
instSizeNx: 96160
sortKey: -1
terrainTextures:
- !u 0xffffff15
traverseDist: 800.0
