aabbMax:
  X: 10.240599632263184
  Y: 51.52159881591797
  Z: 6.431980133056641
aabbMin:
  X: -10.229900360107422
  Y: -2.2906100749969482
  Z: -11.305299758911133
boundingForTraverse: 53.81221008300781
bugMask: 0
cursorOffsetY: 0.5
instSizeCafe: -1
instSizeNx: 165880
sortKey: 0
traverseDist: 527.0859985351562
