aabbMax:
  X: 13.07390022277832
  Y: 8.018159866333008
  Z: 37.32400131225586
aabbMin:
  X: -11.539799690246582
  Y: -44.3036003112793
  Z: -36.99039840698242
boundingForTraverse: 52.32176208496094
bugMask: 0
instSizeCafe: 93548
instSizeNx: -1
sortKey: -11
traverseDist: 578.2844848632812
