aabbMax:
  X: 0.980767011642456
  Y: 0.8551179766654968
  Z: 1.8507499694824219
aabbMin:
  X: -0.980767011642456
  Y: 0.0
  Z: -1.8507499694824219
boundingForTraverse: 0.8551179766654968
bugMask: 0
cursorOffsetY: 0.5
instSizeCafe: 30036
instSizeNx: -1
sortKey: -7
traverseDist: 300.0
