aabbMax:
  X: 4.186200141906738
  Y: 0.5433109998703003
  Z: 19.987300872802734
aabbMin:
  X: -3.9325199127197266
  Y: -0.56072598695755
  Z: 0.0014459999511018395
boundingForTraverse: 19.985855102539062
bugMask: 0
instSizeCafe: 38428
instSizeNx: -1
sortKey: -4
traverseDist: 521.5718994140625
