aabbMax:
  X: 1.7790299654006958
  Y: 1.5723999738693237
  Z: 2.7788898944854736
aabbMin:
  X: -1.7550699710845947
  Y: -1.0618599653244019
  Z: -2.50888991355896
addColorA: 1.0
addColorB: 0.0
addColorG: 0.0
addColorR: 0.0
boundingForTraverse: 2.6342599391937256
bugMask: 1
instSizeCafe: 28340
instSizeNx: -1
lookAtOffsetY: 0.5
sortKey: -19
