aabbMax:
  X: 1.9956200122833252
  Y: 4.001920223236084
  Z: 2.0165200233459473
aabbMin:
  X: -1.9987800121307373
  Y: -0.019850000739097595
  Z: -2.0339300632476807
boundingForTraverse: 4.021770000457764
bugMask: 0
cursorOffsetY: 0.5
instSizeCafe: 17644
instSizeNx: -1
sortKey: 34
traverseDist: 400.0
