aabbMax:
  X: 1.5921200513839722
  Y: 8.37578010559082
  Z: 1.5921200513839722
aabbMin:
  X: -1.5921200513839722
  Y: 0.01437199953943491
  Z: -1.5921200513839722
boundingForTraverse: 8.361408233642578
bugMask: 0
cursorOffsetY: 0.5
instSizeCafe: -1
instSizeNx: 145368
sortKey: 2
traverseDist: 300.0
