aabbMax:
  X: 45.13859939575195
  Y: 0.10000599920749664
  Z: 21.659400939941406
aabbMin:
  X: -44.94240188598633
  Y: -210.63999938964844
  Z: -35.70069885253906
boundingForTraverse: 210.74000549316406
bugMask: 0
instSizeCafe: 21252
instSizeNx: -1
sortKey: -25
traverseDist: 606.7930908203125
