aabbMax:
  X: 9.91709041595459
  Y: 11.138400077819824
  Z: 13.349200248718262
aabbMin:
  X: -9.90110969543457
  Y: -26.930500030517578
  Z: -16.26449966430664
boundingForTraverse: 38.06890106201172
bugMask: 3
cursorOffsetY: 0.5
farModelCulling:
  center:
    X: 0.0
    Y: 38.06890106201172
    Z: 0.0
  height: 76.13780212402344
  radius: 38.06890106201172
instSizeCafe: -1
instSizeNx: 258208
rigidBodyCenterY: -7.2093000411987305
sortKey: -2
traverseDist: 2000.0
