aabbMax:
  X: 1.4082900285720825
  Y: 0.3435620069503784
  Z: 1.432770013809204
aabbMin:
  X: -1.8708800077438354
  Y: -0.04502300173044205
  Z: -1.0062700510025024
boundingForTraverse: 0.38858500123023987
bugMask: 0
cursorOffsetY: 0.5
instSizeCafe: 30960
instSizeNx: -1
sortKey: 0
