aabbMax:
  X: 110.5
  Y: 49.70000076293945
  Z: 130.0
aabbMin:
  X: -24.5
  Y: 36.366600036621094
  Z: -5.0
boundingForTraverse: 13.33340072631836
bugMask: 0
cursorOffsetY: 0.5
instSizeCafe: 29908
instSizeNx: -1
sortKey: 0
terrainTextures:
- !u 0xffffff08
traverseDist: 1000.0
