aabbMax:
  X: 29.555500030517578
  Y: 3.747260093688965
  Z: 3.747260093688965
aabbMin:
  X: -29.710100173950195
  Y: 0.0
  Z: 0.0
boundingForTraverse: 3.747260093688965
bugMask: 0
cursorOffsetY: 0.5
instSizeCafe: -1
instSizeNx: 76056
sortKey: 0
traverseDist: 150.0
