aabbMax:
  X: 7.734640121459961
  Y: 0.7437779903411865
  Z: 0.6471989750862122
aabbMin:
  X: -0.43975400924682617
  Y: -0.6056039929389954
  Z: -1.0486400127410889
boundingForTraverse: 1.3493820428848267
bugMask: 0
cursorOffsetY: 0.5
instSizeCafe: 17968
instSizeNx: -1
sortKey: 0
traverseDist: 215.0
