aabbMax:
  X: 53.23160171508789
  Y: 18.660600662231445
  Z: 179.30499267578125
aabbMin:
  X: -205.57400512695312
  Y: -47.506099700927734
  Z: -106.24099731445312
boundingForTraverse: 66.16670227050781
bugMask: 0
cursorOffsetY: 0.5
instSizeCafe: -1
instSizeNx: 124864
sortKey: -4
terrainTextures:
- 487657472
- !u 0xffff4c1f
traverseDist: 885.3788452148438
