aabbMax:
  X: 17.387699127197266
  Y: 14.428799629211426
  Z: 13.068699836730957
aabbMin:
  X: -16.594200134277344
  Y: 2.2971599102020264
  Z: -31.526399612426758
boundingForTraverse: 12.131638526916504
bugMask: 0
cursorOffsetY: 0.5
instSizeCafe: 63460
instSizeNx: 165880
sortKey: 0
