aabbMax:
  X: 9.938819885253906
  Y: 4.898749828338623
  Z: 9.896719932556152
aabbMin:
  X: -5.680419921875
  Y: -4.885650157928467
  Z: -7.462039947509766
boundingForTraverse: 9.78439998626709
bugMask: 0
cursorOffsetY: 0.5
instSizeCafe: -1
instSizeNx: 75656
sortKey: 2
terrainTextures:
- !u 0xffffff57
traverseDist: 523.3513793945312
