aabbMax:
  X: 33.22639846801758
  Y: 2.4785499572753906
  Z: 33.42940139770508
aabbMin:
  X: -30.11750030517578
  Y: -99.14910125732422
  Z: -1.1000000085914508e-05
boundingForTraverse: 101.62765502929688
bugMask: 0
cursorOffsetY: 0.5
instSizeCafe: 18324
instSizeNx: 75656
sortKey: 6
terrainTextures:
- !u 0xff331d11
traverseDist: 571.6238403320312
