aabbMax:
  X: 69.09590148925781
  Y: 5.024799823760986
  Z: 85.82119750976562
aabbMin:
  X: -11.496000289916992
  Y: -205.20599365234375
  Z: -53.640098571777344
boundingForTraverse: 210.2307891845703
bugMask: 0
cursorOffsetY: 0.5
instSizeCafe: 18900
instSizeNx: 75656
sortKey: 0
traverseDist: 4000.0
