aabbMax:
  X: 15.930399894714355
  Y: 76.60220336914062
  Z: 15.976499557495117
aabbMin:
  X: -21.08639907836914
  Y: -6.442389965057373
  Z: -15.53969955444336
boundingForTraverse: 83.04459381103516
bugMask: 0
cursorOffsetY: 0.5
instSizeCafe: 30936
instSizeNx: -1
sortKey: 0
terrainTextures:
- !u 0xffffff37
traverseDist: 100000.0
