aabbMax:
  X: 4.246240139007568
  Y: 4.069640159606934
  Z: 3.3519999980926514
aabbMin:
  X: -1.0381499528884888
  Y: -0.3079589903354645
  Z: -1.4512699842453003
boundingForTraverse: 4.377598762512207
bugMask: 0
cursorOffsetY: 0.5
instSizeCafe: -1
instSizeNx: 120768
sortKey: 2
terrainTextures:
- !u 0xffffff04
