aabbMax:
  X: 593.43701171875
  Y: 28.147600173950195
  Z: 653.2340087890625
aabbMin:
  X: -601.4229736328125
  Y: -120.80000305175781
  Z: -630.8800048828125
boundingForTraverse: 148.94760131835938
bugMask: 2
cursorOffsetY: 0.5
instSizeCafe: -1
instSizeNx: 168584
sortKey: 19
traverseDist: 2254.03515625
