aabbMax:
  X: 46.82320022583008
  Y: 43.79890060424805
  Z: 22.842300415039062
aabbMin:
  X: -27.487600326538086
  Y: 2.3649299144744873
  Z: -27.714099884033203
boundingForTraverse: 41.4339714050293
bugMask: 0
cursorOffsetY: 0.5
instSizeCafe: 43384
instSizeNx: -1
sortKey: 0
terrainTextures:
- !u 0xffff4608
traverseDist: 589.8779296875
