aabbMax:
  X: 21.279800415039062
  Y: 30.81920051574707
  Z: 26.2810001373291
aabbMin:
  X: -21.357999801635742
  Y: -32.89540100097656
  Z: -25.18790054321289
boundingForTraverse: 63.714599609375
bugMask: 0
cursorOffsetY: 0.5
instSizeCafe: 30008
instSizeNx: -1
sortKey: 14
traverseDist: 566.8358154296875
