aabbMax:
  X: 16.82900047302246
  Y: 38.173301696777344
  Z: 21.239500045776367
aabbMin:
  X: -16.916799545288086
  Y: 0.25110599398612976
  Z: -8.303460121154785
boundingForTraverse: 37.92219543457031
bugMask: 0
cursorOffsetY: 0.5
instSizeCafe: -1
instSizeNx: 117080
sortKey: -2
terrainTextures:
- !u 0xff1d1110
traverseDist: 500.0
