aabbMax:
  X: 1.8546299934387207
  Y: 11.484700202941895
  Z: 0.15710599720478058
aabbMin:
  X: -0.5038909912109375
  Y: 0.0
  Z: -0.15710599720478058
boundingForTraverse: 11.484700202941895
bugMask: 0
cursorOffsetY: 0.5
instSizeCafe: 28440
instSizeNx: 96160
sortKey: -3
traverseDist: 400.0
