aabbMax:
  X: 22.596599578857422
  Y: 22.626800537109375
  Z: 20.828399658203125
aabbMin:
  X: -23.96269989013672
  Y: -1.7756099700927734
  Z: -21.64299964904785
boundingForTraverse: 24.40241050720215
bugMask: 0
cursorOffsetY: 0.5
instSizeCafe: -1
instSizeNx: 124864
sortKey: 0
terrainTextures:
- !u 0xffff4608
traverseDist: 563.0205078125
