aabbMax:
  X: 4.512770175933838
  Y: 8.973139762878418
  Z: 2.9248900413513184
aabbMin:
  X: -2.180299997329712
  Y: -0.3406670093536377
  Z: -3.3017499446868896
boundingForTraverse: 9.313806533813477
bugMask: 0
cursorOffsetY: 0.5
instSizeCafe: -1
instSizeNx: 96160
sortKey: 0
traverseDist: 800.0
