aabbMax:
  X: 85.38919830322266
  Y: 35.91740036010742
  Z: 49.046199798583984
aabbMin:
  X: -76.32759857177734
  Y: -32.5
  Z: -42.61859893798828
boundingForTraverse: 68.41740417480469
bugMask: 0
cursorOffsetY: 0.5
instSizeCafe: 52664
instSizeNx: -1
sortKey: 2
terrainTextures:
- !u 0xffffff47
traverseDist: 685.8890991210938
