aabbMax:
  X: 12.336400032043457
  Y: 45.18320083618164
  Z: 9.478340148925781
aabbMin:
  X: -13.180500030517578
  Y: -4.145939826965332
  Z: -10.771499633789062
boundingForTraverse: 49.329139709472656
bugMask: 0
cursorOffsetY: 0.5
instSizeCafe: 30936
instSizeNx: -1
sortKey: 0
terrainTextures:
- !u 0xffffff37
traverseDist: 532.5755615234375
