aabbMax:
  X: 46.16579818725586
  Y: 7.014090061187744
  Z: 30.753599166870117
aabbMin:
  X: -42.787498474121094
  Y: -108.96900177001953
  Z: -12.49269962310791
boundingForTraverse: 115.98309326171875
bugMask: 0
cursorOffsetY: 0.5
instSizeCafe: 27608
instSizeNx: 96160
sortKey: 0
terrainTextures:
- !u 0xff373108
traverseDist: 2000.0
