aabbMax:
  X: 297.1600036621094
  Y: 28.893800735473633
  Z: 457.6679992675781
aabbMin:
  X: -316.5419921875
  Y: -14.300399780273438
  Z: -436.05999755859375
boundingForTraverse: 43.19419860839844
bugMask: 2
cursorOffsetY: 0.5
instSizeCafe: 46516
instSizeNx: -1
sortKey: 22
traverseDist: 1584.1494140625
