aabbMax:
  X: 4.612410068511963
  Y: 1.6716500520706177
  Z: 3.1385300159454346
aabbMin:
  X: -1.9053399562835693
  Y: -0.821412980556488
  Z: -5.323490142822266
boundingForTraverse: 2.493062973022461
bugMask: 0
cursorOffsetY: 0.5
instSizeCafe: 17388
instSizeNx: -1
sortKey: 0
traverseDist: 1000.0
