aabbMax:
  X: 19.88520050048828
  Y: 12.314299583435059
  Z: 16.472299575805664
aabbMin:
  X: -21.688800811767578
  Y: -0.6186509728431702
  Z: -25.239999771118164
boundingForTraverse: 12.932950973510742
bugMask: 0
instSizeCafe: 48256
instSizeNx: 145368
sortKey: 2
terrainTextures:
- 521998592
- !u 0xffffff4c
traverseDist: 558.8923950195312
