aabbMax:
  X: 59.388301849365234
  Y: 19.876100540161133
  Z: 58.00450134277344
aabbMin:
  X: -20.48710060119629
  Y: -108.01499938964844
  Z: -32.930198669433594
boundingForTraverse: 127.89109802246094
bugMask: 0
cursorOffsetY: 0.5
instSizeCafe: 53944
instSizeNx: -1
sortKey: 0
terrainTextures:
- !u 0xff43420b
traverseDist: 3000.0
