aabbMax:
  X: 29.18950080871582
  Y: 4.937640190124512
  Z: 9.009849548339844
aabbMin:
  X: -34.66680145263672
  Y: 1.841380000114441
  Z: -10.993200302124023
boundingForTraverse: 3.0962600708007812
bugMask: 0
cursorOffsetY: 0.5
instSizeCafe: 38428
instSizeNx: -1
sortKey: 10
traverseDist: 500.0
