aabbMax:
  X: 52.01350021362305
  Y: 37.143798828125
  Z: 143.21800231933594
aabbMin:
  X: -52.14780044555664
  Y: -39.820499420166016
  Z: -142.27699279785156
boundingForTraverse: 76.96429443359375
bugMask: 0
cursorOffsetY: 0.5
instSizeCafe: 30292
instSizeNx: -1
sortKey: 0
terrainTextures:
- !u 0xffffff08
traverseDist: 100000.0
