aabbMax:
  X: 45.18429946899414
  Y: 29.40519905090332
  Z: 59.401798248291016
aabbMin:
  X: -48.19710159301758
  Y: -5.862170219421387
  Z: -36.19729995727539
boundingForTraverse: 35.26736831665039
bugMask: 0
instSizeCafe: 17136
instSizeNx: -1
sortKey: 0
terrainTextures:
- !u 0xffff1d11
traverseDist: 4000.0
