aabbMax:
  X: 47.018001556396484
  Y: 70.41419982910156
  Z: 33.575199127197266
aabbMin:
  X: -47.19860076904297
  Y: -1.1705000400543213
  Z: -43.515098571777344
boundingForTraverse: 71.58470153808594
bugMask: 0
cursorOffsetY: 0.5
instSizeCafe: 41244
instSizeNx: 116672
sortKey: 0
terrainTextures:
- !u 0xffffff46
traverseDist: 100000.0
