aabbMax:
  X: 19.802099227905273
  Y: 40.07509994506836
  Z: 34.3557014465332
aabbMin:
  X: -22.79669952392578
  Y: -53.42430114746094
  Z: -24.2721004486084
boundingForTraverse: 93.49940490722656
bugMask: 0
cursorOffsetY: 0.5
instSizeCafe: 18608
instSizeNx: -1
sortKey: 0
traverseDist: 3000.0
