aabbMax:
  X: 81.2947006225586
  Y: 50.86090087890625
  Z: 0.7937470078468323
aabbMin:
  X: 9.577919960021973
  Y: -0.20000499486923218
  Z: -121.58000183105469
boundingForTraverse: 51.06090545654297
bugMask: 0
cursorOffsetY: 0.5
instSizeCafe: 476224
instSizeNx: -1
sortKey: -1
terrainTextures:
- !u 0xffffff47
traverseDist: 641.8401489257812
