aabbMax:
  X: 33.68790054321289
  Y: 3.43710994720459
  Z: 15.07859992980957
aabbMin:
  X: -37.80500030517578
  Y: -18.7539005279541
  Z: -7.25
boundingForTraverse: 22.191009521484375
bugMask: 0
instSizeCafe: 17644
instSizeNx: -1
sortKey: 12
terrainTextures:
- !u 0xffffff33
traverseDist: 574.8986206054688
