aabbMax:
  X: 21.532899856567383
  Y: 8.514269828796387
  Z: 13.752300262451172
aabbMin:
  X: -17.168800354003906
  Y: -3.874579906463623
  Z: -4.361820220947266
boundingForTraverse: 12.388849258422852
bugMask: 0
cursorOffsetY: 0.5
instSizeCafe: 18796
instSizeNx: -1
sortKey: 0
terrainTextures:
- !u 0xffffff1c
traverseDist: 300.0
