aabbMax:
  X: 15.81350040435791
  Y: 21.748199462890625
  Z: 58.93119812011719
aabbMin:
  X: -63.528900146484375
  Y: -21.882699966430664
  Z: -76.53500366210938
boundingForTraverse: 43.630897521972656
bugMask: 0
instSizeCafe: 53724
instSizeNx: -1
sortKey: -8
terrainTextures:
- 487657472
- !u 0xffff4c1f
traverseDist: 656.991455078125
