aabbMax:
  X: 9.91366958618164
  Y: 11.184000015258789
  Z: 9.233369827270508
aabbMin:
  X: -9.90110969543457
  Y: -37.562801361083984
  Z: -13.072799682617188
boundingForTraverse: 48.746803283691406
bugMask: 3
cursorOffsetY: 0.5
farModelCulling:
  center:
    X: 0.0
    Y: 48.746803283691406
    Z: 0.0
  height: 97.49360656738281
  radius: 48.746803283691406
instSizeCafe: -1
instSizeNx: 254104
rigidBodyCenterY: -12.957200050354004
sortKey: -3
traverseDist: 2000.0
