aabbMax:
  X: 8.722530364990234
  Y: 7.990200042724609
  Z: 10.256099700927734
aabbMin:
  X: -8.492420196533203
  Y: -0.33939799666404724
  Z: -9.152669906616211
boundingForTraverse: 8.329598426818848
bugMask: 0
cursorOffsetY: 0.5
instSizeCafe: -1
instSizeNx: 329648
sortKey: -14
traverseDist: 500.0
