aabbMax:
  X: 51.59870147705078
  Y: 0.8676009774208069
  Z: 22.084800720214844
aabbMin:
  X: -34.99789810180664
  Y: -51.181400299072266
  Z: -42.6890983581543
boundingForTraverse: 52.04899978637695
bugMask: 0
cursorOffsetY: 0.5
instSizeCafe: -1
instSizeNx: 96160
sortKey: 0
terrainTextures:
- !u 0xff4c1f00
traverseDist: 608.1417236328125
