aabbMax:
  X: 1.4234299659729004
  Y: 1.5208799839019775
  Z: 1.4204699993133545
aabbMin:
  X: -1.4112000465393066
  Y: -1.479140043258667
  Z: -0.9681119918823242
boundingForTraverse: 3.0000200271606445
bugMask: 1
cursorOffsetY: 0.5
instSizeCafe: -1
instSizeNx: 109424
rigidBodyCenterY: 0.1627259999513626
sortKey: -11
terrainTextures:
- !u 0xffffff15
