aabbMax:
  X: 19.972299575805664
  Y: 0.09999799728393555
  Z: 13.228599548339844
aabbMin:
  X: -19.972299575805664
  Y: -69.07730102539062
  Z: -32.129798889160156
boundingForTraverse: 69.17729949951172
bugMask: 0
cursorOffsetY: 0.5
instSizeCafe: -1
instSizeNx: 78168
sortKey: -2
traverseDist: 560.439697265625
