aabbMax:
  X: 12.131099700927734
  Y: 99.9280014038086
  Z: 14.007800102233887
aabbMin:
  X: -12.131099700927734
  Y: -423.0870056152344
  Z: -11.65060043334961
boundingForTraverse: 523.0150146484375
bugMask: 1
cursorOffsetY: 0.5
instSizeCafe: -1
instSizeNx: 159752
sortKey: 0
traverseDist: 5000.0
