aabbMax:
  X: 3.8598198890686035
  Y: 36.87269973754883
  Z: 3.84158992767334
aabbMin:
  X: -3.866499900817871
  Y: -1.9999999949504854e-06
  Z: -3.8250200748443604
boundingForTraverse: 36.872703552246094
bugMask: 0
cursorOffsetY: 0.5
instSizeCafe: 62436
instSizeNx: 165880
sortKey: 0
traverseDist: 510.884521484375
