aabbMax:
  X: 4.725890159606934
  Y: 0.1686519980430603
  Z: 0.331167995929718
aabbMin:
  X: -4.0152201652526855
  Y: -0.6221110224723816
  Z: -6.956079959869385
boundingForTraverse: 0.7907630205154419
bugMask: 0
cursorOffsetY: 0.5
instSizeCafe: 38428
instSizeNx: -1
sortKey: -12
traverseDist: 200.0
