aabbMax:
  X: 4.174009799957275
  Y: 0.23416699469089508
  Z: 0.4941050112247467
aabbMin:
  X: -3.4669699668884277
  Y: -35.32350158691406
  Z: -10.0
boundingForTraverse: 35.55766677856445
bugMask: 0
cursorOffsetY: 0.5
instSizeCafe: 81516
instSizeNx: -1
sortKey: 0
traverseDist: 512.981201171875
