aabbMax:
  X: 0.5353869795799255
  Y: 6.104269981384277
  Z: 0.5141869783401489
aabbMin:
  X: -0.48670700192451477
  Y: -7.384369850158691
  Z: -0.6321280002593994
boundingForTraverse: 13.488639831542969
bugMask: 2
cursorOffsetY: 0.5
instSizeCafe: 66888
instSizeNx: -1
rigidBodyCenterY: 1.450950026512146
sortKey: -16
