aabbMax:
  X: 21.790700912475586
  Y: 3.9930100440979004
  Z: 12.479999542236328
aabbMin:
  X: -21.419700622558594
  Y: -3.700579881668091
  Z: -13.984999656677246
boundingForTraverse: 7.69359016418457
bugMask: 0
cursorOffsetY: 0.5
instSizeCafe: 40344
instSizeNx: -1
sortKey: -1
terrainTextures:
- !u 0xffff4608
traverseDist: 500.0
