aabbMax:
  X: 7.877120018005371
  Y: 0.23104900121688843
  Z: 8.150369644165039
aabbMin:
  X: -8.021960258483887
  Y: -70.30480194091797
  Z: -14.493599891662598
boundingForTraverse: 70.53585052490234
bugMask: 0
cursorOffsetY: 0.5
instSizeCafe: 19960
instSizeNx: -1
sortKey: 0
