aabbMax:
  X: 1.3783299922943115
  Y: 10.012999534606934
  Z: 1.495650053024292
aabbMin:
  X: -1.512779951095581
  Y: 0.0
  Z: -1.563599944114685
boundingForTraverse: 10.012999534606934
bugMask: 0
cursorOffsetY: 0.5
instSizeCafe: -1
instSizeNx: 75656
sortKey: 4
terrainTextures:
- !u 0xffff1e12
