aabbMax:
  X: 2.501310110092163
  Y: 0.4331830143928528
  Z: 44.50090026855469
aabbMin:
  X: -2.5970699787139893
  Y: -10.744199752807617
  Z: -42.42259979248047
boundingForTraverse: 11.177382469177246
bugMask: 0
instSizeCafe: -1
instSizeNx: 141272
sortKey: 0
traverseDist: 1000.0
