aabbMax:
  X: 4.530920028686523
  Y: 1.6765899658203125
  Z: 3.1472599506378174
aabbMin:
  X: -1.8335200548171997
  Y: -0.7410560250282288
  Z: -5.267549991607666
boundingForTraverse: 2.4176459312438965
bugMask: 0
cursorOffsetY: 0.5
instSizeCafe: 17644
instSizeNx: -1
sortKey: 0
traverseDist: 510.55059814453125
