aabbMax:
  X: 24.520299911499023
  Y: 0.10000000149011612
  Z: 24.408899307250977
aabbMin:
  X: -17.252199172973633
  Y: 0.10000000149011612
  Z: -24.408899307250977
boundingForTraverse: 32.125221252441406
bugMask: 0
cursorOffsetY: 0.5
instSizeCafe: -1
instSizeNx: 78168
sortKey: 0
traverseDist: 564.2504272460938
