aabbMax:
  X: 1.1336499452590942
  Y: 0.29119500517845154
  Z: 12.434800148010254
aabbMin:
  X: -14.381999969482422
  Y: -1.4245400428771973
  Z: -8.376449584960938
boundingForTraverse: 1.7157349586486816
bugMask: 0
cursorOffsetY: 0.5
instSizeCafe: 38964
instSizeNx: -1
sortKey: -21
traverseDist: 400.0
