aabbMax:
  X: 2.9912800788879395
  Y: 0.2196439951658249
  Z: 1.1381299495697021
aabbMin:
  X: -3.0314199924468994
  Y: 0.05896199867129326
  Z: -1.118630051612854
boundingForTraverse: 0.16068199276924133
bugMask: 0
cursorOffsetY: 0.5
instSizeCafe: -1
instSizeNx: 75656
sortKey: -12
terrainTextures:
- !u 0xffffff47
traverseDist: 500.0
