aabbMax:
  X: 161.29600524902344
  Y: 51.29790115356445
  Z: 89.606201171875
aabbMin:
  X: -172.4720001220703
  Y: -69.43560028076172
  Z: -129.54100036621094
boundingForTraverse: 120.73350524902344
bugMask: 0
cursorOffsetY: 0.5
instSizeCafe: 52480
instSizeNx: -1
sortKey: 0
terrainTextures:
- !u 0xffff4342
traverseDist: 3000.0
