aabbMax:
  X: 26.309999465942383
  Y: 139.44900512695312
  Z: 92.12129974365234
aabbMin:
  X: -95.77339935302734
  Y: -23.784500122070312
  Z: -86.45230102539062
boundingForTraverse: 163.23350524902344
bugMask: 0
cursorOffsetY: 0.5
instSizeCafe: 30004
instSizeNx: -1
sortKey: 0
terrainTextures:
- !u 0xffff4608
traverseDist: 100000.0
