aabbMax:
  X: 0.8611159920692444
  Y: 6.791709899902344
  Z: 4.719870090484619
aabbMin:
  X: -0.8611170053482056
  Y: -0.08328299969434738
  Z: -4.719870090484619
boundingForTraverse: 6.8749918937683105
bugMask: 0
cursorOffsetY: 0.5
instSizeCafe: 27604
instSizeNx: -1
sortKey: 8
traverseDist: 300.0
