aabbMax:
  X: 20.947200775146484
  Y: 1.4387500286102295
  Z: 29.565200805664062
aabbMin:
  X: -22.12660026550293
  Y: -205.822998046875
  Z: -32.44660186767578
boundingForTraverse: 207.26174926757812
bugMask: 0
cursorOffsetY: 0.5
instSizeCafe: 18028
instSizeNx: -1
sortKey: 0
terrainTextures:
- !u 0xffffff33
traverseDist: 2000.0
