aabbMax:
  X: 91.0093002319336
  Y: 36.547298431396484
  Z: 27.100200653076172
aabbMin:
  X: -75.96589660644531
  Y: -73.47380065917969
  Z: -66.3051986694336
boundingForTraverse: 110.02110290527344
bugMask: 0
cursorOffsetY: 0.5
instSizeCafe: 41496
instSizeNx: -1
sortKey: 0
terrainTextures:
- !u 0xffffff47
traverseDist: 5000.0
