aabbMax:
  X: 5.688270092010498
  Y: 7.604899883270264
  Z: 4.057869911193848
aabbMin:
  X: -3.792099952697754
  Y: -7.619420051574707
  Z: -3.654629945755005
boundingForTraverse: 15.224319458007812
bugMask: 0
cursorOffsetY: 0.5
instSizeCafe: 39900
instSizeNx: -1
sortKey: 0
traverseDist: 500.0
