aabbMax:
  X: 7.562920093536377
  Y: 19.183500289916992
  Z: 6.674320220947266
aabbMin:
  X: -7.562920093536377
  Y: -17.700000762939453
  Z: -6.674320220947266
boundingForTraverse: 36.88349914550781
bugMask: 0
cursorOffsetY: 0.5
instSizeCafe: 44188
instSizeNx: 116672
sortKey: 6
traverseDist: 520.1737060546875
