aabbMax:
  X: 4.5
  Y: 3.4000000953674316
  Z: 0.8251680135726929
aabbMin:
  X: 0.0
  Y: 0.0
  Z: -0.75
boundingForTraverse: 3.4000000953674316
bugMask: 0
cursorOffsetY: 0.5
instSizeCafe: 41496
instSizeNx: -1
sortKey: 15
