aabbMax:
  X: 35.03670120239258
  Y: 27.24340057373047
  Z: 20.993600845336914
aabbMin:
  X: -43.39120101928711
  Y: -26.027799606323242
  Z: -56.88930130004883
boundingForTraverse: 53.271202087402344
bugMask: 0
cursorOffsetY: 0.5
instSizeCafe: 29424
instSizeNx: -1
sortKey: 3
traverseDist: 610.5291137695312
