aabbMax:
  X: 12.482000350952148
  Y: 1.5
  Z: 13.781700134277344
aabbMin:
  X: -12.017999649047852
  Y: -0.46216800808906555
  Z: -14.255900382995605
boundingForTraverse: 1.9621679782867432
bugMask: 0
cursorOffsetY: 0.5
instSizeCafe: 17140
instSizeNx: -1
sortKey: 0
terrainTextures:
- !u 0xffffff08
