aabbMax:
  X: 10.452799797058105
  Y: 18.370500564575195
  Z: 10.662400245666504
aabbMin:
  X: -10.679800033569336
  Y: -0.8538020253181458
  Z: -11.510000228881836
boundingForTraverse: 19.224302291870117
bugMask: 0
instSizeCafe: -1
instSizeNx: 96160
sortKey: 0
terrainTextures:
- !u 0xffffff37
