aabbMax:
  X: 12.03279972076416
  Y: 0.34882500767707825
  Z: 1.2332799434661865
aabbMin:
  X: -12.114800453186035
  Y: -0.4540550112724304
  Z: -1.182070016860962
boundingForTraverse: 0.8028799891471863
bugMask: 0
cursorOffsetY: 0.5
instSizeCafe: 39196
instSizeNx: -1
sortKey: -3
terrainTextures:
- !u 0xffffff47
traverseDist: 500.0
