aabbMax:
  X: 59.164798736572266
  Y: 13.173100471496582
  Z: -4.42179012298584
aabbMin:
  X: -58.7599983215332
  Y: -6.591300010681152
  Z: -65.72599792480469
boundingForTraverse: 19.764400482177734
bugMask: 0
cursorOffsetY: 0.5
instSizeCafe: 17396
instSizeNx: -1
sortKey: 0
terrainTextures:
- !u 0xff4d1d11
traverseDist: 632.90771484375
