aabbMax:
  X: 9.044739723205566
  Y: 0.10000000149011612
  Z: 6.500349998474121
aabbMin:
  X: -9.044739723205566
  Y: -31.523500442504883
  Z: -24.628599166870117
boundingForTraverse: 31.62350082397461
bugMask: 0
cursorOffsetY: 0.5
instSizeCafe: 20464
instSizeNx: -1
sortKey: 0
traverseDist: 500.0
