aabbMax:
  X: 38.839599609375
  Y: 1.5837500095367432
  Z: 42.18259811401367
aabbMin:
  X: -42.974998474121094
  Y: -31.542600631713867
  Z: -0.7532230019569397
boundingForTraverse: 33.12635040283203
bugMask: 0
cursorOffsetY: 0.5
instSizeCafe: 29912
instSizeNx: 96160
sortKey: 0
traverseDist: 1000.0
