aabbMax:
  X: 151.69000244140625
  Y: 2.2026500701904297
  Z: 225.6300048828125
aabbMin:
  X: -156.0030059814453
  Y: -80.3644027709961
  Z: -56.793399810791016
boundingForTraverse: 82.56705474853516
bugMask: 0
cursorOffsetY: 0.5
instSizeCafe: 41756
instSizeNx: -1
sortKey: 0
terrainTextures:
- !u 0xffffff47
traverseDist: 1000.0
