aabbMax:
  X: 1.7280900478363037
  Y: 1.273110032081604
  Z: 2.087549924850464
aabbMin:
  X: -1.6634000539779663
  Y: -0.765263020992279
  Z: -2.0012099742889404
boundingForTraverse: 2.0383729934692383
bugMask: 0
cursorOffsetY: 0.5
instSizeCafe: 27608
instSizeNx: -1
sortKey: 0
terrainTextures:
- !u 0xffffff42
