aabbMax:
  X: 25.357099533081055
  Y: 4.644309997558594
  Z: 12.769700050354004
aabbMin:
  X: -28.210899353027344
  Y: -5.091239929199219
  Z: -16.55820083618164
boundingForTraverse: 9.735549926757812
bugMask: 0
cursorOffsetY: 0.5
instSizeCafe: 18548
instSizeNx: -1
sortKey: 0
terrainTextures:
- !u 0xffffff1c
traverseDist: 200.0
