aabbMax:
  X: 38.80080032348633
  Y: 23.33009910583496
  Z: 24.61319923400879
aabbMin:
  X: -37.495601654052734
  Y: -24.0
  Z: -7.99675989151001
boundingForTraverse: 47.330101013183594
bugMask: 0
instSizeCafe: -1
instSizeNx: 104352
sortKey: -2
terrainTextures:
- !u 0xffffff15
traverseDist: 582.9732055664062
