aabbMax:
  X: 14.39490032196045
  Y: 11.360400199890137
  Z: 11.651700019836426
aabbMin:
  X: -19.082399368286133
  Y: -0.2361229956150055
  Z: -11.692099571228027
boundingForTraverse: 11.59652328491211
bugMask: 0
cursorOffsetY: 0.5
instSizeCafe: -1
instSizeNx: 350152
sortKey: -15
traverseDist: 500.0
