aabbMax:
  X: 82.12799835205078
  Y: 34.540000915527344
  Z: 26.890199661254883
aabbMin:
  X: -64.1281967163086
  Y: -11.959500312805176
  Z: -144.1580047607422
boundingForTraverse: 46.4995002746582
bugMask: 0
cursorOffsetY: 0.5
instSizeCafe: 58720
instSizeNx: -1
sortKey: 0
terrainTextures:
- 286263296
- 925966109
- !u 0xffffff4c
traverseDist: 3000.0
