aabbMax:
  X: 80.69239807128906
  Y: 28.870500564575195
  Z: 85.93119812011719
aabbMin:
  X: -83.9979019165039
  Y: -31.77280044555664
  Z: -85.404296875
boundingForTraverse: 60.64330291748047
bugMask: 0
cursorOffsetY: 0.5
instSizeCafe: -1
instSizeNx: 481392
sortKey: 0
traverseDist: 2000.0
