aabbMax:
  X: 44.879398345947266
  Y: 36.33290100097656
  Z: 24.950599670410156
aabbMin:
  X: -32.547401428222656
  Y: -31.401100158691406
  Z: -44.78730010986328
boundingForTraverse: 67.73400115966797
bugMask: 0
cursorOffsetY: 0.5
instSizeCafe: 18900
instSizeNx: 75656
sortKey: 0
terrainTextures:
- !u 0xffff1e12
