aabbMax:
  X: 3.1995999813079834
  Y: 0.19173599779605865
  Z: 4.012929916381836
aabbMin:
  X: -3.030479907989502
  Y: -13.878600120544434
  Z: -0.2648020088672638
boundingForTraverse: 14.07033634185791
bugMask: 0
cursorOffsetY: 0.5
instSizeCafe: 29908
instSizeNx: -1
sortKey: 0
terrainTextures:
- !u 0xffffff44
