aabbMax:
  X: 18.272199630737305
  Y: 23.387399673461914
  Z: 11.717499732971191
aabbMin:
  X: -19.453699111938477
  Y: -0.016925999894738197
  Z: -15.707599639892578
boundingForTraverse: 23.404325485229492
bugMask: 0
instSizeCafe: 50816
instSizeNx: -1
sortKey: 2
terrainTextures:
- !u 0xffff4d2a
traverseDist: 546.6409912109375
