aabbMax:
  X: 350.3840026855469
  Y: 628.5900268554688
  Z: 197.61300659179688
aabbMin:
  X: -368.3389892578125
  Y: -62.35200119018555
  Z: -566.9619750976562
boundingForTraverse: 690.9420166015625
bugMask: 0
cursorOffsetY: 0.5
instSizeCafe: 27760
instSizeNx: -1
sortKey: -1
terrainTextures:
- !u 0xff4c1f00
traverseDist: 100000.0
