aabbMax:
  X: 141.69700622558594
  Y: 55.2661018371582
  Z: 0.9882429838180542
aabbMin:
  X: -0.27838099002838135
  Y: -95.91259765625
  Z: -106.78800201416016
boundingForTraverse: 151.17869567871094
bugMask: 0
cursorOffsetY: 0.5
instSizeCafe: 17140
instSizeNx: -1
sortKey: 0
