aabbMax:
  X: 8.103179931640625
  Y: 2.9707698822021484
  Z: 0.862991988658905
aabbMin:
  X: -7.5372700691223145
  Y: -0.5
  Z: -0.9174050092697144
boundingForTraverse: 3.4707698822021484
bugMask: 0
cursorOffsetY: 0.5
instSizeCafe: 75840
instSizeNx: -1
sortKey: -3
traverseDist: 300.0
