aabbMax:
  X: 6.319699764251709
  Y: 24.354400634765625
  Z: 8.228899955749512
aabbMin:
  X: -10.615099906921387
  Y: -3.5294198989868164
  Z: -6.997509956359863
boundingForTraverse: 27.883819580078125
bugMask: 0
instSizeCafe: 40884
instSizeNx: -1
sortKey: 0
terrainTextures:
- !u 0xffff4d2a
traverseDist: 1000.0
