aabbMax:
  X: 14.122699737548828
  Y: 0.39516401290893555
  Z: 15.512800216674805
aabbMin:
  X: -14.346599578857422
  Y: -0.6120780110359192
  Z: -15.788299560546875
boundingForTraverse: 31.30109977722168
bugMask: 0
cursorOffsetY: 0.5
instSizeCafe: -1
instSizeNx: 75656
sortKey: 0
