aabbMax:
  X: 63.412601470947266
  Y: 7.783269882202148
  Z: 20.51689910888672
aabbMin:
  X: -61.91080093383789
  Y: -131.8300018310547
  Z: -19.767799377441406
boundingForTraverse: 139.61326599121094
bugMask: 0
cursorOffsetY: 0.5
instSizeCafe: -1
instSizeNx: 120768
sortKey: 0
terrainTextures:
- 522064384
- !u 0xffffff4c
traverseDist: 2000.0
