aabbMax:
  X: 34.90660095214844
  Y: 3.270900011062622
  Z: 33.890098571777344
aabbMin:
  X: -39.385101318359375
  Y: -100.0
  Z: -28.577499389648438
boundingForTraverse: 103.2708969116211
bugMask: 0
cursorOffsetY: 0.5
instSizeCafe: 29656
instSizeNx: 96160
sortKey: 6
terrainTextures:
- !u 0xff331d11
traverseDist: 597.064208984375
