aabbMax:
  X: 44.77640151977539
  Y: 5.43828010559082
  Z: 27.94339942932129
aabbMin:
  X: -42.62710189819336
  Y: -108.21700286865234
  Z: -12.317700386047363
boundingForTraverse: 113.65528106689453
bugMask: 0
instSizeCafe: 39128
instSizeNx: -1
sortKey: 0
terrainTextures:
- 487657472
- !u 0xffff4c1f
traverseDist: 4000.0
