aabbMax:
  X: 6.611670017242432
  Y: 0.3625349998474121
  Z: 3.8658199310302734
aabbMin:
  X: -6.072470188140869
  Y: -0.33392900228500366
  Z: -4.046050071716309
boundingForTraverse: 0.6964640021324158
bugMask: 0
cursorOffsetY: 0.5
instSizeCafe: 30576
instSizeNx: -1
sortKey: -5
