aabbMax:
  X: 38.10319900512695
  Y: 1.4974100589752197
  Z: 22.927600860595703
aabbMin:
  X: -38.743499755859375
  Y: -18.460599899291992
  Z: -10.517200469970703
boundingForTraverse: 19.958009719848633
bugMask: 0
cursorOffsetY: 0.5
instSizeCafe: 29912
instSizeNx: 96160
sortKey: 0
terrainTextures:
- !u 0xffffff4e
traverseDist: 2000.0
