aabbMax:
  X: 25.15049934387207
  Y: 0.5404090285301208
  Z: 31.284799575805664
aabbMin:
  X: -26.396699905395508
  Y: -21.627599716186523
  Z: -28.271799087524414
boundingForTraverse: 22.16800880432129
bugMask: 0
cursorOffsetY: 0.5
instSizeCafe: 38040
instSizeNx: -1
sortKey: -1
terrainTextures:
- !u 0xffff3e1c
traverseDist: 578.76611328125
