aabbMax:
  X: 25.18000030517578
  Y: 1.3934099674224854
  Z: 22.91160011291504
aabbMin:
  X: -28.240299224853516
  Y: -20.79050064086914
  Z: -0.4236150085926056
boundingForTraverse: 22.183910369873047
bugMask: 0
cursorOffsetY: 0.5
instSizeCafe: 19792
instSizeNx: -1
sortKey: 0
terrainTextures:
- !u 0xffffff44
traverseDist: 558.2946166992188
