aabbMax:
  X: 60.0
  Y: 0.0
  Z: 60.0
aabbMin:
  X: -70.0
  Y: 0.0
  Z: -70.0
boundingForTraverse: 91.92388153076172
bugMask: 0
cursorOffsetY: 0.5
instSizeCafe: -1
instSizeNx: 145368
sortKey: 0
traverseDist: 683.8477783203125
