aabbMax:
  X: 29.1112003326416
  Y: 0.44030699133872986
  Z: 11.531999588012695
aabbMin:
  X: -0.358487993478775
  Y: -5.360340118408203
  Z: -5.133950233459473
boundingForTraverse: 5.800646781921387
bugMask: 0
cursorOffsetY: 0.5
instSizeCafe: 151364
instSizeNx: 378832
sortKey: 0
traverseDist: 500.0
