aabbMax:
  X: 22.258399963378906
  Y: 7.60250997543335
  Z: 21.58289909362793
aabbMin:
  X: -22.061599731445312
  Y: -58.6172981262207
  Z: -23.04759979248047
boundingForTraverse: 66.21981048583984
bugMask: 0
cursorOffsetY: 0.5
instSizeCafe: 38556
instSizeNx: -1
sortKey: 0
terrainTextures:
- 487656448
- !u 0xffff4c1f
traverseDist: 2000.0
