aabbMax:
  X: 0.33339500427246094
  Y: 3.06781005859375
  Z: 0.5479570031166077
aabbMin:
  X: -25.212600708007812
  Y: -14.679699897766113
  Z: -19.311800003051758
boundingForTraverse: 17.747509002685547
bugMask: 0
cursorOffsetY: 0.5
instSizeCafe: 63332
instSizeNx: -1
sortKey: 0
traverseDist: 500.0
