aabbMax:
  X: 8.571619987487793
  Y: 0.4731299877166748
  Z: 6.341939926147461
aabbMin:
  X: -7.659259796142578
  Y: -6.950170040130615
  Z: -4.027100086212158
boundingForTraverse: 7.423299789428711
bugMask: 0
instSizeCafe: 17392
instSizeNx: -1
sortKey: 12
terrainTextures:
- !u 0xffffff33
