aabbMax:
  X: 136.0189971923828
  Y: -21.81879997253418
  Z: -21.49970054626465
aabbMin:
  X: -255.15899658203125
  Y: -158.2469940185547
  Z: -177.6699981689453
boundingForTraverse: 136.42819213867188
bugMask: 0
cursorOffsetY: 0.5
instSizeCafe: 41500
instSizeNx: 124864
sortKey: 0
terrainTextures:
- 522064384
- !u 0xffffff4c
traverseDist: 2000.0
