aabbMax:
  X: 52.69599914550781
  Y: 65.19290161132812
  Z: 65.15640258789062
aabbMin:
  X: -87.93329620361328
  Y: -65.1415023803711
  Z: -74.31700134277344
boundingForTraverse: 130.33441162109375
bugMask: 0
cursorOffsetY: 0.5
instSizeCafe: 42268
instSizeNx: 124864
sortKey: 0
terrainTextures:
- 522064384
- !u 0xffffff4c
traverseDist: 698.064208984375
