aabbMax:
  X: 37.56999969482422
  Y: 16.59910011291504
  Z: 3.0556600093841553
aabbMin:
  X: -19.392799377441406
  Y: -0.5973889827728271
  Z: -9.45952033996582
boundingForTraverse: 17.196489334106445
bugMask: 0
cursorOffsetY: 0.5
instSizeCafe: 90476
instSizeNx: -1
sortKey: 0
terrainTextures:
- !u 0xffffff08
traverseDist: 1000.0
