aabbMax:
  X: 0.7313029766082764
  Y: 2.9334099292755127
  Z: -3.0600900650024414
aabbMin:
  X: -0.7212949991226196
  Y: 1.3970600366592407
  Z: -3.1060900688171387
boundingForTraverse: 1.5363500118255615
bugMask: 1
cursorOffsetY: 0.5
instSizeCafe: 50228
instSizeNx: 122968
sortKey: -3
traverseDist: 500.0
