aabbMax:
  X: 5.170619964599609
  Y: 0.38180699944496155
  Z: 23.468000411987305
aabbMin:
  X: -4.782060146331787
  Y: -14.806699752807617
  Z: -24.812400817871094
boundingForTraverse: 15.188507080078125
bugMask: 0
instSizeCafe: 27604
instSizeNx: -1
sortKey: 0
terrainTextures:
- 522064384
- !u 0xffffff4c
traverseDist: 1000.0
