aabbMax:
  X: 43.741600036621094
  Y: 2.2814700603485107
  Z: 29.119699478149414
aabbMin:
  X: -39.783599853515625
  Y: -120.10700225830078
  Z: -3.803879976272583
boundingForTraverse: 122.38847351074219
bugMask: 0
cursorOffsetY: 0.5
instSizeCafe: 30576
instSizeNx: -1
sortKey: 0
terrainTextures:
- !u 0xffffff44
traverseDist: 589.7798461914062
