aabbMax:
  X: 0.38218098878860474
  Y: 1.4821799993515015
  Z: 0.3586609959602356
aabbMin:
  X: -0.38218098878860474
  Y: -0.2714790105819702
  Z: -0.130963996052742
boundingForTraverse: 1.7536590099334717
bugMask: 3
cursorOffsetY: 0.5
instSizeCafe: 27924
instSizeNx: -1
sortKey: -32
