aabbMax:
  X: 24.78219985961914
  Y: 10.923800468444824
  Z: 15.02649974822998
aabbMin:
  X: -22.373600006103516
  Y: -6.908959865570068
  Z: -15.009900093078613
boundingForTraverse: 17.832759857177734
bugMask: 0
cursorOffsetY: 0.5
instSizeCafe: 27604
instSizeNx: -1
sortKey: 0
terrainTextures:
- !u 0xffff1d11
