aabbMax:
  X: 15.953900337219238
  Y: 22.050399780273438
  Z: 59.02410125732422
aabbMin:
  X: -63.68619918823242
  Y: -22.120100021362305
  Z: -76.22869873046875
boundingForTraverse: 44.170501708984375
bugMask: 0
instSizeCafe: 38812
instSizeNx: 120768
sortKey: 0
terrainTextures:
- 487657472
- !u 0xffff4c1f
