aabbMax:
  X: 49.31890106201172
  Y: 2.5556600093841553
  Z: 23.507400512695312
aabbMin:
  X: -51.78179931640625
  Y: -6.323480129241943
  Z: -11.097200393676758
boundingForTraverse: 8.87913990020752
bugMask: 0
cursorOffsetY: 0.5
instSizeCafe: 29908
instSizeNx: -1
sortKey: -3
terrainTextures:
- !u 0xffffff10
traverseDist: 500.0
