aabbMax:
  X: 2.5691099166870117
  Y: 0.1456419974565506
  Z: 1.9518699645996094
aabbMin:
  X: -3.009160041809082
  Y: -0.07791999727487564
  Z: -2.0285699367523193
boundingForTraverse: 0.22356200218200684
bugMask: 0
cursorOffsetY: 0.5
instSizeCafe: -1
instSizeNx: 96160
sortKey: 2
