aabbMax:
  X: 33.30179977416992
  Y: 9.857040405273438
  Z: 32.275001525878906
aabbMin:
  X: -7.802919864654541
  Y: -1.1641000509262085
  Z: -8.723560333251953
boundingForTraverse: 11.021140098571777
bugMask: 0
cursorOffsetY: 0.5
instSizeCafe: 17644
instSizeNx: -1
sortKey: 0
terrainTextures:
- !u 0xff4d1d11
traverseDist: 558.0558471679688
