aabbMax:
  X: 8.557120323181152
  Y: 7.407589912414551
  Z: 5.511149883270264
aabbMin:
  X: -8.535289764404297
  Y: -0.6718500256538391
  Z: -13.759900093078613
boundingForTraverse: 8.079440116882324
bugMask: 3
cursorOffsetY: 0.5
farModelCulling:
  center:
    X: 0.0
    Y: 3.25
    Z: 0.0
  height: 3.25
  radius: 14.0
instSizeCafe: -1
instSizeNx: 521048
rigidBodyCenterY: 4.350780010223389
sortKey: 10
terrainTextures:
- !u 0xffffff22
traverseDist: 300.0
