aabbMax:
  X: 36.72869873046875
  Y: 26.67959976196289
  Z: 35.32419967651367
aabbMin:
  X: -15.010299682617188
  Y: -5.848989963531494
  Z: -63.307701110839844
boundingForTraverse: 32.52859115600586
bugMask: 0
instSizeCafe: 151260
instSizeNx: -1
sortKey: -7
traverseDist: 400.0
