aabbMax:
  X: 31.934200286865234
  Y: 65.92040252685547
  Z: 14.156700134277344
aabbMin:
  X: -32.18009948730469
  Y: -1.0376499891281128
  Z: -12.151900291442871
boundingForTraverse: 66.95805358886719
bugMask: 0
cursorOffsetY: 0.5
instSizeCafe: 132856
instSizeNx: -1
sortKey: 0
traverseDist: 1000.0
