aabbMax:
  X: 42.4119987487793
  Y: 38.24829864501953
  Z: 40.12969970703125
aabbMin:
  X: -40.29209899902344
  Y: -88.0457992553711
  Z: -9.567930221557617
boundingForTraverse: 126.29409790039062
bugMask: 0
instSizeCafe: 29808
instSizeNx: -1
sortKey: 0
traverseDist: 8000.0
