aabbMax:
  X: 15.5
  Y: 49.70000076293945
  Z: -5.0
aabbMin:
  X: -127.0
  Y: -0.300025999546051
  Z: -130.0
boundingForTraverse: 50.00002670288086
bugMask: 0
cursorOffsetY: 0.5
instSizeCafe: 51964
instSizeNx: -1
sortKey: 0
terrainTextures:
- !u 0xffffff08
traverseDist: 689.555419921875
