aabbMax:
  X: 30.484100341796875
  Y: 9.086339950561523
  Z: 18.207399368286133
aabbMin:
  X: -27.05299949645996
  Y: -30.025699615478516
  Z: 4.919050216674805
boundingForTraverse: 39.112037658691406
bugMask: 0
instSizeCafe: 18796
instSizeNx: -1
sortKey: 0
terrainTextures:
- !u 0xffffff03
traverseDist: 559.0516357421875
