aabbMax:
  X: 5.639560222625732
  Y: 1.7702900171279907
  Z: 32.52149963378906
aabbMin:
  X: -5.592979907989502
  Y: -21.11039924621582
  Z: -33.210201263427734
boundingForTraverse: 22.88068962097168
bugMask: 0
cursorOffsetY: 0.5
instSizeCafe: 72644
instSizeNx: -1
sortKey: 0
traverseDist: 566.6845092773438
