aabbMax:
  X: 3.0
  Y: 3.4000000953674316
  Z: 0.8122900128364563
aabbMin:
  X: 0.0
  Y: 0.0
  Z: -0.75
boundingForTraverse: 3.4000000953674316
bugMask: 0
cursorOffsetY: 0.5
instSizeCafe: 41500
instSizeNx: -1
sortKey: 16
