aabbMax:
  X: 67.24600219726562
  Y: 136.1320037841797
  Z: 121.01599884033203
aabbMin:
  X: -67.72460174560547
  Y: -137.05499267578125
  Z: -120.79199981689453
boundingForTraverse: 273.18701171875
bugMask: 0
cursorOffsetY: 0.5
instSizeCafe: 19500
instSizeNx: -1
sortKey: 0
traverseDist: 8000.0
