aabbMax:
  X: 30.17959976196289
  Y: 12.829999923706055
  Z: 76.4845962524414
aabbMin:
  X: -23.496000289916992
  Y: -37.22090148925781
  Z: -44.60319900512695
boundingForTraverse: 50.0509033203125
bugMask: 0
cursorOffsetY: 0.5
instSizeCafe: 209684
instSizeNx: -1
sortKey: 0
terrainTextures:
- !u 0xffffff10
traverseDist: 632.4512329101562
