aabbMax:
  X: 4.255949974060059
  Y: 3.1013898849487305
  Z: 3.1082100868225098
aabbMin:
  X: -2.6034998893737793
  Y: -1.8578399419784546
  Z: -3.7360000610351562
boundingForTraverse: 4.959229946136475
bugMask: 0
cursorOffsetY: 0.5
instSizeCafe: 29424
instSizeNx: -1
sortKey: 0
traverseDist: 300.0
