aabbMax:
  X: 52.29029846191406
  Y: 3.7614901065826416
  Z: 18.487300872802734
aabbMin:
  X: -47.49250030517578
  Y: -25.63719940185547
  Z: -13.052599906921387
boundingForTraverse: 29.39868927001953
bugMask: 0
instSizeCafe: -1
instSizeNx: 116672
sortKey: 0
terrainTextures:
- 522064384
- !u 0xffffff4c
traverseDist: 1000.0
