aabbMax:
  X: 2.0021700859069824
  Y: 0.23938600718975067
  Z: 1.0183700323104858
aabbMin:
  X: -1.5722500085830688
  Y: -0.984512984752655
  Z: -0.9242050051689148
boundingForTraverse: 1.223899006843567
bugMask: 0
cursorOffsetY: 0.5
instSizeCafe: 18288
instSizeNx: -1
sortKey: -21
