aabbMax:
  X: 88.94059753417969
  Y: 142.72799682617188
  Z: 169.80599975585938
aabbMin:
  X: -108.78600311279297
  Y: -23.09040069580078
  Z: -4.72475004196167
boundingForTraverse: 165.81838989257812
bugMask: 0
cursorOffsetY: 0.5
instSizeCafe: -1
instSizeNx: 100256
sortKey: 0
terrainTextures:
- !u 0xffff4608
traverseDist: 763.7362060546875
