aabbMax:
  X: 46.32619857788086
  Y: 6.7628397941589355
  Z: 23.136899948120117
aabbMin:
  X: -39.27840042114258
  Y: -66.24220275878906
  Z: -9.297249794006348
boundingForTraverse: 73.00504302978516
bugMask: 0
cursorOffsetY: 0.5
instSizeCafe: -1
instSizeNx: 75656
sortKey: 0
terrainTextures:
- !u 0xffffff54
traverseDist: 1500.0
