aabbMax:
  X: 131.03399658203125
  Y: 42.56380081176758
  Z: 105.66300201416016
aabbMin:
  X: -136.23500061035156
  Y: -13.975299835205078
  Z: -99.24980163574219
boundingForTraverse: 56.539100646972656
bugMask: 0
cursorOffsetY: 0.5
instSizeCafe: -1
instSizeNx: 198672
sortKey: -4
terrainTextures:
- !u 0xffffff47
traverseDist: 836.78173828125
