aabbMax:
  X: 9.512430191040039
  Y: 57.04560089111328
  Z: 9.49979019165039
aabbMin:
  X: -9.338210105895996
  Y: -4.287350177764893
  Z: -9.451729774475098
boundingForTraverse: 61.332950592041016
bugMask: 0
instSizeCafe: 38940
instSizeNx: 116672
sortKey: 0
traverseDist: 1000.0
