aabbMax:
  X: 41.89950180053711
  Y: 7.718289852142334
  Z: 34.25170135498047
aabbMin:
  X: -31.795799255371094
  Y: -6.7970499992370605
  Z: -41.290199279785156
boundingForTraverse: 14.515339851379395
bugMask: 0
cursorOffsetY: 0.5
instSizeCafe: 42292
instSizeNx: -1
sortKey: 0
terrainTextures:
- 1277107200
traverseDist: 605.5347290039062
