aabbMax:
  X: 0.44999799132347107
  Y: 5.001510143280029
  Z: 0.17833399772644043
aabbMin:
  X: -0.44999799132347107
  Y: 0.0
  Z: -0.06470700353384018
boundingForTraverse: 5.001510143280029
bugMask: 0
cursorOffsetY: 0.5
instSizeCafe: -1
instSizeNx: 75656
sortKey: 0
traverseDist: 500.9322204589844
