aabbMax:
  X: 127.93000030517578
  Y: 142.39300537109375
  Z: 64.6720962524414
aabbMin:
  X: -129.33999633789062
  Y: -114.37200164794922
  Z: -63.510799407958984
boundingForTraverse: 256.7650146484375
bugMask: 0
cursorOffsetY: 0.5
instSizeCafe: 30900
instSizeNx: -1
sortKey: 0
terrainTextures:
- !u 0xffffff37
traverseDist: 8000.0
