aabbMax:
  X: 10.0
  Y: 21.72599983215332
  Z: 4.442170143127441
aabbMin:
  X: -10.0
  Y: -1.7557400465011597
  Z: -9.006050109863281
boundingForTraverse: 23.481739044189453
bugMask: 0
cursorOffsetY: 0.5
instSizeCafe: -1
instSizeNx: 116672
sortKey: 13
traverseDist: 524.1009521484375
