aabbMax:
  X: -50.0
  Y: 4.883510112762451
  Z: -40.0
aabbMin:
  X: -132.5
  Y: 0.010001000016927719
  Z: -80.0
boundingForTraverse: 4.873508930206299
bugMask: 0
cursorOffsetY: 0.5
instSizeCafe: -1
instSizeNx: 96160
sortKey: 0
