aabbMax:
  X: 56.91059875488281
  Y: 12.938300132751465
  Z: 71.18419647216797
aabbMin:
  X: -30.886499404907227
  Y: -16.345500946044922
  Z: -64.65129852294922
boundingForTraverse: 29.283802032470703
bugMask: 0
cursorOffsetY: 0.5
instSizeCafe: 17396
instSizeNx: -1
sortKey: 10
terrainTextures:
- !u 0xffff3222
traverseDist: 661.7393188476562
