aabbMax:
  X: 51.695899963378906
  Y: 1.0151599645614624
  Z: 16.835500717163086
aabbMin:
  X: -37.47829818725586
  Y: -121.0
  Z: -6.570469856262207
boundingForTraverse: 122.0151596069336
bugMask: 0
cursorOffsetY: 0.5
instSizeCafe: 32020
instSizeNx: -1
sortKey: 0
terrainTextures:
- !u 0xffffff44
traverseDist: 592.1947631835938
