aabbMax:
  X: 1.4234299659729004
  Y: 1.5208799839019775
  Z: 1.4204699993133545
aabbMin:
  X: -1.4112000465393066
  Y: -1.479140043258667
  Z: -0.9681119918823242
boundingForTraverse: 3.0000200271606445
bugMask: 0
cursorOffsetY: 0.5
instSizeCafe: -1
instSizeNx: 96160
sortKey: 0
terrainTextures:
- !u 0xffffff15
