aabbMax:
  X: 3.699350118637085
  Y: 23.799800872802734
  Z: 4.588759899139404
aabbMin:
  X: -3.3493800163269043
  Y: -0.7244799733161926
  Z: -4.2898101806640625
boundingForTraverse: 24.524280548095703
bugMask: 0
cursorOffsetY: 0.5
instSizeCafe: -1
instSizeNx: 75656
sortKey: 0
