aabbMax:
  X: 27.633800506591797
  Y: 33.02009963989258
  Z: 46.94839859008789
aabbMin:
  X: -29.65089988708496
  Y: -32.82099914550781
  Z: -44.68159866333008
boundingForTraverse: 65.84109497070312
bugMask: 0
cursorOffsetY: 0.5
instSizeCafe: 55100
instSizeNx: -1
sortKey: -2
terrainTextures:
- !u 0xffffff47
traverseDist: 608.0629272460938
