aabbMax:
  X: 9.999999974752427e-07
  Y: 2.2893500328063965
  Z: 2.1890199184417725
aabbMin:
  X: -15.472000122070312
  Y: -7.197110176086426
  Z: -2.0052099227905273
boundingForTraverse: 9.486459732055664
bugMask: 0
cursorOffsetY: 0.5
instSizeCafe: -1
instSizeNx: 75656
sortKey: 2
