aabbMax:
  X: 2.8434500694274902
  Y: 5.716489791870117
  Z: 18.805999755859375
aabbMin:
  X: -15.434399604797363
  Y: -1.9223999977111816
  Z: -16.922700881958008
boundingForTraverse: 7.638889789581299
bugMask: 0
cursorOffsetY: 0.5
instSizeCafe: 18292
instSizeNx: 75656
sortKey: 0
traverseDist: 1000.0
