aabbMax:
  X: 56.132198333740234
  Y: 10.092499732971191
  Z: 43.309898376464844
aabbMin:
  X: -54.47010040283203
  Y: -163.14300537109375
  Z: -66.38179779052734
boundingForTraverse: 173.23550415039062
bugMask: 0
cursorOffsetY: 0.5
instSizeCafe: -1
instSizeNx: 120768
sortKey: 0
