aabbMax:
  X: 28.874399185180664
  Y: 84.05400085449219
  Z: 26.970800399780273
aabbMin:
  X: -30.11389923095703
  Y: -2.5923500061035156
  Z: -26.147600173950195
boundingForTraverse: 86.64634704589844
bugMask: 0
cursorOffsetY: 0.5
instSizeCafe: -1
instSizeNx: 120768
sortKey: 0
terrainTextures:
- !u 0xffff4608
traverseDist: 1000.0
