aabbMax:
  X: 4.839620113372803
  Y: 7.050000190734863
  Z: 6.255350112915039
aabbMin:
  X: -4.839620113372803
  Y: -0.2863430082798004
  Z: -7.4723801612854
boundingForTraverse: 7.336342811584473
bugMask: 0
instSizeCafe: 17392
instSizeNx: -1
sortKey: 0
