aabbMax:
  X: 125.13400268554688
  Y: 47.18090057373047
  Z: 117.9260025024414
aabbMin:
  X: -107.26200103759766
  Y: -48.805301666259766
  Z: -137.03399658203125
boundingForTraverse: 95.9862060546875
bugMask: 0
cursorOffsetY: 0.5
instSizeCafe: 76868
instSizeNx: -1
sortKey: 0
terrainTextures:
- !u 0xff43420b
traverseDist: 844.9818725585938
