aabbMax:
  X: 1.650979995727539
  Y: 5.0
  Z: 1.603309988975525
aabbMin:
  X: -1.639549970626831
  Y: 0.0
  Z: -1.5919599533081055
boundingForTraverse: 5.0
bugMask: 0
cursorOffsetY: 0.5
instSizeCafe: 41496
instSizeNx: -1
sortKey: 0
