aabbMax:
  X: 15.107600212097168
  Y: 0.09999799728393555
  Z: 13.052200317382812
aabbMin:
  X: -15.015399932861328
  Y: -70.18070220947266
  Z: -17.819499969482422
boundingForTraverse: 70.28070068359375
bugMask: 0
cursorOffsetY: 0.5
instSizeCafe: 21244
instSizeNx: -1
sortKey: -3
traverseDist: 543.1329956054688
