aabbMax:
  X: 15.57759952545166
  Y: 4.51308012008667
  Z: 88.28939819335938
aabbMin:
  X: -121.0999984741211
  Y: -84.8749008178711
  Z: -86.84950256347656
boundingForTraverse: 89.38797760009766
bugMask: 0
cursorOffsetY: 0.5
instSizeCafe: 39196
instSizeNx: 116672
sortKey: 0
terrainTextures:
- 522064384
- !u 0xffffff4c
traverseDist: 722.1585083007812
