aabbMax:
  X: 111.47200012207031
  Y: 64.16230010986328
  Z: 181.4709930419922
aabbMin:
  X: -94.4448013305664
  Y: -64.16230010986328
  Z: -181.4029998779297
boundingForTraverse: 128.32460021972656
bugMask: 0
cursorOffsetY: 0.5
instSizeCafe: -1
instSizeNx: 419816
sortKey: 0
terrainTextures:
- !u 0xffff1d11
traverseDist: 917.2280883789062
