aabbMax:
  X: 7.044829845428467
  Y: 1.294100046157837
  Z: 6.984000205993652
aabbMin:
  X: -7.011549949645996
  Y: -1.3455100059509277
  Z: -7.015979766845703
boundingForTraverse: 2.6396100521087646
bugMask: 0
cursorOffsetY: 0.5
instSizeCafe: 38044
instSizeNx: -1
sortKey: 0
traverseDist: 519.8388671875
