aabbMax:
  X: 3.5006299018859863
  Y: 25.265300750732422
  Z: 3.5006299018859863
aabbMin:
  X: -3.5006299018859863
  Y: 0.043859999626874924
  Z: -3.5006299018859863
boundingForTraverse: 25.2214412689209
bugMask: 3
cursorOffsetY: 0.5
instSizeCafe: 48588
instSizeNx: 125352
rigidBodyCenterY: 30.0
sortKey: 0
traverseDist: 800.0
