aabbMax:
  X: 102.25199890136719
  Y: 83.68560028076172
  Z: 63.197601318359375
aabbMin:
  X: -110.95700073242188
  Y: -14.958499908447266
  Z: -57.185298919677734
boundingForTraverse: 98.64410400390625
bugMask: 0
cursorOffsetY: 0.5
instSizeCafe: 18932
instSizeNx: 75656
sortKey: 0
traverseDist: 1000.0
