aabbMax:
  X: 89.99490356445312
  Y: 223.1750030517578
  Z: 164.6020050048828
aabbMin:
  X: -85.2052001953125
  Y: -222.75
  Z: -160.83299255371094
boundingForTraverse: 445.92498779296875
bugMask: 0
cursorOffsetY: 0.5
instSizeCafe: 30960
instSizeNx: -1
sortKey: 33
traverseDist: 869.5984497070312
