aabbMax:
  X: 15.397700309753418
  Y: 0.7016680240631104
  Z: 5.4936299324035645
aabbMin:
  X: -16.64699935913086
  Y: -23.251100540161133
  Z: -6.863190174102783
boundingForTraverse: 23.952768325805664
bugMask: 0
cursorOffsetY: 0.5
instSizeCafe: 17396
instSizeNx: 75656
sortKey: 0
terrainTextures:
- !u 0xffffff37
