aabbMax:
  X: 4.462329864501953
  Y: 2.919610023498535
  Z: 0.49594101309776306
aabbMin:
  X: -3.10725998878479
  Y: -0.2971250116825104
  Z: -0.47103801369667053
boundingForTraverse: 3.2167348861694336
bugMask: 0
cursorOffsetY: 0.5
instSizeCafe: 63484
instSizeNx: -1
sortKey: 1
