aabbMax:
  X: 49.17409896850586
  Y: 39.150699615478516
  Z: 40.78730010986328
aabbMin:
  X: -44.4547004699707
  Y: -1.4307399988174438
  Z: -45.79309844970703
boundingForTraverse: 40.58143997192383
bugMask: 0
instSizeCafe: 29424
instSizeNx: -1
sortKey: 6
terrainTextures:
- !u 0xffff1d11
traverseDist: 627.5245971679688
