aabbMax:
  X: 10.501700401306152
  Y: 65.24729919433594
  Z: 2.1182899475097656
aabbMin:
  X: -10.329400062561035
  Y: 0.04717300087213516
  Z: -2.0539400577545166
boundingForTraverse: 65.20012664794922
bugMask: 0
cursorOffsetY: 0.5
instSizeCafe: 16884
instSizeNx: 75656
sortKey: 0
