aabbMax:
  X: 111.3290023803711
  Y: 35.75210189819336
  Z: 125.60099792480469
aabbMin:
  X: -61.98820114135742
  Y: -40.07350158691406
  Z: -47.601898193359375
boundingForTraverse: 75.82560729980469
bugMask: 0
cursorOffsetY: 0.5
instSizeCafe: 30584
instSizeNx: -1
sortKey: 0
terrainTextures:
- !u 0xffffff08
traverseDist: 6000.0
