aabbMax:
  X: 64.46790313720703
  Y: 61.13949966430664
  Z: 48.43080139160156
aabbMin:
  X: -70.65049743652344
  Y: -0.25161099433898926
  Z: -46.04399871826172
boundingForTraverse: 61.391109466552734
bugMask: 0
instSizeCafe: 54528
instSizeNx: -1
sortKey: 2
terrainTextures:
- !u 0xffff4d2a
traverseDist: 664.87109375
