aabbMax:
  X: 43.17369842529297
  Y: 7.2931599617004395
  Z: 30.152000427246094
aabbMin:
  X: -42.78620147705078
  Y: -108.11499786376953
  Z: -12.564599990844727
boundingForTraverse: 115.40815734863281
bugMask: 0
cursorOffsetY: 0.5
instSizeCafe: 49208
instSizeNx: -1
sortKey: 12
terrainTextures:
- !u 0xff373108
traverseDist: 595.9885864257812
