aabbMax:
  X: 1.0800199508666992
  Y: 0.04023300111293793
  Z: 1.6138499975204468
aabbMin:
  X: -1.1233500242233276
  Y: -0.015577999874949455
  Z: -0.20898999273777008
boundingForTraverse: 0.05581099912524223
bugMask: 0
cursorOffsetY: 0.5
instSizeCafe: 28056
instSizeNx: 96160
sortKey: 20
traverseDist: 500.0
