aabbMax:
  X: 17.30069923400879
  Y: 5.703050136566162
  Z: 9.16553020477295
aabbMin:
  X: -16.243799209594727
  Y: -2.332890033721924
  Z: -13.296500205993652
boundingForTraverse: 33.544498443603516
bugMask: 0
cursorOffsetY: 0.5
instSizeCafe: 17136
instSizeNx: -1
sortKey: 0
terrainTextures:
- !u 0xffffff33
