aabbMax:
  X: 29.390199661254883
  Y: 3.1900999546051025
  Z: 11.057000160217285
aabbMin:
  X: -30.189899444580078
  Y: -23.690200805664062
  Z: -4.870259761810303
boundingForTraverse: 26.880300521850586
bugMask: 0
instSizeCafe: 18548
instSizeNx: -1
sortKey: 0
terrainTextures:
- !u 0xffffff3e
traverseDist: 3000.0
