aabbMax:
  X: 36.911598205566406
  Y: 28.690099716186523
  Z: 131.0679931640625
aabbMin:
  X: -65.70469665527344
  Y: -21.888200759887695
  Z: -112.6969985961914
boundingForTraverse: 50.57830047607422
bugMask: 0
instSizeCafe: 19524
instSizeNx: 76448
rigidBodyCenterY: 4.624380111694336
sortKey: 0
traverseDist: 3000.0
