aabbMax:
  X: 13.092700004577637
  Y: 8.00883960723877
  Z: 8.308670043945312
aabbMin:
  X: -6.617539882659912
  Y: -2.1783199310302734
  Z: -8.026740074157715
boundingForTraverse: 10.187159538269043
bugMask: 0
cursorOffsetY: 0.5
instSizeCafe: 18548
instSizeNx: 75656
sortKey: 0
traverseDist: 500.0
