aabbMax:
  X: 20.247100830078125
  Y: 14.938199996948242
  Z: 15.481100082397461
aabbMin:
  X: -21.766300201416016
  Y: -2.9063000679016113
  Z: -13.277400016784668
boundingForTraverse: 17.844499588012695
bugMask: 0
cursorOffsetY: 0.5
instSizeCafe: 17396
instSizeNx: -1
sortKey: 4
terrainTextures:
- !u 0xffffff32
traverseDist: 500.0
