aabbMax:
  X: 29.41200065612793
  Y: 11.96780014038086
  Z: 8.74312973022461
aabbMin:
  X: -28.49020004272461
  Y: -8.8326997756958
  Z: -7.97422981262207
boundingForTraverse: 20.800498962402344
bugMask: 0
cursorOffsetY: 0.5
instSizeCafe: 70464
instSizeNx: -1
sortKey: -5
traverseDist: 400.0
