aabbMax:
  X: 128.82200622558594
  Y: 35.121700286865234
  Z: 100.4219970703125
aabbMin:
  X: -134.5709991455078
  Y: -176.55599975585938
  Z: -60.93629837036133
boundingForTraverse: 211.67770385742188
bugMask: 0
cursorOffsetY: 0.5
instSizeCafe: -1
instSizeNx: 120768
sortKey: 0
terrainTextures:
- !u 0xff373108
traverseDist: 2000.0
