aabbMax:
  X: 7.029890060424805
  Y: 30.0
  Z: 7.69665002822876
aabbMin:
  X: -21.169099807739258
  Y: -30.0
  Z: -17.24489974975586
boundingForTraverse: 60.0
bugMask: 0
cursorOffsetY: 0.5
instSizeCafe: 52764
instSizeNx: -1
sortKey: 0
traverseDist: 537.6465454101562
