aabbMax:
  X: 9.089730262756348
  Y: 2.933419942855835
  Z: 6.262239933013916
aabbMin:
  X: -5.648739814758301
  Y: -0.37208399176597595
  Z: -7.7417402267456055
boundingForTraverse: 3.305504083633423
bugMask: 0
cursorOffsetY: 0.5
instSizeCafe: 52680
instSizeNx: -1
rigidBodyCenterY: 1.9532500505447388
sortKey: 0
