aabbMax:
  X: 31.150999069213867
  Y: 12.175100326538086
  Z: 45.80649948120117
aabbMin:
  X: -47.1510009765625
  Y: -116.0
  Z: -49.500099182128906
boundingForTraverse: 128.1750946044922
bugMask: 0
cursorOffsetY: 0.5
instSizeCafe: 194100
instSizeNx: 477248
sortKey: 0
terrainTextures:
- !u 0xffff402c
traverseDist: 3000.0
