aabbMax:
  X: 16.417299270629883
  Y: 0.3973419964313507
  Z: 19.33289909362793
aabbMin:
  X: -16.44099998474121
  Y: -5.571080207824707
  Z: -9.356269836425781
boundingForTraverse: 5.968421936035156
bugMask: 0
cursorOffsetY: 0.5
instSizeCafe: 17392
instSizeNx: -1
sortKey: -2
terrainTextures:
- !u 0xffffff2d
