aabbMax:
  X: 0.3217200040817261
  Y: 2.0526299476623535
  Z: 0.32525500655174255
aabbMin:
  X: -0.31900501251220703
  Y: 0.0
  Z: -0.32873401045799255
boundingForTraverse: 2.0526299476623535
bugMask: 2
cursorOffsetY: 0.5
instSizeCafe: 48532
instSizeNx: -1
rigidBodyCenterY: 1.0132800340652466
sortKey: -3
