aabbMax:
  X: 4.647779941558838
  Y: 62.078399658203125
  Z: 4.657070159912109
aabbMin:
  X: -4.64778995513916
  Y: -1.248039960861206
  Z: -25.213699340820312
boundingForTraverse: 63.326438903808594
bugMask: 0
cursorOffsetY: 0.5
instSizeCafe: 133140
instSizeNx: -1
sortKey: 0
traverseDist: 531.28369140625
