aabbMax:
  X: -35.0
  Y: 54.5099983215332
  Z: -30.0
aabbMin:
  X: -132.06700134277344
  Y: 4.510000228881836
  Z: -96.90470123291016
boundingForTraverse: 50.0
bugMask: 0
cursorOffsetY: 0.5
instSizeCafe: -1
instSizeNx: 96160
sortKey: 0
traverseDist: 617.8908081054688
