aabbMax:
  X: 8.315500259399414
  Y: 21.096200942993164
  Z: 6.839079856872559
aabbMin:
  X: -8.315500259399414
  Y: 0.509555995464325
  Z: -6.790249824523926
boundingForTraverse: 20.586645126342773
bugMask: 0
cursorOffsetY: 0.5
instSizeCafe: -1
instSizeNx: 284800
sortKey: 2
traverseDist: 400.0
