aabbMax:
  X: 81.90950012207031
  Y: 55.46879959106445
  Z: 138.8260040283203
aabbMin:
  X: -68.02850341796875
  Y: -41.13019943237305
  Z: -178.4969940185547
boundingForTraverse: 96.5989990234375
bugMask: 0
cursorOffsetY: 0.5
instSizeCafe: 19500
instSizeNx: -1
sortKey: 0
terrainTextures:
- !u 0xffffff23
traverseDist: 1000.0
