aabbMax:
  X: 0.9100409746170044
  Y: 1.7807600498199463
  Z: 0.2538340091705322
aabbMin:
  X: -0.9225959777832031
  Y: -0.1405320018529892
  Z: -0.3323670029640198
boundingForTraverse: 1.9212919473648071
bugMask: 1
cursorOffsetY: 0.699999988079071
instSizeCafe: 46104
instSizeNx: -1
lookAtOffsetY: 1.0
sortKey: 28
