aabbMax:
  X: 137.88900756835938
  Y: 16.649999618530273
  Z: 3.8022799491882324
aabbMin:
  X: -137.88900756835938
  Y: -7.000040054321289
  Z: -11.282999992370605
boundingForTraverse: 23.650039672851562
bugMask: 0
instSizeCafe: 219708
instSizeNx: -1
sortKey: -1
traverseDist: 776.1903076171875
