aabbMax:
  X: 453.4739990234375
  Y: 328.8489990234375
  Z: 445.2120056152344
aabbMin:
  X: -420.74700927734375
  Y: -0.010040000081062317
  Z: -426.2909851074219
boundingForTraverse: 328.8590393066406
bugMask: 2
cursorOffsetY: 0.5
instSizeCafe: 47132
instSizeNx: -1
sortKey: 0
traverseDist: 3000.0
