aabbMax:
  X: 40.767601013183594
  Y: 1.8969299793243408
  Z: 45.16389846801758
aabbMin:
  X: -39.34040069580078
  Y: -2.6971800327301025
  Z: -39.420501708984375
boundingForTraverse: 4.594110012054443
bugMask: 1
cursorOffsetY: 0.5
instSizeCafe: 72576
instSizeNx: 139696
rigidBodyCenterY: 0.29820001125335693
sortKey: 0
