aabbMax:
  X: 233.18800354003906
  Y: 34.7859992980957
  Z: 140.3780059814453
aabbMin:
  X: -233.81300354003906
  Y: -34.250301361083984
  Z: -147.41700744628906
boundingForTraverse: 69.03630065917969
bugMask: 0
cursorOffsetY: 0.5
instSizeCafe: 183208
instSizeNx: -1
sortKey: 0
terrainTextures:
- !u 0xff1d1103
traverseDist: 2000.0
