aabbMax:
  X: 155.1750030517578
  Y: 4.093140125274658
  Z: 64.79149627685547
aabbMin:
  X: -178.87100219726562
  Y: -240.58599853515625
  Z: -32.868900299072266
boundingForTraverse: 244.67913818359375
bugMask: 0
cursorOffsetY: 0.5
instSizeCafe: -1
instSizeNx: 145368
sortKey: 0
terrainTextures:
- !u 0xff373108
