aabbMax:
  X: 36.28129959106445
  Y: 3.0035998821258545
  Z: 30.284500122070312
aabbMin:
  X: -35.58829879760742
  Y: -288.4330139160156
  Z: -21.47640037536621
boundingForTraverse: 291.4366149902344
bugMask: 0
cursorOffsetY: 0.5
instSizeCafe: 31024
instSizeNx: -1
sortKey: 0
terrainTextures:
- !u 0xffffff10
traverseDist: 5000.0
