aabbMax:
  X: 0.3303219974040985
  Y: 1.1962900161743164
  Z: 0.4704590141773224
aabbMin:
  X: -0.32446300983428955
  Y: -0.012505000457167625
  Z: -0.3308109939098358
boundingForTraverse: 1.2087949514389038
bugMask: 3
instSizeCafe: -1
instSizeNx: 108504
rigidBodyCenterY: 0.5
sortKey: -44
traverseDist: 300.0
