aabbMax:
  X: 3.7720999717712402
  Y: 17.360200881958008
  Z: 3.8046200275421143
aabbMin:
  X: -3.7407400608062744
  Y: -1.0918099880218506
  Z: -4.111239910125732
boundingForTraverse: 18.452011108398438
bugMask: 1
cursorOffsetY: 0.5
instSizeCafe: 119376
instSizeNx: -1
rigidBodyCenterY: 0.05000000074505806
sortKey: 4
traverseDist: 150.0
