aabbMax:
  X: 11.371700286865234
  Y: 12.633199691772461
  Z: 17.959699630737305
aabbMin:
  X: -13.494099617004395
  Y: -35.403099060058594
  Z: -16.006799697875977
boundingForTraverse: 48.03630065917969
bugMask: 0
cursorOffsetY: 0.5
instSizeCafe: 29912
instSizeNx: -1
sortKey: 0
terrainTextures:
- !u 0xffffff15
traverseDist: 1000.0
