aabbMax:
  X: 24.94700050354004
  Y: 1.6062500476837158
  Z: 38.715301513671875
aabbMin:
  X: -26.966100692749023
  Y: -48.67380142211914
  Z: -27.306400299072266
boundingForTraverse: 50.280052185058594
bugMask: 0
cursorOffsetY: 0.5
instSizeCafe: 18612
instSizeNx: -1
sortKey: 0
traverseDist: 1000.0
