aabbMax:
  X: 2.16838002204895
  Y: 1.362130045890808
  Z: 1.3632899522781372
aabbMin:
  X: -2.087739944458008
  Y: -1.430050015449524
  Z: -1.5419800281524658
boundingForTraverse: 2.792180061340332
bugMask: 3
instSizeCafe: 33468
instSizeNx: 97464
rigidBodyCenterY: -0.08521399646997452
sortKey: -24
