aabbMax:
  X: 2.3427999019622803
  Y: 84.75399780273438
  Z: 0.7036619782447815
aabbMin:
  X: -19.577800750732422
  Y: -13.378000259399414
  Z: -82.16179656982422
boundingForTraverse: 98.13199615478516
bugMask: 0
cursorOffsetY: 0.5
instSizeCafe: 207636
instSizeNx: -1
sortKey: 0
traverseDist: 585.7158203125
