aabbMax:
  X: 20.52589988708496
  Y: 13.495400428771973
  Z: 17.967500686645508
aabbMin:
  X: -21.83530044555664
  Y: -0.39933401346206665
  Z: -21.872699737548828
boundingForTraverse: 13.894734382629395
bugMask: 0
cursorOffsetY: 0.5
instSizeCafe: 29496
instSizeNx: -1
sortKey: 0
terrainTextures:
- !u 0xffffff4e
traverseDist: 1000.0
