aabbMax:
  X: 42.701499938964844
  Y: 5.1108598709106445
  Z: 21.22089958190918
aabbMin:
  X: -39.693599700927734
  Y: -32.754398345947266
  Z: -8.4962797164917
boundingForTraverse: 37.865257263183594
bugMask: 0
cursorOffsetY: 0.5
instSizeCafe: 18796
instSizeNx: -1
sortKey: -2
terrainTextures:
- !u 0xffffff57
traverseDist: 587.59033203125
