aabbMax:
  X: 4.249139785766602
  Y: 3.2590599060058594
  Z: 3.288909912109375
aabbMin:
  X: -2.7121400833129883
  Y: -1.847480058670044
  Z: -3.7893500328063965
boundingForTraverse: 5.106540203094482
bugMask: 0
cursorOffsetY: 0.5
instSizeCafe: -1
instSizeNx: 96160
sortKey: 0
terrainTextures:
- !u 0xffffff4a
