aabbMax:
  X: 45.75659942626953
  Y: 50.100799560546875
  Z: 40.55179977416992
aabbMin:
  X: -47.44390106201172
  Y: -32.83330154418945
  Z: -45.61259841918945
boundingForTraverse: 82.93409729003906
bugMask: 0
instSizeCafe: 28760
instSizeNx: -1
sortKey: 1
terrainTextures:
- !u 0xffffff3e
traverseDist: 626.9276733398438
