aabbMax:
  X: 23.287500381469727
  Y: 22.79560089111328
  Z: 20.5939998626709
aabbMin:
  X: -23.68239974975586
  Y: -1.8352700471878052
  Z: -22.034299850463867
boundingForTraverse: 24.630870819091797
bugMask: 0
cursorOffsetY: 0.5
instSizeCafe: 30960
instSizeNx: -1
sortKey: 0
terrainTextures:
- !u 0xffff4608
traverseDist: 1000.0
