aabbMax:
  X: 52.675201416015625
  Y: 3.568470001220703
  Z: 17.852500915527344
aabbMin:
  X: -47.217201232910156
  Y: -25.67180061340332
  Z: -14.388899803161621
boundingForTraverse: 29.240270614624023
bugMask: 0
instSizeCafe: 39196
instSizeNx: 116672
sortKey: 0
terrainTextures:
- 522064384
- !u 0xffffff4c
traverseDist: 604.9666748046875
