aabbMax:
  X: 1.4419499635696411
  Y: 19.259599685668945
  Z: 112.5790023803711
aabbMin:
  X: -56.124298095703125
  Y: -50.2510986328125
  Z: -107.73300170898438
boundingForTraverse: 69.51069641113281
bugMask: 0
instSizeCafe: 73024
instSizeNx: -1
sortKey: 0
