aabbMax:
  X: 14.485899925231934
  Y: 19.392000198364258
  Z: 15.167099952697754
aabbMin:
  X: -9.58234977722168
  Y: -0.7648469805717468
  Z: -9.821089744567871
boundingForTraverse: 20.15684700012207
bugMask: 0
instSizeCafe: 27604
instSizeNx: -1
sortKey: -2
terrainTextures:
- !u 0xffffff3c
traverseDist: 534.6942138671875
