aabbMax:
  X: 14.444100379943848
  Y: 15.41189956665039
  Z: 15.77299976348877
aabbMin:
  X: 1.1196099519729614
  Y: -5.431509971618652
  Z: -14.71619987487793
boundingForTraverse: 20.84341049194336
bugMask: 0
cursorOffsetY: 0.5
instSizeCafe: 17388
instSizeNx: -1
sortKey: 0
traverseDist: 1000.0
