aabbMax:
  X: 1.8282999992370605
  Y: 0.21613700687885284
  Z: 2.053450107574463
aabbMin:
  X: -1.186079978942871
  Y: -0.004598999861627817
  Z: -1.630020022392273
boundingForTraverse: 0.22073699533939362
bugMask: 0
cursorOffsetY: 0.5
instSizeCafe: -1
instSizeNx: 116672
sortKey: 0
