aabbMax:
  X: 97.66200256347656
  Y: 4.957059860229492
  Z: 50.35200119018555
aabbMin:
  X: -103.2249984741211
  Y: -264.43701171875
  Z: -56.150001525878906
boundingForTraverse: 269.3940734863281
bugMask: 0
cursorOffsetY: 0.5
instSizeCafe: 18544
instSizeNx: -1
sortKey: -10
terrainTextures:
- !u 0xffffff3e
traverseDist: 727.3724975585938
