aabbMax:
  X: 5.502560138702393
  Y: 9.410360336303711
  Z: 28.211200714111328
aabbMin:
  X: -5.50540018081665
  Y: -20.39389991760254
  Z: -20.220600128173828
boundingForTraverse: 29.80426025390625
bugMask: 0
cursorOffsetY: 0.5
instSizeCafe: -1
instSizeNx: 231496
sortKey: 31
terrainTextures:
- !u 0xffffff47
traverseDist: 500.0
