aabbMax:
  X: 8.214690208435059
  Y: 12.0
  Z: 0.07361400127410889
aabbMin:
  X: -0.261896014213562
  Y: 0.0
  Z: -25.015300750732422
boundingForTraverse: 12.0
bugMask: 0
cursorOffsetY: 0.5
instSizeCafe: 41496
instSizeNx: -1
sortKey: 14
