aabbMax:
  X: 95.84140014648438
  Y: 103.61499786376953
  Z: 56.67610168457031
aabbMin:
  X: -98.32119750976562
  Y: -0.5262680053710938
  Z: -52.833900451660156
boundingForTraverse: 104.14126586914062
bugMask: 0
cursorOffsetY: 0.5
instSizeCafe: 56760
instSizeNx: -1
sortKey: 0
terrainTextures:
- !u 0xffff4342
traverseDist: 722.916015625
