aabbMax:
  X: 28.440000534057617
  Y: 11.465700149536133
  Z: 15.110099792480469
aabbMin:
  X: -28.385099411010742
  Y: -0.02369300089776516
  Z: -9.294560432434082
boundingForTraverse: 11.48939323425293
bugMask: 0
cursorOffsetY: 0.5
instSizeCafe: 20908
instSizeNx: -1
sortKey: 4
traverseDist: 800.0
