aabbMax:
  X: 4.35552978515625
  Y: 9.014019966125488
  Z: 5.172689914703369
aabbMin:
  X: -4.9636101722717285
  Y: 0.5598220229148865
  Z: -4.147850036621094
boundingForTraverse: 8.454197883605957
bugMask: 2
cursorOffsetY: 0.5
farModelCulling:
  center:
    X: 0.0
    Y: 4.599999904632568
    Z: 0.0
  height: 4.599999904632568
  radius: 5.800000190734863
instSizeCafe: -1
instSizeNx: 144440
rigidBodyCenterY: 4.31141996383667
sortKey: -10
traverseDist: 200.0
