aabbMax:
  X: 15.458700180053711
  Y: 8.970820426940918
  Z: 13.83430004119873
aabbMin:
  X: -14.256699562072754
  Y: -2.387239933013916
  Z: -13.208600044250488
boundingForTraverse: 11.358060836791992
bugMask: 0
cursorOffsetY: 0.5
instSizeCafe: 41332
instSizeNx: -1
sortKey: 0
terrainTextures:
- !u 0xffff4608
traverseDist: 1000.0
