aabbMax:
  X: 46.82320022583008
  Y: 43.79890060424805
  Z: 22.806299209594727
aabbMin:
  X: -27.02239990234375
  Y: 2.3649299144744873
  Z: -27.714099884033203
boundingForTraverse: 41.4339714050293
bugMask: 0
cursorOffsetY: 0.5
instSizeCafe: 44248
instSizeNx: -1
sortKey: 0
terrainTextures:
- !u 0xffffff15
traverseDist: 800.0
