aabbMax:
  X: 40.54119873046875
  Y: 30.972400665283203
  Z: 18.7189998626709
aabbMin:
  X: -36.45989990234375
  Y: 1.5390900373458862
  Z: -27.5487003326416
boundingForTraverse: 29.433311462402344
bugMask: 0
cursorOffsetY: 0.5
instSizeCafe: -1
instSizeNx: 264296
sortKey: 0
terrainTextures:
- 522064384
- !u 0xffffff4c
traverseDist: 589.8324584960938
