aabbMax:
  X: 175.0240020751953
  Y: 101.03800201416016
  Z: 130.80299377441406
aabbMin:
  X: -174.24600219726562
  Y: -98.98750305175781
  Z: -131.28599548339844
boundingForTraverse: 200.0255126953125
bugMask: 0
cursorOffsetY: 0.5
instSizeCafe: 54848
instSizeNx: -1
sortKey: 0
terrainTextures:
- !u 0xffff4342
traverseDist: 936.66943359375
