aabbMax:
  X: 10.815999984741211
  Y: 17.891799926757812
  Z: 10.34160041809082
aabbMin:
  X: -10.788700103759766
  Y: -0.9099410176277161
  Z: -10.715399742126465
boundingForTraverse: 18.801740646362305
bugMask: 0
instSizeCafe: 29424
instSizeNx: -1
sortKey: 0
terrainTextures:
- !u 0xffff1e12
traverseDist: 530.1688842773438
