aabbMax:
  X: 37.73830032348633
  Y: 36.206199645996094
  Z: 32.36389923095703
aabbMin:
  X: -35.084800720214844
  Y: -0.39465001225471497
  Z: -34.38249969482422
boundingForTraverse: 36.60084915161133
bugMask: 0
instSizeCafe: 18932
instSizeNx: -1
sortKey: 0
traverseDist: 2000.0
