aabbMax:
  X: 15.843899726867676
  Y: 13.891400337219238
  Z: 14.547800064086914
aabbMin:
  X: -16.765600204467773
  Y: -0.2606219947338104
  Z: -17.850000381469727
boundingForTraverse: 14.152022361755371
bugMask: 0
cursorOffsetY: 0.5
instSizeCafe: -1
instSizeNx: 96160
sortKey: 0
terrainTextures:
- !u 0xffffff3a
traverseDist: 4000.0
