aabbMax:
  X: 19.07360076904297
  Y: 56.95970153808594
  Z: 10.28030014038086
aabbMin:
  X: -18.980199813842773
  Y: -3.683619976043701
  Z: -13.753499984741211
boundingForTraverse: 60.6433219909668
bugMask: 3
instSizeCafe: 106160
instSizeNx: -1
rigidBodyCenterY: 0.09019999951124191
sortKey: -6
traverseDist: 500.0
