aabbMax:
  X: 37.51129913330078
  Y: 17.42009925842285
  Z: 3.039750099182129
aabbMin:
  X: -19.356000900268555
  Y: -0.749284029006958
  Z: -9.383440017700195
boundingForTraverse: 18.169384002685547
bugMask: 0
cursorOffsetY: 0.5
instSizeCafe: 111672
instSizeNx: -1
sortKey: -7
terrainTextures:
- !u 0xffffff08
traverseDist: 558.20849609375
