aabbMax:
  X: 27.572099685668945
  Y: 10.857399940490723
  Z: 15.144200325012207
aabbMin:
  X: -28.291099548339844
  Y: -6.225780010223389
  Z: -28.342300415039062
boundingForTraverse: 17.083179473876953
bugMask: 0
cursorOffsetY: 0.5
instSizeCafe: 18292
instSizeNx: -1
sortKey: 0
terrainTextures:
- !u 0xffffff57
traverseDist: 1000.0
