aabbMax:
  X: 81.94309997558594
  Y: 7.7460198402404785
  Z: 74.51789855957031
aabbMin:
  X: -74.48149871826172
  Y: -172.46299743652344
  Z: -22.945199966430664
boundingForTraverse: 180.20901489257812
bugMask: 0
cursorOffsetY: 0.5
instSizeCafe: 42300
instSizeNx: -1
sortKey: 0
terrainTextures:
- !u 0xffffff44
traverseDist: 3000.0
