aabbMax:
  X: 57.272701263427734
  Y: 2.461440086364746
  Z: 33.9567985534668
aabbMin:
  X: -57.1416015625
  Y: -47.692501068115234
  Z: -23.747299194335938
boundingForTraverse: 50.1539421081543
bugMask: 0
instSizeCafe: 31732
instSizeNx: -1
sortKey: -3
terrainTextures:
- !u 0xffffff15
traverseDist: 628.14208984375
