aabbMax:
  X: 5.967659950256348
  Y: 1.7445600032806396
  Z: 87.418701171875
aabbMin:
  X: -5.9436798095703125
  Y: -12.65429973602295
  Z: -87.1592025756836
boundingForTraverse: 14.398859977722168
bugMask: 0
cursorOffsetY: 0.5
instSizeCafe: 83596
instSizeNx: -1
sortKey: 0
terrainTextures:
- !u 0xffffff2c
traverseDist: 1000.0
