aabbMax:
  X: 2.8324899673461914
  Y: 27.40920066833496
  Z: 2.5521399974823
aabbMin:
  X: -2.7473700046539307
  Y: 0.3735499978065491
  Z: -2.6829800605773926
boundingForTraverse: 27.0356502532959
bugMask: 0
cursorOffsetY: 0.5
instSizeCafe: 52864
instSizeNx: 141272
sortKey: 0
traverseDist: 1000.0
