aabbMax:
  X: 4.73652982711792
  Y: 3.8118999004364014
  Z: 4.943990230560303
aabbMin:
  X: -4.594719886779785
  Y: -0.40802299976348877
  Z: -4.985919952392578
boundingForTraverse: 4.21992301940918
bugMask: 0
cursorOffsetY: 0.5
instSizeCafe: 50812
instSizeNx: -1
sortKey: 0
terrainTextures:
- !u 0xffff4608
traverseDist: 500.0
