aabbMax:
  X: 14.4128999710083
  Y: 14.970600128173828
  Z: 16.434099197387695
aabbMin:
  X: -15.829899787902832
  Y: -2.6605799198150635
  Z: -17.49810028076172
boundingForTraverse: 17.631179809570312
bugMask: 0
instSizeCafe: 18548
instSizeNx: 75656
sortKey: 0
terrainTextures:
- !u 0xffffff06
