aabbMax:
  X: 82.12359619140625
  Y: 14.546600341796875
  Z: 28.998899459838867
aabbMin:
  X: -72.1707992553711
  Y: -146.94500732421875
  Z: -19.175100326538086
boundingForTraverse: 161.49160766601562
bugMask: 0
instSizeCafe: -1
instSizeNx: 116672
sortKey: 3
terrainTextures:
- 487657472
- !u 0xffff4c1f
traverseDist: 661.6400146484375
