aabbMax:
  X: 5.5476298332214355
  Y: 5.11283016204834
  Z: 3.640130043029785
aabbMin:
  X: -3.5548200607299805
  Y: -0.3700079917907715
  Z: -3.468090057373047
boundingForTraverse: 5.482838153839111
bugMask: 0
cursorOffsetY: 0.5
instSizeCafe: 29424
instSizeNx: -1
sortKey: 0
terrainTextures:
- !u 0xffffff54
traverseDist: 500.0
