aabbMax:
  X: 6.48822021484375
  Y: 7.535789966583252
  Z: 9.995030403137207
aabbMin:
  X: -6.693319797515869
  Y: -5.090869903564453
  Z: -17.988000869750977
boundingForTraverse: 12.626659393310547
bugMask: 0
cursorOffsetY: 0.5
instSizeCafe: 69320
instSizeNx: -1
sortKey: -1
terrainTextures:
- !u 0xffffff0b
traverseDist: 530.9322509765625
