aabbMax:
  X: 66.36519622802734
  Y: 53.40610122680664
  Z: 47.561100006103516
aabbMin:
  X: -67.74490356445312
  Y: -44.07080078125
  Z: -45.394500732421875
boundingForTraverse: 97.47689819335938
bugMask: 0
cursorOffsetY: 0.5
instSizeCafe: 19180
instSizeNx: -1
sortKey: 0
traverseDist: 1000.0
