aabbMax:
  X: 87.43499755859375
  Y: 10.135899543762207
  Z: 114.37999725341797
aabbMin:
  X: -51.923301696777344
  Y: -240.68299865722656
  Z: -47.80220031738281
boundingForTraverse: 250.8188934326172
bugMask: 0
instSizeCafe: 39996
instSizeNx: -1
sortKey: 0
terrainTextures:
- 487657472
- !u 0xffff4c1f
traverseDist: 6000.0
