aabbMax:
  X: 12.40369987487793
  Y: 113.34400177001953
  Z: 14.731399536132812
aabbMin:
  X: -16.968900680541992
  Y: -107.83599853515625
  Z: -17.552499771118164
boundingForTraverse: 221.17999267578125
bugMask: 0
cursorOffsetY: 0.5
instSizeCafe: -1
instSizeNx: 96160
sortKey: 0
terrainTextures:
- !u 0xffffff37
