aabbMax:
  X: 0.7041440010070801
  Y: 0.48738300800323486
  Z: 0.5339429974555969
aabbMin:
  X: -0.6435229778289795
  Y: -0.13353699445724487
  Z: -1.292580008506775
boundingForTraverse: 0.6209200024604797
bugMask: 0
cursorOffsetY: 0.5
instSizeCafe: 28052
instSizeNx: -1
sortKey: 2
