aabbMax:
  X: 10.482500076293945
  Y: 5.22091007232666
  Z: 10.19849967956543
aabbMin:
  X: -10.899299621582031
  Y: -5.532839775085449
  Z: -10.247699737548828
boundingForTraverse: 10.75374984741211
bugMask: 0
cursorOffsetY: 0.5
instSizeCafe: -1
instSizeNx: 120768
sortKey: 0
terrainTextures:
- !u 0xffff3008
traverseDist: 529.584228515625
