aabbMax:
  X: 123.77799987792969
  Y: 7.155340194702148
  Z: 64.36470031738281
aabbMin:
  X: -231.98199462890625
  Y: -331.9880065917969
  Z: -149.74099731445312
boundingForTraverse: 339.1433410644531
bugMask: 0
cursorOffsetY: 0.5
instSizeCafe: 29912
instSizeNx: -1
sortKey: 0
terrainTextures:
- !u 0xff4c1f00
traverseDist: 4000.0
