aabbMax:
  X: 55.33509826660156
  Y: 70.68409729003906
  Z: 87.51570129394531
aabbMin:
  X: -59.797000885009766
  Y: -12.795299530029297
  Z: -0.6070250272750854
boundingForTraverse: 83.47940063476562
bugMask: 0
cursorOffsetY: 0.5
instSizeCafe: 30008
instSizeNx: 96160
sortKey: 0
terrainTextures:
- !u 0xffff4608
traverseDist: 100000.0
