aabbMax:
  X: 7.440979957580566
  Y: 58.56880187988281
  Z: 7.525430202484131
aabbMin:
  X: -7.435470104217529
  Y: -0.46987900137901306
  Z: -20.034000396728516
boundingForTraverse: 59.03868103027344
bugMask: 0
cursorOffsetY: 0.5
instSizeCafe: 39644
instSizeNx: 120768
sortKey: 0
traverseDist: 2000.0
