aabbMax:
  X: 73.11519622802734
  Y: 176.08299255371094
  Z: 109.41200256347656
aabbMin:
  X: -63.7681999206543
  Y: 4.112229824066162
  Z: -58.45709991455078
boundingForTraverse: 171.97076416015625
bugMask: 0
cursorOffsetY: 0.5
instSizeCafe: 58404
instSizeNx: -1
sortKey: 14
terrainTextures:
- !u 0xffffff33
traverseDist: 716.6035766601562
