aabbMax:
  X: 11.133999824523926
  Y: 5.626319885253906
  Z: 8.649270057678223
aabbMin:
  X: -10.166999816894531
  Y: -19.18160057067871
  Z: -18.19339942932129
boundingForTraverse: 24.807920455932617
bugMask: 0
instSizeCafe: 30324
instSizeNx: 96840
sortKey: 0
terrainTextures:
- !u 0xffffff33
traverseDist: 1000.0
