aabbMax:
  X: 5.08036994934082
  Y: 58.51499938964844
  Z: 6.593490123748779
aabbMin:
  X: -6.70166015625
  Y: -4.061470031738281
  Z: -25.42020034790039
boundingForTraverse: 62.57646942138672
bugMask: 0
cursorOffsetY: 0.5
instSizeCafe: 120504
instSizeNx: 280704
sortKey: 0
traverseDist: 1000.0
