aabbMax:
  X: 8.98705005645752
  Y: 0.13884000480175018
  Z: 3.6978800296783447
aabbMin:
  X: -9.714170455932617
  Y: -3.6581499576568604
  Z: -4.645349979400635
boundingForTraverse: 18.701221466064453
bugMask: 0
instSizeCafe: 17644
instSizeNx: -1
sortKey: 0
terrainTextures:
- 505221649
traverseDist: 520.4779052734375
