aabbMax:
  X: 5.290430068969727
  Y: 0.37774398922920227
  Z: 2.8371500968933105
aabbMin:
  X: -0.05021800100803375
  Y: -6.02370023727417
  Z: -0.4074830114841461
boundingForTraverse: 6.401443958282471
bugMask: 0
cursorOffsetY: 0.5
instSizeCafe: 18796
instSizeNx: -1
sortKey: 0
