aabbMax:
  X: 40.976600646972656
  Y: 31.473800659179688
  Z: 38.89580154418945
aabbMin:
  X: -40.96009826660156
  Y: -1.1180700063705444
  Z: -40.266998291015625
boundingForTraverse: 32.59186935424805
bugMask: 0
cursorOffsetY: 0.5
instSizeCafe: 29424
instSizeNx: -1
sortKey: 0
terrainTextures:
- !u 0xff4c1f00
traverseDist: 1000.0
