aabbMax:
  X: 36.300201416015625
  Y: 59.653900146484375
  Z: 36.881099700927734
aabbMin:
  X: -36.64400100708008
  Y: -38.78099822998047
  Z: -10.775699615478516
boundingForTraverse: 98.43489837646484
bugMask: 0
instSizeCafe: 58720
instSizeNx: -1
sortKey: -19
terrainTextures:
- !u 0xff373108
traverseDist: 587.1322021484375
