aabbMax:
  X: 4.854790210723877
  Y: 59.88520050048828
  Z: 5.377240180969238
aabbMin:
  X: -6.056029796600342
  Y: -2.1795899868011475
  Z: -25.11549949645996
boundingForTraverse: 62.064788818359375
bugMask: 0
cursorOffsetY: 0.5
instSizeCafe: 120504
instSizeNx: 280704
sortKey: 0
traverseDist: 1000.0
