aabbMax:
  X: 11.468600273132324
  Y: 6.279399871826172
  Z: 9.803210258483887
aabbMin:
  X: -12.021900177001953
  Y: -2.0384700298309326
  Z: -11.34749984741211
boundingForTraverse: 8.317870140075684
bugMask: 0
cursorOffsetY: 0.5
instSizeCafe: -1
instSizeNx: 75656
sortKey: 0
traverseDist: 800.0
