aabbMax:
  X: 23.527000427246094
  Y: 0.10000000149011612
  Z: 22.431400299072266
aabbMin:
  X: -17.252199172973633
  Y: 0.10000000149011612
  Z: -24.408899307250977
boundingForTraverse: 31.052202224731445
bugMask: 0
cursorOffsetY: 0.5
instSizeCafe: 20340
instSizeNx: -1
sortKey: 0
traverseDist: 1000.0
