aabbMax:
  X: 50.40140151977539
  Y: 39.818199157714844
  Z: 93.35820007324219
aabbMin:
  X: -60.16450119018555
  Y: -147.7740020751953
  Z: -25.15839958190918
boundingForTraverse: 187.59219360351562
bugMask: 0
cursorOffsetY: 0.5
instSizeCafe: 31348
instSizeNx: -1
sortKey: 0
terrainTextures:
- !u 0xffffff33
traverseDist: 10000.0
