aabbMax:
  X: 66.66670227050781
  Y: 58.90700149536133
  Z: 32.01580047607422
aabbMin:
  X: -69.68830108642578
  Y: -14.581899642944336
  Z: -9.771920204162598
boundingForTraverse: 73.48889923095703
bugMask: 0
cursorOffsetY: 0.5
instSizeCafe: 19756
instSizeNx: -1
sortKey: 0
traverseDist: 642.614501953125
