aabbMax:
  X: 7.808380126953125
  Y: 0.4282259941101074
  Z: 0.5987840294837952
aabbMin:
  X: -0.5024150013923645
  Y: -32.94710159301758
  Z: -0.6054930090904236
boundingForTraverse: 33.375328063964844
bugMask: 0
cursorOffsetY: 0.5
instSizeCafe: 18544
instSizeNx: -1
sortKey: 11
traverseDist: 300.0
