aabbMax:
  X: 67.06639862060547
  Y: 58.96889877319336
  Z: 32.291500091552734
aabbMin:
  X: -69.79509735107422
  Y: -14.991399765014648
  Z: -9.832019805908203
boundingForTraverse: 73.96029663085938
bugMask: 0
cursorOffsetY: 0.5
instSizeCafe: 18932
instSizeNx: 75656
sortKey: 0
traverseDist: 8000.0
