aabbMax:
  X: 10.926400184631348
  Y: 1.9804999828338623
  Z: 8.599720001220703
aabbMin:
  X: -8.873889923095703
  Y: -1.718150019645691
  Z: -6.655759811401367
boundingForTraverse: 3.6986498832702637
bugMask: 0
cursorOffsetY: 0.5
instSizeCafe: 18548
instSizeNx: -1
sortKey: 0
terrainTextures:
- !u 0xffffff1c
traverseDist: 300.0
