aabbMax:
  X: 23.501399993896484
  Y: 58.44660186767578
  Z: 36.57170104980469
aabbMin:
  X: -20.41029930114746
  Y: -1.5605499744415283
  Z: -19.58799934387207
boundingForTraverse: 60.00715255737305
bugMask: 0
cursorOffsetY: 0.5
instSizeCafe: -1
instSizeNx: 96840
sortKey: 0
terrainTextures:
- !u 0xffffff33
traverseDist: 5000.0
