aabbMax:
  X: 4.193459987640381
  Y: 3.222630023956299
  Z: 3.288909912109375
aabbMin:
  X: -2.7121400833129883
  Y: -1.834939956665039
  Z: -3.729020118713379
boundingForTraverse: 5.057569980621338
bugMask: 0
cursorOffsetY: 0.5
instSizeCafe: -1
instSizeNx: 96160
sortKey: 0
terrainTextures:
- !u 0xffffff54
traverseDist: 500.0
