aabbMax:
  X: 19.247100830078125
  Y: 40.80929946899414
  Z: 20.052200317382812
aabbMin:
  X: -18.143999099731445
  Y: -0.2437169998884201
  Z: -8.77554988861084
boundingForTraverse: 41.053016662597656
bugMask: 0
instSizeCafe: 17612
instSizeNx: -1
sortKey: 0
traverseDist: 1300.0
