aabbMax:
  X: 4.289649963378906
  Y: 2.2930400371551514
  Z: -0.03537600114941597
aabbMin:
  X: -4.00478982925415
  Y: -7.829559803009033
  Z: -25.1387996673584
boundingForTraverse: 10.122599601745605
bugMask: 0
instSizeCafe: 48384
instSizeNx: 145368
sortKey: 44
