aabbMax:
  X: 56.47890090942383
  Y: 41.98440170288086
  Z: 51.468101501464844
aabbMin:
  X: -96.38159942626953
  Y: -30.015899658203125
  Z: -52.01919937133789
boundingForTraverse: 72.00030517578125
bugMask: 0
instSizeCafe: -1
instSizeNx: 120768
sortKey: 0
terrainTextures:
- !u 0xffffff47
traverseDist: 6000.0
