aabbMax:
  X: 28.178800582885742
  Y: 1.3308099508285522
  Z: 5.099820137023926
aabbMin:
  X: -23.46150016784668
  Y: -55.938201904296875
  Z: -10.306500434875488
boundingForTraverse: 57.269012451171875
bugMask: 0
instSizeCafe: -1
instSizeNx: 120768
sortKey: 0
terrainTextures:
- 522064384
- !u 0xffffff4c
traverseDist: 1500.0
