aabbMax:
  X: 3.8158199787139893
  Y: 2.6085100173950195
  Z: 1.402809977531433
aabbMin:
  X: -2.8523099422454834
  Y: -0.31799599528312683
  Z: -0.8652380108833313
boundingForTraverse: 2.9265060424804688
bugMask: 0
cursorOffsetY: 0.5
instSizeCafe: 39708
instSizeNx: -1
sortKey: 0
terrainTextures:
- !u 0xffffff2a
traverseDist: 150.0
