aabbMax:
  X: 33.61819839477539
  Y: 51.018001556396484
  Z: 7.820209980010986
aabbMin:
  X: -36.8588981628418
  Y: -51.26689910888672
  Z: -23.58049964904785
boundingForTraverse: 102.28489685058594
bugMask: 0
cursorOffsetY: 0.5
instSizeCafe: 17644
instSizeNx: -1
sortKey: 0
terrainTextures:
- !u 0xffffff37
