aabbMax:
  X: 31.180999755859375
  Y: 4.279839992523193
  Z: 0.3073819875717163
aabbMin:
  X: -30.692899703979492
  Y: -6.337299823760986
  Z: -0.414355993270874
boundingForTraverse: 10.61713981628418
bugMask: 0
cursorOffsetY: 0.5
instSizeCafe: 50560
instSizeNx: 145368
sortKey: -18
terrainTextures:
- !u 0xffffff47
traverseDist: 500.0
