aabbMax:
  X: -100.0
  Y: 4.883510112762451
  Z: 50.0
aabbMin:
  X: -110.0
  Y: 0.010001000016927719
  Z: 40.0
boundingForTraverse: 4.873508930206299
bugMask: 0
cursorOffsetY: 0.5
instSizeCafe: 30008
instSizeNx: 96160
sortKey: 0
