aabbMax:
  X: 24.520299911499023
  Y: 0.10000000149011612
  Z: 24.408899307250977
aabbMin:
  X: -24.520299911499023
  Y: 0.10000000149011612
  Z: -24.408899307250977
boundingForTraverse: 34.59825897216797
bugMask: 0
cursorOffsetY: 0.5
instSizeCafe: 19844
instSizeNx: -1
sortKey: 0
traverseDist: 569.196533203125
