aabbMax:
  X: 27.75860023498535
  Y: 34.036800384521484
  Z: 46.730899810791016
aabbMin:
  X: -29.507699966430664
  Y: -33.79710006713867
  Z: -43.62070083618164
boundingForTraverse: 67.83390045166016
bugMask: 0
cursorOffsetY: 0.5
instSizeCafe: 41660
instSizeNx: -1
sortKey: 0
terrainTextures:
- !u 0xffffff47
traverseDist: 2000.0
