aabbMax:
  X: 0.6030510067939758
  Y: 4.9338698387146
  Z: -2.8353800773620605
aabbMin:
  X: -0.9894769787788391
  Y: 0.8509039878845215
  Z: -3.695420026779175
boundingForTraverse: 4.082965850830078
bugMask: 1
cursorOffsetY: 0.5
instSizeCafe: 48164
instSizeNx: -1
sortKey: 1
traverseDist: 1000.0
