aabbMax:
  X: 8.13152027130127
  Y: 2.19173002243042
  Z: 6.186220169067383
aabbMin:
  X: -8.284549713134766
  Y: -22.83300018310547
  Z: -5.327509880065918
boundingForTraverse: 25.024730682373047
bugMask: 0
cursorOffsetY: 0.5
instSizeCafe: 37784
instSizeNx: -1
sortKey: 0
terrainTextures:
- !u 0xff373108
