aabbMax:
  X: 10.147000312805176
  Y: 65.01010131835938
  Z: 1.895419955253601
aabbMin:
  X: -10.147000312805176
  Y: 0.0
  Z: -1.895490050315857
boundingForTraverse: 65.01010131835938
bugMask: 0
cursorOffsetY: 0.5
instSizeCafe: 81476
instSizeNx: 211056
rigidBodyCenterY: 36.54880142211914
sortKey: 0
terrainTextures:
- !u 0xffff4608
traverseDist: 500.0
