aabbMax:
  X: 5.531579971313477
  Y: 0.5538020133972168
  Z: 4.949940204620361
aabbMin:
  X: -5.686580181121826
  Y: -40.50339889526367
  Z: -14.662099838256836
boundingForTraverse: 41.05720138549805
bugMask: 0
cursorOffsetY: 0.5
instSizeCafe: 19956
instSizeNx: -1
sortKey: 0
traverseDist: 1500.0
