aabbMax:
  X: 2.781320095062256
  Y: 2.8476500511169434
  Z: 3.1712899208068848
aabbMin:
  X: -2.748579978942871
  Y: -0.5080549716949463
  Z: -2.8766000270843506
boundingForTraverse: 3.3557050228118896
bugMask: 0
cursorOffsetY: 0.5
instSizeCafe: 52536
instSizeNx: -1
sortKey: -5
traverseDist: 500.0
