aabbMax:
  X: 1.9725199937820435
  Y: 0.1988999992609024
  Z: 1.8871400356292725
aabbMin:
  X: -2.406480073928833
  Y: -3.8796300888061523
  Z: -6.681039810180664
boundingForTraverse: 4.0785298347473145
bugMask: 0
cursorOffsetY: 0.5
instSizeCafe: -1
instSizeNx: 96160
sortKey: -2
traverseDist: 500.0
