aabbMax:
  X: 54.221900939941406
  Y: 27.07040023803711
  Z: 3.075809955596924
aabbMin:
  X: -54.20050048828125
  Y: -1.2397600412368774
  Z: -2.6846799850463867
boundingForTraverse: 28.31015968322754
bugMask: 0
cursorOffsetY: 0.5
instSizeCafe: 176360
instSizeNx: -1
sortKey: 0
traverseDist: 1000.0
