aabbMax:
  X: 30.05820083618164
  Y: 6.866469860076904
  Z: -1.6224100589752197
aabbMin:
  X: -30.3435001373291
  Y: -1.3237299919128418
  Z: -33.68830108642578
boundingForTraverse: 8.190199851989746
bugMask: 0
cursorOffsetY: 0.5
instSizeCafe: 27604
instSizeNx: -1
sortKey: 0
terrainTextures:
- !u 0xffff3008
traverseDist: 1000.0
