aabbMax:
  X: 5.545629978179932
  Y: 16.910600662231445
  Z: 5.075769901275635
aabbMin:
  X: -11.82509994506836
  Y: -0.8529930114746094
  Z: -4.430459976196289
boundingForTraverse: 17.763593673706055
bugMask: 0
cursorOffsetY: 0.5
instSizeCafe: 38940
instSizeNx: -1
sortKey: 0
