aabbMax:
  X: 62.088401794433594
  Y: 52.330501556396484
  Z: 38.97740173339844
aabbMin:
  X: -65.99819946289062
  Y: -49.395301818847656
  Z: -39.07780075073242
boundingForTraverse: 101.72579956054688
bugMask: 0
cursorOffsetY: 0.5
instSizeCafe: 18612
instSizeNx: -1
sortKey: 0
traverseDist: 1000.0
