aabbMax:
  X: 161.28199768066406
  Y: 51.1156005859375
  Z: 89.2979965209961
aabbMin:
  X: -173.15199279785156
  Y: -69.12989807128906
  Z: -128.24400329589844
boundingForTraverse: 120.24549865722656
bugMask: 0
cursorOffsetY: 0.5
instSizeCafe: 58680
instSizeNx: -1
sortKey: 0
terrainTextures:
- !u 0xffff4342
traverseDist: 898.9619140625
