aabbMax:
  X: 73.43329620361328
  Y: 0.5453150272369385
  Z: 27.93239974975586
aabbMin:
  X: -91.32640075683594
  Y: -47.55590057373047
  Z: -19.413299560546875
boundingForTraverse: 48.10121536254883
bugMask: 0
cursorOffsetY: 0.5
instSizeCafe: 31704
instSizeNx: 96160
sortKey: 0
terrainTextures:
- !u 0xffffff15
traverseDist: 671.427490234375
