aabbMax:
  X: 59.15950012207031
  Y: 20.658300399780273
  Z: 8.441410064697266
aabbMin:
  X: -58.72949981689453
  Y: -107.10299682617188
  Z: -65.27369689941406
boundingForTraverse: 127.76129913330078
bugMask: 0
cursorOffsetY: 0.5
instSizeCafe: 49020
instSizeNx: -1
sortKey: 0
terrainTextures:
- 487656448
- !u 0xffff4c1f
traverseDist: 639.03857421875
