aabbMax:
  X: 1.4913599491119385
  Y: 35.23270034790039
  Z: 15.606200218200684
aabbMin:
  X: -5.428589820861816
  Y: 5.127270221710205
  Z: 7.190770149230957
boundingForTraverse: 30.105430603027344
bugMask: 2
instSizeCafe: 22044
instSizeNx: 79632
sortKey: 6
traverseDist: 500.0
