aabbMax:
  X: 6.223189830780029
  Y: 1.024399995803833
  Z: 7.270899772644043
aabbMin:
  X: -6.23084020614624
  Y: -0.3691610097885132
  Z: -7.556729793548584
boundingForTraverse: 1.3935610055923462
bugMask: 0
cursorOffsetY: 0.5
instSizeCafe: 28848
instSizeNx: -1
sortKey: -1
