aabbMax:
  X: 7.247139930725098
  Y: 2.316740036010742
  Z: 6.760749816894531
aabbMin:
  X: -8.13599967956543
  Y: -0.4452719986438751
  Z: -7.121339797973633
boundingForTraverse: 2.762012004852295
bugMask: 0
cursorOffsetY: 0.5
instSizeCafe: 49632
instSizeNx: -1
sortKey: -2
terrainTextures:
- !u 0xffffff15
