aabbMax:
  X: 1.0085899829864502
  Y: 2.7490899562835693
  Z: 1.1389800310134888
aabbMin:
  X: -1.2345999479293823
  Y: -0.29506799578666687
  Z: -1.120270013809204
boundingForTraverse: 3.0441579818725586
bugMask: 2
cursorOffsetY: 3.0
instSizeCafe: -1
instSizeNx: 125952
lookAtOffsetY: 3.0
rigidBodyCenterY: 1.2101999521255493
sortKey: 0
terrainTextures:
- !u 0xffffff22
