aabbMax:
  X: 0.5361329913139343
  Y: 1.989259958267212
  Z: 1.2070300579071045
aabbMin:
  X: -0.5351560115814209
  Y: 0.832518994808197
  Z: -0.9243170022964478
boundingForTraverse: 1.1567410230636597
bugMask: 1
instSizeCafe: 49016
instSizeNx: 122168
sortKey: 53140
