aabbMax:
  X: 0.7480469942092896
  Y: 3.076169967651367
  Z: 1.875980019569397
aabbMin:
  X: -0.7539060115814209
  Y: 1.2031300067901611
  Z: -1.4492199420928955
boundingForTraverse: 1.873039960861206
bugMask: 1
instSizeCafe: -1
instSizeNx: 129288
sortKey: 0
