aabbMax:
  X: 1.0956300497055054
  Y: 2.815429925918579
  Z: 1.7564400434494019
aabbMin:
  X: -0.5204110145568848
  Y: -0.05269400030374527
  Z: -1.335610032081604
boundingForTraverse: 2.868124008178711
bugMask: 3
instSizeCafe: 321228
instSizeNx: -1
lookAtOffsetY: 0.20000000298023224
rigidBodyCenterY: -1.5
sortKey: 103
traverseDist: 200.0
