aabbMax:
  X: 0.3386229872703552
  Y: 2.6072800159454346
  Z: 2.206860065460205
aabbMin:
  X: -0.3193359971046448
  Y: 1.5615299940109253
  Z: 0.42163100838661194
boundingForTraverse: 1.0457500219345093
bugMask: 1
instSizeCafe: 51724
instSizeNx: -1
sortKey: 53060
