aabbMax:
  X: 0.5366209745407104
  Y: 2.107419967651367
  Z: 0.6303709745407104
aabbMin:
  X: -0.5366209745407104
  Y: 0.8681640028953552
  Z: -0.2685549855232239
boundingForTraverse: 1.2392560243606567
bugMask: 1
instSizeCafe: 43992
instSizeNx: 113888
sortKey: 53110
