aabbMax:
  X: 1.207129955291748
  Y: 2.244879961013794
  Z: 1.4996299743652344
aabbMin:
  X: -0.5236030220985413
  Y: -0.006219000089913607
  Z: -1.2581100463867188
boundingForTraverse: 2.251099109649658
bugMask: 3
instSizeCafe: 307740
instSizeNx: -1
lookAtOffsetY: 0.10000000149011612
rigidBodyCenterY: -1.5
sortKey: 104
traverseDist: 200.0
