aabbMax:
  X: 0.6162109971046448
  Y: 2.0117199420928955
  Z: 1.214840054512024
aabbMin:
  X: -0.6103519797325134
  Y: 0.8613280057907104
  Z: -0.9907230138778687
boundingForTraverse: 1.1503920555114746
bugMask: 1
instSizeCafe: -1
instSizeNx: 154384
sortKey: 53150
