aabbMax:
  X: 0.7599300146102905
  Y: 1.9670499563217163
  Z: 1.1910300254821777
aabbMin:
  X: -0.3716619908809662
  Y: -0.015817999839782715
  Z: -0.8720319867134094
boundingForTraverse: 1.982867956161499
bugMask: 3
homeArea:
- name: TamulPlateau
- name: HyruleForest
- name: CentralHyrule
instSizeCafe: -1
instSizeNx: 369456
sortKey: 105
traverseDist: 200.0
