aabbMax:
  X: 0.46728500723838806
  Y: 3.679689884185791
  Z: 3.326169967651367
aabbMin:
  X: -0.46728500723838806
  Y: 2.710939884185791
  Z: 0.6323239803314209
boundingForTraverse: 0.96875
bugMask: 1
instSizeCafe: -1
instSizeNx: 123936
sortKey: 0
