aabbMax:
  X: 0.3115229904651642
  Y: 2.449130058288574
  Z: 2.1756200790405273
aabbMin:
  X: -0.31152400374412537
  Y: 1.825260043144226
  Z: 0.42163100838661194
boundingForTraverse: 0.6238700151443481
bugMask: 1
instSizeCafe: 39504
instSizeNx: -1
sortKey: 53010
