aabbMax:
  X: 0.3125
  Y: 2.5331199169158936
  Z: 2.2361600399017334
aabbMin:
  X: -0.31152400374412537
  Y: 1.6787099838256836
  Z: 0.42163100838661194
boundingForTraverse: 0.8544099926948547
bugMask: 1
instSizeCafe: 52104
instSizeNx: -1
sortKey: 53030
