aabbMax:
  X: 1.207610011100769
  Y: 2.2451701164245605
  Z: 1.5001200437545776
aabbMin:
  X: -0.5236499905586243
  Y: -0.006738999858498573
  Z: -1.258239984512329
boundingForTraverse: 2.251909017562866
bugMask: 3
instSizeCafe: 307740
instSizeNx: 490528
lookAtOffsetY: 0.10000000149011612
rigidBodyCenterY: -1.5
sortKey: 104
traverseDist: 200.0
