aabbMax:
  X: 0.3115229904651642
  Y: 2.9900100231170654
  Z: 2.228339910507202
aabbMin:
  X: -0.31152400374412537
  Y: 1.8301399946212769
  Z: 0.42163100838661194
boundingForTraverse: 1.1598700284957886
bugMask: 1
instSizeCafe: 81488
instSizeNx: -1
sortKey: 53050
