aabbMax:
  X: 1.8441599607467651
  Y: 3.5012600421905518
  Z: 2.2760798931121826
aabbMin:
  X: -0.781702995300293
  Y: -0.011718000285327435
  Z: -1.441230058670044
boundingForTraverse: 3.5129780769348145
bugMask: 3
homeArea:
- name: FironeGrassland
- name: ''
- name: ''
instSizeCafe: -1
instSizeNx: 482880
lookAtOffsetY: 0.20000000298023224
rigidBodyCenterY: -2.25
sortKey: 101
traverseDist: 200.0
