aabbMax:
  X: 0.49804699420928955
  Y: 1.7277499437332153
  Z: 1.803689956665039
aabbMin:
  X: -0.49804699420928955
  Y: -0.02434000000357628
  Z: -1.3632299900054932
boundingForTraverse: 1.7520899772644043
bugMask: 3
instSizeCafe: 173276
instSizeNx: 328104
rigidBodyCenterY: 0.7529630064964294
sortKey: -2
