aabbMax:
  X: 0.3154299855232239
  Y: 2.453130006790161
  Z: 2.173830032348633
aabbMin:
  X: -0.31152400374412537
  Y: 1.8310500383377075
  Z: 0.42163100838661194
boundingForTraverse: 0.6220800280570984
bugMask: 1
instSizeCafe: -1
instSizeNx: 101856
sortKey: 53020
