aabbMax:
  X: 0.3125
  Y: 2.449130058288574
  Z: 2.1463301181793213
aabbMin:
  X: -0.31152400374412537
  Y: 1.8486900329589844
  Z: 0.42163100838661194
boundingForTraverse: 0.6004400253295898
bugMask: 1
instSizeCafe: 39504
instSizeNx: -1
sortKey: 53040
