aabbMax:
  X: 0.3386229872703552
  Y: 2.607419967651367
  Z: 2.2070300579071045
aabbMin:
  X: -0.3193359971046448
  Y: 1.561519980430603
  Z: 0.42163100838661194
boundingForTraverse: 1.0458999872207642
bugMask: 1
instSizeCafe: -1
instSizeNx: 122368
sortKey: 53060
