aabbMax:
  X: 0.3125
  Y: 2.5332000255584717
  Z: 2.236330032348633
aabbMin:
  X: -0.31152400374412537
  Y: 1.6787099838256836
  Z: 0.42163100838661194
boundingForTraverse: 0.8544899821281433
bugMask: 1
instSizeCafe: -1
instSizeNx: 123288
sortKey: 53030
