aabbMax:
  X: 0.6161959767341614
  Y: 2.0117199420928955
  Z: 1.214840054512024
aabbMin:
  X: -0.6103370189666748
  Y: 0.8613280057907104
  Z: -0.9907230138778687
boundingForTraverse: 1.1503920555114746
bugMask: 1
instSizeCafe: 67472
instSizeNx: -1
sortKey: 53150
