aabbMax:
  X: 0.3115229904651642
  Y: 2.447190046310425
  Z: 2.1501998901367188
aabbMin:
  X: -0.31152400374412537
  Y: 1.8516199588775635
  Z: 0.42163100838661194
boundingForTraverse: 0.5955700278282166
bugMask: 1
instSizeCafe: 39504
instSizeNx: -1
sortKey: 53010
