aabbMax:
  X: 0.5366209745407104
  Y: 2.107419967651367
  Z: 1.2610599994659424
aabbMin:
  X: -0.5366209745407104
  Y: 0.09661799669265747
  Z: -1.01364004611969
boundingForTraverse: 2.0108020305633545
bugMask: 1
instSizeCafe: 86904
instSizeNx: 212056
sortKey: 53130
