aabbMax:
  X: 0.9496740102767944
  Y: 2.544919967651367
  Z: 1.5682499408721924
aabbMin:
  X: -0.9472330212593079
  Y: 0.6059569716453552
  Z: -0.8500980138778687
boundingForTraverse: 1.9389630556106567
bugMask: 1
instSizeCafe: 46956
instSizeNx: -1
sortKey: 0
