aabbMax:
  X: 0.5849609971046448
  Y: 2.017580032348633
  Z: 1.3632800579071045
aabbMin:
  X: -0.5849609971046448
  Y: 2.2000000171829015e-05
  Z: -1.0322200059890747
boundingForTraverse: 2.0175580978393555
bugMask: 1
instSizeCafe: 69432
instSizeNx: -1
sortKey: 53160
