aabbMax:
  X: 0.5361109972000122
  Y: 1.989259958267212
  Z: 1.2070300579071045
aabbMin:
  X: -0.5351349711418152
  Y: 0.8325200080871582
  Z: -0.9243069887161255
boundingForTraverse: 1.1567399501800537
bugMask: 1
instSizeCafe: 49016
instSizeNx: -1
sortKey: 53140
