aabbMax:
  X: 0.6869840025901794
  Y: 2.1523399353027344
  Z: 0.6835939884185791
aabbMin:
  X: -0.676243007183075
  Y: 0.8681640028953552
  Z: -0.8061339855194092
boundingForTraverse: 1.284175992012024
bugMask: 1
instSizeCafe: 69336
instSizeNx: -1
sortKey: 53120
