aabbMax:
  X: 0.46728500723838806
  Y: 3.679569959640503
  Z: 3.3259201049804688
aabbMin:
  X: -0.46728500723838806
  Y: 2.7110400199890137
  Z: 0.6323239803314209
boundingForTraverse: 0.968529999256134
bugMask: 1
instSizeCafe: 53296
instSizeNx: -1
sortKey: 0
