aabbMax:
  X: 0.3115229904651642
  Y: 2.990230083465576
  Z: 2.228519916534424
aabbMin:
  X: -0.31152400374412537
  Y: 1.8300800323486328
  Z: 0.42163100838661194
boundingForTraverse: 1.1601500511169434
bugMask: 1
instSizeCafe: 81488
instSizeNx: 190048
sortKey: 53050
