aabbMax:
  X: 0.6088870167732239
  Y: 2.108449935913086
  Z: 1.353309988975525
aabbMin:
  X: -0.6088870167732239
  Y: 0.8378909826278687
  Z: -1.0501899719238281
boundingForTraverse: 1.2705589532852173
bugMask: 1
instSizeCafe: -1
instSizeNx: 208608
sortKey: 53170
