aabbMax:
  X: 0.38877299427986145
  Y: 1.7089899778366089
  Z: 0.3682909905910492
aabbMin:
  X: -0.3831140100955963
  Y: 0.0010590000310912728
  Z: -0.09938900172710419
boundingForTraverse: 1.7079310417175293
bugMask: 3
instSizeCafe: 1099572
instSizeNx: -1
sortKey: 0
