aabbMax:
  X: 1.8434200286865234
  Y: 3.500809907913208
  Z: 2.275330066680908
aabbMin:
  X: -0.7816359996795654
  Y: -0.010928000323474407
  Z: -1.4411200284957886
boundingForTraverse: 3.5117380619049072
bugMask: 3
homeArea:
- name: FironeGrassland
- name: ''
- name: ''
instSizeCafe: 306028
instSizeNx: -1
lookAtOffsetY: 0.20000000298023224
rigidBodyCenterY: -2.25
sortKey: 101
traverseDist: 200.0
