aabbMax:
  X: 0.9497069716453552
  Y: 2.544919967651367
  Z: 1.5683599710464478
aabbMin:
  X: -0.9472659826278687
  Y: 0.6059569716453552
  Z: -0.8500980138778687
boundingForTraverse: 1.9389630556106567
bugMask: 1
instSizeCafe: 46960
instSizeNx: 120552
sortKey: 0
