aabbMax:
  X: 0.7596290111541748
  Y: 1.966670036315918
  Z: 1.190619945526123
aabbMin:
  X: -0.37162500619888306
  Y: -0.015398000366985798
  Z: -0.871973991394043
boundingForTraverse: 1.9820679426193237
bugMask: 3
homeArea:
- name: TamulPlateau
- name: HyruleForest
- name: CentralHyrule
instSizeCafe: 220916
instSizeNx: -1
sortKey: 105
traverseDist: 200.0
