aabbMax:
  X: 0.3393549919128418
  Y: 2.710939884185791
  Z: 2.3007800579071045
aabbMin:
  X: -0.339356005191803
  Y: 1.7246099710464478
  Z: 0.41381800174713135
boundingForTraverse: 0.986329972743988
bugMask: 1
instSizeCafe: 62928
instSizeNx: 143104
sortKey: 53070
