aabbMax:
  X: 0.5849609971046448
  Y: 2.017580032348633
  Z: 1.3632800579071045
aabbMin:
  X: -0.5849609971046448
  Y: 0.0
  Z: -1.032230019569397
boundingForTraverse: 2.017580032348633
bugMask: 1
instSizeCafe: -1
instSizeNx: 154168
sortKey: 53160
