aabbMax:
  X: 0.5365999937057495
  Y: 2.107419967651367
  Z: 1.2610599994659424
aabbMin:
  X: -0.5365999937057495
  Y: 0.09683500230312347
  Z: -1.01364004611969
boundingForTraverse: 2.010585069656372
bugMask: 1
instSizeCafe: 87832
instSizeNx: -1
sortKey: 53130
