aabbMax:
  X: 0.3115229904651642
  Y: 2.447269916534424
  Z: 2.1503899097442627
aabbMin:
  X: -0.31152400374412537
  Y: 1.8515599966049194
  Z: 0.42163100838661194
boundingForTraverse: 0.5957099795341492
bugMask: 1
instSizeCafe: 39280
instSizeNx: 101856
sortKey: 53010
