aabbMax:
  X: 0.3154299855232239
  Y: 2.4530398845672607
  Z: 2.1736700534820557
aabbMin:
  X: -0.31152400374412537
  Y: 1.8311100006103516
  Z: 0.42163100838661194
boundingForTraverse: 0.6219300031661987
bugMask: 1
instSizeCafe: 38640
instSizeNx: -1
sortKey: 53020
