aabbMax:
  X: 0.5365999937057495
  Y: 2.107419967651367
  Z: 1.2255899906158447
aabbMin:
  X: -0.5365999937057495
  Y: 0.8349609971046448
  Z: -0.23242199420928955
boundingForTraverse: 1.2724590301513672
bugMask: 1
instSizeCafe: 44244
instSizeNx: -1
sortKey: 53110
