aabbMax:
  X: 0.3125
  Y: 2.4492199420928955
  Z: 2.146480083465576
aabbMin:
  X: -0.31152400374412537
  Y: 1.8486299514770508
  Z: 0.42163100838661194
boundingForTraverse: 0.6005899906158447
bugMask: 1
instSizeCafe: -1
instSizeNx: 101856
sortKey: 53040
