aabbMax:
  X: 1.2258800268173218
  Y: 2.3529698848724365
  Z: 1.5262199640274048
aabbMin:
  X: -0.5356969833374023
  Y: -0.008217000402510166
  Z: -0.9693480134010315
boundingForTraverse: 2.361186981201172
bugMask: 3
instSizeCafe: 331228
instSizeNx: -1
lookAtOffsetY: 0.10000000149011612
rigidBodyCenterY: -1.5
sortKey: 102
traverseDist: 200.0
