aabbMax:
  X: 0.3115229904651642
  Y: 2.4492199420928955
  Z: 2.1757800579071045
aabbMin:
  X: -0.31152400374412537
  Y: 1.8251999616622925
  Z: 0.42163100838661194
boundingForTraverse: 0.624019980430603
bugMask: 1
instSizeCafe: 39280
instSizeNx: 101856
sortKey: 53010
