aabbMax:
  X: 0.3393549919128418
  Y: 2.710829973220825
  Z: 2.300600051879883
aabbMin:
  X: -0.3393549919128418
  Y: 1.7246099710464478
  Z: 0.41381800174713135
boundingForTraverse: 0.9862200021743774
bugMask: 1
instSizeCafe: 62928
instSizeNx: -1
sortKey: 53070
