aabbMax:
  X: 1.0960999727249146
  Y: 2.816159963607788
  Z: 1.7571200132369995
aabbMin:
  X: -0.5204529762268066
  Y: -0.053199999034404755
  Z: -1.3357499837875366
boundingForTraverse: 2.8693599700927734
bugMask: 3
instSizeCafe: 321500
instSizeNx: 490528
lookAtOffsetY: 0.20000000298023224
rigidBodyCenterY: -1.5
sortKey: 103
traverseDist: 200.0
