aabbMax:
  X: 0.3888320028781891
  Y: 1.709089994430542
  Z: 0.3684619963169098
aabbMin:
  X: -0.3831630051136017
  Y: 0.0009250000002793968
  Z: -0.09939499944448471
boundingForTraverse: 1.7081650495529175
bugMask: 3
instSizeCafe: -1
instSizeNx: 1593464
sortKey: 0
