aabbMax:
  X: 0.6870120167732239
  Y: 2.1523399353027344
  Z: 0.6835939884185791
aabbMin:
  X: -0.6762700080871582
  Y: 0.8681640028953552
  Z: -0.8061519861221313
boundingForTraverse: 1.284175992012024
bugMask: 1
instSizeCafe: -1
instSizeNx: 165680
sortKey: 53120
