aabbMax:
  X: 1.2263699769973755
  Y: 2.353339910507202
  Z: 1.5267200469970703
aabbMin:
  X: -0.5357400178909302
  Y: -0.008740999735891819
  Z: -0.9694309830665588
boundingForTraverse: 2.3620810508728027
bugMask: 3
instSizeCafe: -1
instSizeNx: 519200
lookAtOffsetY: 0.10000000149011612
rigidBodyCenterY: -1.5
sortKey: 102
traverseDist: 200.0
