aabbMax:
  X: 0.7480310201644897
  Y: 3.076169967651367
  Z: 1.8759599924087524
aabbMin:
  X: -0.7538899779319763
  Y: 1.2031300067901611
  Z: -1.4492100477218628
boundingForTraverse: 1.873039960861206
bugMask: 1
instSizeCafe: 56072
instSizeNx: -1
sortKey: 0
