aabbMax:
  X: 0.15000000596046448
  Y: 3.2325599193573
  Z: 0.13387499749660492
aabbMin:
  X: -1.5138800144195557
  Y: 0.0
  Z: -0.13387499749660492
boundingForTraverse: 3.2325599193573
bugMask: 3
instSizeCafe: -1
instSizeNx: 127320
rigidBodyCenterY: 1.350000023841858
sortKey: 0
traverseDist: 200.0
