aabbMax:
  X: 0.5210850238800049
  Y: 1.0648000240325928
  Z: 0.5210850238800049
aabbMin:
  X: -0.5210850238800049
  Y: -0.03581799939274788
  Z: -0.5210850238800049
boundingForTraverse: 1.1006180047988892
bugMask: 3
cursorOffsetY: 0.5
instSizeCafe: 35824
instSizeNx: -1
rigidBodyCenterY: 0.5
sortKey: 0
