aabbMax:
  X: 1.5749200582504272
  Y: 0.9669690132141113
  Z: 0.7891669869422913
aabbMin:
  X: -0.18417899310588837
  Y: -1.0535199642181396
  Z: -0.9119229912757874
boundingForTraverse: 2.020488977432251
bugMask: 1
cursorOffsetY: 0.5
instSizeCafe: 30288
instSizeNx: -1
sortKey: 10
