aabbMax:
  X: 0.14397700130939484
  Y: 1.0744400024414062
  Z: 0.9105110168457031
aabbMin:
  X: -1.6151200532913208
  Y: -0.9460530281066895
  Z: -0.7626839876174927
boundingForTraverse: 2.0204930305480957
bugMask: 1
cursorOffsetY: 0.5
instSizeCafe: 30288
instSizeNx: -1
sortKey: 10
