aabbMax:
  X: 1.6047899723052979
  Y: 0.8644779920578003
  Z: 0.6925169825553894
aabbMin:
  X: -0.1935950070619583
  Y: -1.0078400373458862
  Z: -0.8389480113983154
boundingForTraverse: 1.8723180294036865
bugMask: 1
cursorOffsetY: 0.5
instSizeCafe: 31432
instSizeNx: -1
sortKey: 0
