aabbMax:
  X: 0.1533930003643036
  Y: 1.028749942779541
  Z: 0.8375369906425476
aabbMin:
  X: -1.6449899673461914
  Y: -0.8435609936714172
  Z: -0.6939280033111572
boundingForTraverse: 1.872310996055603
bugMask: 1
cursorOffsetY: 0.5
instSizeCafe: 31432
instSizeNx: 95112
sortKey: 0
