aabbMax:
  X: 0.6806120276451111
  Y: 0.6558499932289124
  Z: 0.5673360228538513
aabbMin:
  X: -0.4690220057964325
  Y: -0.06829500198364258
  Z: -0.4511829912662506
boundingForTraverse: 0.7241449952125549
bugMask: 3
cursorOffsetY: 0.5
instSizeCafe: 35348
instSizeNx: 101368
rigidBodyCenterY: 0.30000001192092896
sortKey: 0
terrainTextures:
- !u 0xffffff04
