aabbMax:
  X: 0.3063960075378418
  Y: 0.37304699420928955
  Z: 0.4743649959564209
aabbMin:
  X: -2.984380006790161
  Y: -0.497314989566803
  Z: -0.4743649959564209
boundingForTraverse: 0.8703619837760925
bugMask: 2
instSizeCafe: 28584
instSizeNx: -1
sortKey: 10909
