aabbMax:
  X: 0.4000369906425476
  Y: 2.219860076904297
  Z: 1.0332000255584717
aabbMin:
  X: -5.408559799194336
  Y: -1.6610000133514404
  Z: -1.0458999872207642
boundingForTraverse: 3.8808600902557373
bugMask: 2
instSizeCafe: -1
instSizeNx: 112688
sortKey: 10923
