aabbMax:
  X: 0.30652400851249695
  Y: 0.37328600883483887
  Z: 0.47450700402259827
aabbMin:
  X: -2.985650062561035
  Y: -0.4973990023136139
  Z: -0.47450700402259827
boundingForTraverse: 0.8706849813461304
bugMask: 2
instSizeCafe: 29444
instSizeNx: -1
sortKey: 10911
