aabbMax:
  X: 0.3070560097694397
  Y: 0.3764219880104065
  Z: 0.47450700402259827
aabbMin:
  X: -4.546770095825195
  Y: -0.4973990023136139
  Z: -0.47450700402259827
boundingForTraverse: 0.8738210201263428
bugMask: 2
instSizeCafe: 29476
instSizeNx: 89576
sortKey: 10919
