aabbMax:
  X: 0.3063960075378418
  Y: 0.37304699420928955
  Z: 0.4743649959564209
aabbMin:
  X: -2.984380006790161
  Y: -0.4973140060901642
  Z: -0.4743649959564209
boundingForTraverse: 0.8703609704971313
bugMask: 2
instSizeCafe: -1
instSizeNx: 88040
sortKey: 10909
