aabbMax:
  X: 7.491390228271484
  Y: 0.7351440191268921
  Z: 0.710739016532898
aabbMin:
  X: -0.7581989765167236
  Y: -0.8366850018501282
  Z: -0.7107399702072144
boundingForTraverse: 1.5718289613723755
bugMask: 2
instSizeCafe: 34908
instSizeNx: -1
sortKey: 10903
