aabbMax:
  X: 0.3068850040435791
  Y: 0.3762210011482239
  Z: 0.4743649959564209
aabbMin:
  X: -4.542970180511475
  Y: -0.497314989566803
  Z: -0.4743649959564209
boundingForTraverse: 0.8735359907150269
bugMask: 2
instSizeCafe: 28596
instSizeNx: -1
sortKey: 10916
