aabbMax:
  X: 0.3068850040435791
  Y: 0.3762210011482239
  Z: 0.4743649959564209
aabbMin:
  X: -4.542970180511475
  Y: -0.4973140060901642
  Z: -0.4743649959564209
boundingForTraverse: 0.8735349774360657
bugMask: 2
instSizeCafe: 28612
instSizeNx: 88088
sortKey: 10916
