aabbMax:
  X: 7.488279819488525
  Y: 0.7348629832267761
  Z: 0.7104489803314209
aabbMin:
  X: -0.7578129768371582
  Y: -0.8364260196685791
  Z: -0.7104489803314209
boundingForTraverse: 1.5712889432907104
bugMask: 2
instSizeCafe: -1
instSizeNx: 96944
sortKey: 10901
