aabbMax:
  X: 0.9667969942092896
  Y: 2.507810115814209
  Z: 2.1054699420928955
aabbMin:
  X: -0.3994140028953552
  Y: 1.4716800451278687
  Z: -2.4667999744415283
boundingForTraverse: 1.0361299514770508
bugMask: 1
instSizeCafe: 83424
instSizeNx: 155976
sortKey: 0
