aabbMax:
  X: 0.6029890179634094
  Y: 2.4823501110076904
  Z: 2.2107300758361816
aabbMin:
  X: -0.6029890179634094
  Y: 1.4892799854278564
  Z: -2.4628899097442627
boundingForTraverse: 0.9930700063705444
bugMask: 1
instSizeCafe: 84876
instSizeNx: -1
sortKey: 0
