aabbMax:
  X: 0.02529899962246418
  Y: 2.4311699867248535
  Z: 0.9420740008354187
aabbMin:
  X: -0.07623299956321716
  Y: 1.5389900207519531
  Z: 0.39003801345825195
boundingForTraverse: 0.8921800255775452
bugMask: 1
instSizeCafe: 26632
instSizeNx: 87256
sortKey: 0
