aabbMax:
  X: 0.3710939884185791
  Y: 2.625
  Z: 2.013669967651367
aabbMin:
  X: -0.356689989566803
  Y: 1.489259958267212
  Z: -2.4667999744415283
boundingForTraverse: 1.135740041732788
bugMask: 1
instSizeCafe: -1
instSizeNx: 150368
sortKey: 0
