aabbMax:
  X: 0.8037109971046448
  Y: 2.509769916534424
  Z: 2.107419967651367
aabbMin:
  X: -0.3994140028953552
  Y: 1.5214799642562866
  Z: -2.4804699420928955
boundingForTraverse: 0.988290011882782
bugMask: 1
instSizeCafe: -1
instSizeNx: 137832
sortKey: 0
