aabbMax:
  X: 0.06366000324487686
  Y: 2.5253899097442627
  Z: 0.9091799855232239
aabbMin:
  X: -0.05044599995017052
  Y: 1.7958999872207642
  Z: 0.3754880130290985
boundingForTraverse: 0.7294899821281433
bugMask: 1
instSizeCafe: -1
instSizeNx: 87256
sortKey: 0
