aabbMax:
  X: 0.1749269962310791
  Y: 2.4394500255584717
  Z: 0.46850600838661194
aabbMin:
  X: -0.1749269962310791
  Y: 2.083980083465576
  Z: 0.1323239952325821
boundingForTraverse: 0.3554700016975403
bugMask: 1
instSizeCafe: -1
instSizeNx: 88016
sortKey: 0
