aabbMax:
  X: 0.3710690140724182
  Y: 2.624890089035034
  Z: 2.0135300159454346
aabbMin:
  X: -0.3566659986972809
  Y: 1.4892799854278564
  Z: -2.4667999744415283
boundingForTraverse: 1.1356099843978882
bugMask: 1
instSizeCafe: 73212
instSizeNx: -1
sortKey: 0
