aabbMax:
  X: 0.06366000324487686
  Y: 3.5722200870513916
  Z: 1.1191400289535522
aabbMin:
  X: -0.05044599995017052
  Y: 3.0039000511169434
  Z: 0.7143849730491638
boundingForTraverse: 0.5683199763298035
bugMask: 1
instSizeCafe: 27136
instSizeNx: -1
sortKey: 0
