aabbMax:
  X: 0.1749269962310791
  Y: 2.439429998397827
  Z: 0.46850600838661194
aabbMin:
  X: -0.1749269962310791
  Y: 2.083980083465576
  Z: 0.1323239952325821
boundingForTraverse: 0.35545000433921814
bugMask: 1
instSizeCafe: 27644
instSizeNx: -1
sortKey: 0
