aabbMax:
  X: 0.06366000324487686
  Y: 2.525909900665283
  Z: 0.7731299996376038
aabbMin:
  X: -0.05044599995017052
  Y: 1.9744499921798706
  Z: 0.3756459951400757
boundingForTraverse: 0.5514600276947021
bugMask: 1
instSizeCafe: 33500
instSizeNx: 95280
sortKey: 0
