aabbMax:
  X: 0.6030269861221313
  Y: 2.482419967651367
  Z: 2.210939884185791
aabbMin:
  X: -0.6030269861221313
  Y: 1.489259958267212
  Z: -2.4628899097442627
boundingForTraverse: 0.9931600093841553
bugMask: 1
instSizeCafe: 84876
instSizeNx: 162072
sortKey: 0
