aabbMax:
  X: 0.06366000324487686
  Y: 2.5258700847625732
  Z: 0.7731249928474426
aabbMin:
  X: -0.05044599995017052
  Y: 1.9744499921798706
  Z: 0.3756740093231201
boundingForTraverse: 0.5514199733734131
bugMask: 1
instSizeCafe: 33500
instSizeNx: -1
sortKey: 0
