aabbMax:
  X: 0.12744100391864777
  Y: 2.0292699337005615
  Z: 0.5048850178718567
aabbMin:
  X: -0.12030000239610672
  Y: 1.6132800579071045
  Z: 0.1728699952363968
boundingForTraverse: 0.4159899950027466
bugMask: 1
instSizeCafe: 26628
instSizeNx: -1
sortKey: 0
