aabbMax:
  X: 0.6762199997901917
  Y: 3.732300043106079
  Z: 3.202860116958618
aabbMin:
  X: -0.6762199997901917
  Y: 2.2128899097442627
  Z: -3.695310115814209
boundingForTraverse: 1.5194100141525269
bugMask: 1
instSizeCafe: 62208
instSizeNx: -1
sortKey: 0
