aabbMax:
  X: 0.06366000324487686
  Y: 3.572269916534424
  Z: 1.1191400289535522
aabbMin:
  X: -0.05044599995017052
  Y: 3.0039100646972656
  Z: 0.714356005191803
boundingForTraverse: 0.5683599710464478
bugMask: 1
instSizeCafe: 26632
instSizeNx: 87256
sortKey: 0
