aabbMax:
  X: 0.9667969942092896
  Y: 2.517580032348633
  Z: 2.1054699420928955
aabbMin:
  X: -0.3994140028953552
  Y: 1.4863300323486328
  Z: -2.4667999744415283
boundingForTraverse: 1.03125
bugMask: 1
instSizeCafe: -1
instSizeNx: 155912
sortKey: 0
