aabbMax:
  X: 4.752130031585693
  Y: 13.045299530029297
  Z: 6.3453898429870605
aabbMin:
  X: -4.752280235290527
  Y: 1.8954499959945679
  Z: -5.267940044403076
boundingForTraverse: 11.149849891662598
bugMask: 3
instSizeCafe: 324860
instSizeNx: 466256
sortKey: -5
