aabbMax:
  X: 0.9667630195617676
  Y: 2.5174899101257324
  Z: 2.1052799224853516
aabbMin:
  X: -0.39935100078582764
  Y: 1.4863500595092773
  Z: -2.4667999744415283
boundingForTraverse: 1.0311399698257446
bugMask: 1
instSizeCafe: 81968
instSizeNx: -1
sortKey: 0
