aabbMax:
  X: 4.751959800720215
  Y: 13.043700218200684
  Z: 6.343019962310791
aabbMin:
  X: -4.752099990844727
  Y: 1.8963799476623535
  Z: -5.266759872436523
boundingForTraverse: 11.147319793701172
bugMask: 3
instSizeCafe: 324840
instSizeNx: -1
sortKey: -5
