aabbMax:
  X: 0.9667630195617676
  Y: 2.6151299476623535
  Z: 2.1052799224853516
aabbMin:
  X: -0.39935100078582764
  Y: 1.4863500595092773
  Z: -2.4667999744415283
boundingForTraverse: 1.1287800073623657
bugMask: 1
instSizeCafe: 104508
instSizeNx: -1
sortKey: 0
