aabbMax:
  X: 0.06366000324487686
  Y: 2.5253500938415527
  Z: 0.9091770052909851
aabbMin:
  X: -0.05044599995017052
  Y: 1.7958999872207642
  Z: 0.37551701068878174
boundingForTraverse: 0.729449987411499
bugMask: 1
instSizeCafe: 27268
instSizeNx: -1
sortKey: 0
