aabbMax:
  X: 0.6030150055885315
  Y: 2.4823501110076904
  Z: 2.210750102996826
aabbMin:
  X: -0.6030150055885315
  Y: 1.5214799642562866
  Z: -2.478519916534424
boundingForTraverse: 0.9608700275421143
bugMask: 1
instSizeCafe: 58552
instSizeNx: -1
sortKey: 0
