aabbMax:
  X: 0.8035939931869507
  Y: 2.5096700191497803
  Z: 2.1072499752044678
aabbMin:
  X: -0.3994100093841553
  Y: 1.5214799642562866
  Z: -2.4804699420928955
boundingForTraverse: 0.9881899952888489
bugMask: 1
instSizeCafe: 62944
instSizeNx: -1
sortKey: 0
