aabbMax:
  X: 0.676268994808197
  Y: 3.732419967651367
  Z: 3.203130006790161
aabbMin:
  X: -0.6762700080871582
  Y: 2.2128899097442627
  Z: -3.695310115814209
boundingForTraverse: 1.5195300579071045
bugMask: 1
instSizeCafe: -1
instSizeNx: 146160
sortKey: 0
