aabbMax:
  X: 0.42638999223709106
  Y: 1.5291199684143066
  Z: 0.36768099665641785
aabbMin:
  X: -0.3259570002555847
  Y: -0.0003429999924264848
  Z: -0.2527430057525635
boundingForTraverse: 1.5294630527496338
bugMask: 3
cursorOffsetY: 0.3499999940395355
instSizeCafe: 560000
instSizeNx: -1
sortKey: -3
