aabbMax:
  X: 0.5238190293312073
  Y: 2.4901599884033203
  Z: 2.120850086212158
aabbMin:
  X: -0.3566659986972809
  Y: 0.0008870000019669533
  Z: -2.4667999744415283
boundingForTraverse: 2.4892730712890625
bugMask: 1
instSizeCafe: 99288
instSizeNx: -1
sortKey: 0
