aabbMax:
  X: 0.3710690140724182
  Y: 2.478440046310425
  Z: 1.7801899909973145
aabbMin:
  X: -0.35666701197624207
  Y: 1.4892799854278564
  Z: -2.4667999744415283
boundingForTraverse: 0.9891600012779236
bugMask: 1
instSizeCafe: 89012
instSizeNx: -1
sortKey: 0
