aabbMax:
  X: 0.3710939884185791
  Y: 2.478519916534424
  Z: 1.780269980430603
aabbMin:
  X: -0.356689989566803
  Y: 1.489259958267212
  Z: -2.4667999744415283
boundingForTraverse: 0.9892600178718567
bugMask: 1
instSizeCafe: -1
instSizeNx: 190816
sortKey: 0
