aabbMax:
  X: 0.5239260196685791
  Y: 2.490230083465576
  Z: 2.1210899353027344
aabbMin:
  X: -0.356689989566803
  Y: 0.0
  Z: -2.4667999744415283
boundingForTraverse: 2.490230083465576
bugMask: 1
instSizeCafe: 99292
instSizeNx: 201720
sortKey: 0
