aabbMax:
  X: 0.02529899962246418
  Y: 2.4311299324035645
  Z: 0.9420740008354187
aabbMin:
  X: -0.07623299956321716
  Y: 1.5389900207519531
  Z: 0.3900650143623352
boundingForTraverse: 0.8921399712562561
bugMask: 1
instSizeCafe: 26632
instSizeNx: -1
sortKey: 0
