aabbMax:
  X: 0.9667630195617676
  Y: 2.507730007171631
  Z: 2.1052799224853516
aabbMin:
  X: -0.39935100078582764
  Y: 1.4716999530792236
  Z: -2.4667999744415283
boundingForTraverse: 1.0360300540924072
bugMask: 1
instSizeCafe: 83804
instSizeNx: -1
sortKey: 0
