aabbMax:
  X: 0.6030269861221313
  Y: 2.482419967651367
  Z: 2.210939884185791
aabbMin:
  X: -0.6030269861221313
  Y: 1.5214799642562866
  Z: -2.478519916534424
boundingForTraverse: 0.9609400033950806
bugMask: 1
instSizeCafe: 58552
instSizeNx: 122872
sortKey: 0
