aabbMax:
  X: 0.12145999819040298
  Y: 2.0077900886535645
  Z: 0.5004889965057373
aabbMin:
  X: -0.12145999819040298
  Y: 1.5761699676513672
  Z: 0.1876389980316162
boundingForTraverse: 0.4316200017929077
bugMask: 1
instSizeCafe: 27136
instSizeNx: -1
sortKey: 0
