aabbMax:
  X: 0.12145999819040298
  Y: 2.007810115814209
  Z: 0.5004879832267761
aabbMin:
  X: -0.12145999819040298
  Y: 1.5761699676513672
  Z: 0.18762199580669403
boundingForTraverse: 0.43163999915122986
bugMask: 1
instSizeCafe: -1
instSizeNx: 87256
sortKey: 0
