aabbMax:
  X: 0.12744100391864777
  Y: 2.0292999744415283
  Z: 0.5048829913139343
aabbMin:
  X: -0.12030000239610672
  Y: 1.6132800579071045
  Z: 0.17285199463367462
boundingForTraverse: 0.416020005941391
bugMask: 1
instSizeCafe: 26632
instSizeNx: 87256
sortKey: 0
