aabbMax:
  X: 13.962400436401367
  Y: 27.067899703979492
  Z: 13.528599739074707
aabbMin:
  X: -14.14009952545166
  Y: -8.619810104370117
  Z: -12.494799613952637
boundingForTraverse: 35.68770980834961
bugMask: 3
instSizeCafe: 38288
instSizeNx: -1
rigidBodyCenterY: 7.01278018951416
sortKey: -10
traverseDist: 1500.0
