aabbMax:
  X: 1.798740029335022
  Y: 4.48760986328125
  Z: 1.8354300260543823
aabbMin:
  X: -1.788599967956543
  Y: -0.6650609970092773
  Z: -1.6025199890136719
boundingForTraverse: 5.152670860290527
bugMask: 3
instSizeCafe: -1
instSizeNx: 100416
rigidBodyCenterY: 1.4759000539779663
sortKey: -13
