aabbMax:
  X: 0.13857600092887878
  Y: 0.2781830132007599
  Z: 0.23229900002479553
aabbMin:
  X: -0.13857600092887878
  Y: -0.2781830132007599
  Z: -0.23229900002479553
boundingForTraverse: 0.5563660264015198
bugMask: 1
cursorOffsetY: 0.4000000059604645
instSizeCafe: 36092
instSizeNx: -1
sortKey: 37120
