aabbMax:
  X: 0.43957799673080444
  Y: 0.1719760000705719
  Z: 0.5068550109863281
aabbMin:
  X: -0.32429400086402893
  Y: -0.1719760000705719
  Z: -1.2800099849700928
boundingForTraverse: 0.3439520001411438
bugMask: 1
cursorOffsetY: 0.30000001192092896
instSizeCafe: 37048
instSizeNx: 100240
sortKey: 65020
