aabbMax:
  X: 0.20883800089359283
  Y: 0.3611379861831665
  Z: 0.38620299100875854
aabbMin:
  X: -0.14976100623607635
  Y: -0.0670740008354187
  Z: -0.26796799898147583
boundingForTraverse: 0.4282119870185852
bugMask: 1
cursorOffsetY: 0.30000001192092896
instSizeCafe: -1
instSizeNx: 100016
rigidBodyCenterY: 0.16436700522899628
sortKey: 63070
