aabbMax:
  X: 0.34630900621414185
  Y: 0.6714320182800293
  Z: 0.3064489960670471
aabbMin:
  X: -0.34630998969078064
  Y: -0.1519549936056137
  Z: -0.3064489960670471
boundingForTraverse: 0.8233870267868042
bugMask: 3
cursorOffsetY: 0.44999998807907104
instSizeCafe: -1
instSizeNx: 114264
rigidBodyCenterY: 0.31953001022338867
sortKey: 0
