aabbMax:
  X: 0.17068900167942047
  Y: 0.626350998878479
  Z: 0.20516400039196014
aabbMin:
  X: -0.17068900167942047
  Y: 0.0
  Z: -0.17068900167942047
boundingForTraverse: 0.626350998878479
bugMask: 3
cursorOffsetY: 0.4000000059604645
instSizeCafe: -1
instSizeNx: 102912
rigidBodyCenterY: 0.15000000596046448
sortKey: 33070
