aabbMax:
  X: 0.6445109844207764
  Y: 1.65857994556427
  Z: 0.5599889755249023
aabbMin:
  X: -0.7763339877128601
  Y: -0.21293899416923523
  Z: -0.9494510293006897
boundingForTraverse: 1.8715189695358276
bugMask: 3
cursorOffsetY: 0.5
instSizeCafe: 36520
instSizeNx: -1
lookAtOffsetY: 1.100000023841858
sortKey: 31450
