aabbMax:
  X: 0.10845199972391129
  Y: 0.5091320276260376
  Z: 0.4540730118751526
aabbMin:
  X: -0.09671899676322937
  Y: 0.027840999886393547
  Z: -0.4545530080795288
boundingForTraverse: 0.4812909960746765
bugMask: 1
cursorOffsetY: 0.4000000059604645
instSizeCafe: 36984
instSizeNx: -1
motorcycleEnergy:
  add: 75.0
rigidBodyCenterY: 0.22636599838733673
sortKey: 37071
