aabbMax:
  X: 0.5219339728355408
  Y: 0.310479998588562
  Z: 0.2941870093345642
aabbMin:
  X: -0.39229100942611694
  Y: -0.001693999976851046
  Z: -0.2872439920902252
boundingForTraverse: 0.312173992395401
bugMask: 1
cursorOffsetY: 0.3499999940395355
instSizeCafe: 36396
instSizeNx: -1
rigidBodyCenterY: 0.12099999934434891
sortKey: 62070
