aabbMax:
  X: 0.12445999681949615
  Y: 0.14782199263572693
  Z: 0.1171950027346611
aabbMin:
  X: -0.09968099743127823
  Y: -0.11501900106668472
  Z: -0.11246299743652344
boundingForTraverse: 0.26284098625183105
bugMask: 3
cursorOffsetY: 0.30000001192092896
homeArea:
- name: GerudoDesert
- name: TabantaFrontier
- name: WestHateru
instSizeCafe: -1
instSizeNx: 104360
rigidBodyCenterY: 0.005644000135362148
sortKey: 31070
