aabbMax:
  X: 0.29768499732017517
  Y: 0.5105900168418884
  Z: 0.29475900530815125
aabbMin:
  X: -0.2978990077972412
  Y: 0.0
  Z: -0.2511489987373352
boundingForTraverse: 0.5105900168418884
bugMask: 1
cursorOffsetY: 0.3499999940395355
instSizeCafe: -1
instSizeNx: 129008
motorcycleEnergy:
  add: 75.0
rigidBodyCenterY: 0.10000000149011612
sortKey: 36080
