aabbMax:
  X: 0.629393994808197
  Y: 1.3203099966049194
  Z: 0.5732420086860657
aabbMin:
  X: -0.629393994808197
  Y: -0.2265630066394806
  Z: -0.5854489803314209
boundingForTraverse: 1.5468729734420776
bugMask: 3
cursorOffsetY: 0.44999998807907104
instSizeCafe: 46408
instSizeNx: -1
motorcycleEnergy:
  add: 75.0
rigidBodyCenterY: 0.31953001022338867
sortKey: 37082
