aabbMax:
  X: 0.34160301089286804
  Y: 0.77292799949646
  Z: 0.31738099455833435
aabbMin:
  X: -0.3364279866218567
  Y: 0.0019660000689327717
  Z: -0.3204309940338135
boundingForTraverse: 0.7709619998931885
bugMask: 1
cursorOffsetY: 0.5
homeArea:
- name: HyruleHill
- name: CentralHyrule
- name: LanayruWetlands
instSizeCafe: 37124
instSizeNx: 102880
motorcycleEnergy:
  add: 75.0
rigidBodyCenterY: 0.3877300024032593
sortKey: 31220
