aabbMax:
  X: 0.13389499485492706
  Y: 0.21984699368476868
  Z: 0.3597150146961212
aabbMin:
  X: -0.13389499485492706
  Y: -0.030782999470829964
  Z: -0.21267999708652496
boundingForTraverse: 0.2506299912929535
bugMask: 1
cursorOffsetY: 0.30000001192092896
instSizeCafe: -1
instSizeNx: 102856
rigidBodyCenterY: 0.05000000074505806
sortKey: 32060
