aabbMax:
  X: 0.7338870167732239
  Y: 0.7435939908027649
  Z: 0.6235349774360657
aabbMin:
  X: -0.7426760196685791
  Y: -0.030136000365018845
  Z: -0.6269530057907104
boundingForTraverse: 0.7737299799919128
bugMask: 3
cursorOffsetY: 0.5
instSizeCafe: 51940
instSizeNx: -1
lookAtOffsetY: 0.6000000238418579
sortKey: 0
