aabbMax:
  X: 0.23480500280857086
  Y: 0.2533380091190338
  Z: 0.2586610019207001
aabbMin:
  X: -0.25868499279022217
  Y: -0.24912600219249725
  Z: -0.22901000082492828
boundingForTraverse: 0.5024639964103699
bugMask: 3
cursorOffsetY: 0.4000000059604645
instSizeCafe: 40988
instSizeNx: -1
sortKey: 37061
