aabbMax:
  X: 0.18558500707149506
  Y: 0.6546689867973328
  Z: 0.5085160136222839
aabbMin:
  X: -0.21744999289512634
  Y: -0.003232999937608838
  Z: -0.45025500655174255
boundingForTraverse: 0.6579020023345947
bugMask: 1
cursorOffsetY: 0.30000001192092896
instSizeCafe: 36652
instSizeNx: -1
rigidBodyCenterY: 0.2756350040435791
sortKey: 37050
