aabbMax:
  X: 0.12010300159454346
  Y: 0.6320149898529053
  Z: 0.18208199739456177
aabbMin:
  X: -0.3118410110473633
  Y: -0.04205299913883209
  Z: -0.2542940080165863
boundingForTraverse: 0.6740679740905762
bugMask: 1
cursorOffsetY: 0.5
homeArea:
- name: LanayruWaterSources
- name: WestHateru
- name: TamulPlateau
instSizeCafe: -1
instSizeNx: 103008
motorcycleEnergy:
  add: 75.0
rigidBodyCenterY: 0.2894420027732849
sortKey: 31320
traverseDist: 50.0
