aabbMax:
  X: 0.26978498697280884
  Y: 0.33076199889183044
  Z: 0.24123500287532806
aabbMin:
  X: -0.4837630093097687
  Y: -0.013159000314772129
  Z: -0.49620699882507324
boundingForTraverse: 0.3439210057258606
bugMask: 1
cursorOffsetY: 0.30000001192092896
instSizeCafe: 36664
instSizeNx: 100240
rigidBodyCenterY: 0.125
sortKey: 63090
