aabbMax:
  X: 0.1326970010995865
  Y: 0.020607000216841698
  Z: 0.0765950009226799
aabbMin:
  X: -0.13220100104808807
  Y: -0.020604999735951424
  Z: -0.0765950009226799
boundingForTraverse: 0.04121299833059311
bugMask: 3
instSizeCafe: 40120
instSizeNx: -1
sortKey: 0
