aabbMax:
  X: 0.4560000002384186
  Y: 0.2307569980621338
  Z: 0.5134429931640625
aabbMin:
  X: -0.4053960144519806
  Y: -0.2307569980621338
  Z: -1.2800099849700928
boundingForTraverse: 0.4615139961242676
bugMask: 3
cursorOffsetY: 0.30000001192092896
homeArea:
- name: WestHateru
- name: TamulPlateau
- name: CentralHyrule
instSizeCafe: 50348
instSizeNx: -1
sortKey: 34020
