aabbMax:
  X: 0.11631599813699722
  Y: 0.5007780194282532
  Z: 0.5204669833183289
aabbMin:
  X: -0.12703199684619904
  Y: -0.0009309999877586961
  Z: -0.5294439792633057
boundingForTraverse: 0.501708984375
bugMask: 1
cursorOffsetY: 0.30000001192092896
instSizeCafe: -1
instSizeNx: 100176
motorcycleEnergy:
  add: 100.0
rigidBodyCenterY: 0.1599999964237213
sortKey: 37030
