aabbMax:
  X: 0.24439699947834015
  Y: 0.2729659974575043
  Z: 0.2692210078239441
aabbMin:
  X: -0.2692520022392273
  Y: -0.2684270143508911
  Z: -0.23836000263690948
boundingForTraverse: 0.541392982006073
bugMask: 3
cursorOffsetY: 0.4000000059604645
instSizeCafe: 41196
instSizeNx: -1
sortKey: 37060
