aabbMax:
  X: 0.3338660001754761
  Y: 0.1945990025997162
  Z: 0.30870699882507324
aabbMin:
  X: -0.28235098719596863
  Y: -0.19460700452327728
  Z: -0.9069740176200867
boundingForTraverse: 0.3892059922218323
bugMask: 1
cursorOffsetY: 0.30000001192092896
instSizeCafe: -1
instSizeNx: 100216
sortKey: 63050
