aabbMax:
  X: 0.4046410024166107
  Y: 0.5804799795150757
  Z: 0.40149301290512085
aabbMin:
  X: -0.4277159869670868
  Y: -0.06165599822998047
  Z: -0.4111660122871399
boundingForTraverse: 0.6421359777450562
bugMask: 1
cursorOffsetY: 0.4000000059604645
instSizeCafe: -1
instSizeNx: 100240
rigidBodyCenterY: 0.2949349880218506
sortKey: 61300
