aabbMax:
  X: 0.14569899439811707
  Y: 0.3610210120677948
  Z: 0.15295100212097168
aabbMin:
  X: -0.24129599332809448
  Y: -0.27334100008010864
  Z: -0.16860400140285492
boundingForTraverse: 0.634361982345581
bugMask: 1
cursorOffsetY: 0.4000000059604645
instSizeCafe: -1
instSizeNx: 98720
lookAtOffsetY: 0.05000000074505806
sortKey: 61512
