aabbMax:
  X: 0.5224789977073669
  Y: 0.3094959855079651
  Z: 0.29553699493408203
aabbMin:
  X: -0.39053699374198914
  Y: -0.0008280000183731318
  Z: -0.2861599922180176
boundingForTraverse: 0.3103240132331848
bugMask: 1
cursorOffsetY: 0.3499999940395355
instSizeCafe: -1
instSizeNx: 102920
rigidBodyCenterY: 0.12099999934434891
sortKey: 32070
