aabbMax:
  X: 0.3826330006122589
  Y: 0.7474030256271362
  Z: 0.2143850028514862
aabbMin:
  X: -0.2834010124206543
  Y: -0.012928999960422516
  Z: -0.4065159857273102
boundingForTraverse: 0.7603319883346558
bugMask: 1
cursorOffsetY: 0.5
homeArea:
- name: CentralHyrule
- name: WestHateru
- name: LanayruWaterSources
instSizeCafe: 37124
instSizeNx: -1
motorcycleEnergy:
  add: 100.0
rigidBodyCenterY: 0.3877300024032593
sortKey: 31210
