aabbMax:
  X: 0.1973470002412796
  Y: 0.09954000264406204
  Z: 0.2613160014152527
aabbMin:
  X: -0.15293100476264954
  Y: -0.09954000264406204
  Z: -0.9311950206756592
boundingForTraverse: 0.1990790069103241
bugMask: 1
cursorOffsetY: 0.30000001192092896
instSizeCafe: 37048
instSizeNx: 100240
sortKey: 65040
