aabbMax:
  X: 0.5218330025672913
  Y: 1.4262299537658691
  Z: 0.5538949966430664
aabbMin:
  X: -0.4922719895839691
  Y: -0.018326999619603157
  Z: -0.4864889979362488
boundingForTraverse: 1.4445569515228271
bugMask: 3
cursorOffsetY: 0.4000000059604645
instSizeCafe: 47164
instSizeNx: 123032
lookAtOffsetY: 1.100000023841858
sortKey: 31520
