aabbMax:
  X: 0.29305198788642883
  Y: 0.11465100198984146
  Z: 0.3379029929637909
aabbMin:
  X: -0.2161960005760193
  Y: -0.11465100198984146
  Z: -0.8533390164375305
boundingForTraverse: 0.22930200397968292
bugMask: 1
cursorOffsetY: 0.30000001192092896
instSizeCafe: 37048
instSizeNx: 100240
sortKey: 65010
