aabbMax:
  X: 0.3199999928474426
  Y: 0.3199999928474426
  Z: 0.4000000059604645
aabbMin:
  X: -0.3199999928474426
  Y: -0.3199999928474426
  Z: -0.6847710013389587
boundingForTraverse: 0.6399999856948853
bugMask: 1
cursorOffsetY: 0.4000000059604645
instSizeCafe: -1
instSizeNx: 100160
motorcycleEnergy:
  add: 100.0
sortKey: 37123
