aabbMax:
  X: 0.29768499732017517
  Y: 0.5377799868583679
  Z: 0.247297003865242
aabbMin:
  X: -0.29802200198173523
  Y: 0.0
  Z: -0.2917329967021942
boundingForTraverse: 0.5377799868583679
bugMask: 1
cursorOffsetY: 0.3499999940395355
instSizeCafe: 50804
instSizeNx: -1
motorcycleEnergy:
  add: 75.0
rigidBodyCenterY: 0.10000000149011612
sortKey: 36070
