aabbMax:
  X: 0.2848129868507385
  Y: 0.4917910099029541
  Z: 0.23003700375556946
aabbMin:
  X: -0.2848129868507385
  Y: -0.43810901045799255
  Z: -0.23003700375556946
boundingForTraverse: 0.9298999905586243
bugMask: 3
cursorOffsetY: 0.4000000059604645
instSizeCafe: 36796
instSizeNx: -1
rigidBodyCenterY: 0.10000000149011612
sortKey: 36020
