aabbMax:
  X: 0.25476399064064026
  Y: 0.8345500230789185
  Z: 0.27610599994659424
aabbMin:
  X: -0.2939940094947815
  Y: -0.4389060139656067
  Z: -0.23846200108528137
boundingForTraverse: 1.2734559774398804
bugMask: 3
cursorOffsetY: 0.4000000059604645
homeArea:
- name: CentralHyrule
- name: TamulPlateau
- name: HyruleHill
instSizeCafe: 46908
instSizeNx: -1
lookAtOffsetY: 0.20000000298023224
rigidBodyCenterY: 0.30000001192092896
sortKey: 31410
