aabbMax:
  X: 0.4269219934940338
  Y: 1.451859951019287
  Z: 0.1362610012292862
aabbMin:
  X: -0.3520689904689789
  Y: -0.06741300225257874
  Z: -0.6724269986152649
boundingForTraverse: 1.519273042678833
bugMask: 3
cursorOffsetY: 0.20000000298023224
instSizeCafe: 36948
instSizeNx: 102648
lookAtOffsetY: 1.2999999523162842
sortKey: 31530
traverseDist: 50.0
