aabbMax:
  X: 0.4624769985675812
  Y: 0.7759739756584167
  Z: 0.28373900055885315
aabbMin:
  X: -0.350722998380661
  Y: -0.3366299867630005
  Z: -0.2883490025997162
boundingForTraverse: 1.112604022026062
bugMask: 3
cursorOffsetY: 0.4000000059604645
homeArea:
- name: GerudoHighlands
- name: HeburaMountains
- name: EldinCanyon
instSizeCafe: 36084
instSizeNx: -1
lookAtOffsetY: 0.20000000298023224
motorcycleEnergy:
  add: 75.0
rigidBodyCenterY: 0.30000001192092896
sortKey: 31500
