aabbMax:
  X: 0.11834199726581573
  Y: 0.13979500532150269
  Z: 0.11862900108098984
aabbMin:
  X: -0.103023000061512
  Y: -0.10793100297451019
  Z: -0.11862900108098984
boundingForTraverse: 0.24772599339485168
bugMask: 3
cursorOffsetY: 0.30000001192092896
instSizeCafe: 38736
instSizeNx: 104384
motorcycleEnergy:
  add: 75.0
rigidBodyCenterY: 0.005644000135362148
sortKey: 31041
