aabbMax:
  X: 0.2247679978609085
  Y: 0.388045996427536
  Z: 0.23594799637794495
aabbMin:
  X: -0.22162799537181854
  Y: 0.0026740001048892736
  Z: -0.22841200232505798
boundingForTraverse: 0.38537201285362244
bugMask: 1
cursorOffsetY: 0.30000001192092896
instSizeCafe: 35832
instSizeNx: 100240
rigidBodyCenterY: 0.19178299605846405
sortKey: 61230
