aabbMax:
  X: 0.30399999022483826
  Y: 0.15383799374103546
  Z: 0.3422960042953491
aabbMin:
  X: -0.27026399970054626
  Y: -0.15383799374103546
  Z: -0.8533390164375305
boundingForTraverse: 0.3076759874820709
bugMask: 3
cursorOffsetY: 0.30000001192092896
homeArea:
- name: CentralHyrule
- name: WestHateru
- name: LanayruWaterSources
instSizeCafe: 50760
instSizeNx: -1
sortKey: 34010
