aabbMax:
  X: 0.3333289921283722
  Y: 0.7215520143508911
  Z: 0.40226900577545166
aabbMin:
  X: -0.3332040011882782
  Y: -0.014569000340998173
  Z: -0.3723770081996918
boundingForTraverse: 0.7361209988594055
bugMask: 1
cursorOffsetY: 0.5
instSizeCafe: 36460
instSizeNx: -1
rigidBodyCenterY: 0.34251299500465393
sortKey: 61080
