aabbMax:
  X: 0.6410229802131653
  Y: 1.562980055809021
  Z: 0.598887026309967
aabbMin:
  X: -0.7666329741477966
  Y: 0.0016690000193193555
  Z: -0.5547369718551636
boundingForTraverse: 1.5613110065460205
bugMask: 3
cursorOffsetY: 0.6000000238418579
instSizeCafe: 46756
instSizeNx: -1
lookAtOffsetY: 1.100000023841858
sortKey: 31510
