aabbMax:
  X: 0.0840890035033226
  Y: 0.2647550106048584
  Z: 0.08511500060558319
aabbMin:
  X: -0.08614200353622437
  Y: -0.3990750014781952
  Z: -0.09045100212097168
boundingForTraverse: 0.6638299822807312
bugMask: 1
cursorOffsetY: 0.5
instSizeCafe: -1
instSizeNx: 98744
lookAtOffsetY: 0.10000000149011612
rigidBodyCenterY: -0.14000000059604645
sortKey: 61480
