aabbMax:
  X: 0.2049569934606552
  Y: 0.3009749948978424
  Z: 0.5815730094909668
aabbMin:
  X: -0.14541999995708466
  Y: -0.004031000193208456
  Z: -0.5511639714241028
boundingForTraverse: 0.3050059974193573
bugMask: 3
cursorOffsetY: 0.3499999940395355
instSizeCafe: 37476
instSizeNx: -1
rigidBodyCenterY: 0.20000000298023224
sortKey: 33050
