aabbMax:
  X: 0.5351279973983765
  Y: 0.21499300003051758
  Z: 0.47709301114082336
aabbMin:
  X: -0.3590889871120453
  Y: -0.21499300003051758
  Z: -1.2589999437332153
boundingForTraverse: 0.42998600006103516
bugMask: 1
cursorOffsetY: 0.30000001192092896
instSizeCafe: 37048
instSizeNx: 100240
sortKey: 63020
