aabbMax:
  X: 0.5901100039482117
  Y: 0.9739300012588501
  Z: 0.27143898606300354
aabbMin:
  X: -0.35509300231933594
  Y: -0.29078999161720276
  Z: -0.27982398867607117
boundingForTraverse: 1.2647199630737305
bugMask: 1
cursorOffsetY: 0.44999998807907104
instSizeCafe: 36728
instSizeNx: 100176
motorcycleEnergy:
  add: 50.0
rigidBodyCenterY: 0.1394129991531372
sortKey: 37100
