aabbMax:
  X: 0.23714399337768555
  Y: 0.1350110024213791
  Z: 0.2613160014152527
aabbMin:
  X: -0.18473300337791443
  Y: -0.1350110024213791
  Z: -0.9311950206756592
boundingForTraverse: 0.2700220048427582
bugMask: 3
cursorOffsetY: 0.30000001192092896
homeArea:
- name: TabantaFrontier
- name: HeburaMountains
- name: LanayruWaterSources
instSizeCafe: 50900
instSizeNx: -1
motorcycleEnergy:
  add: 50.0
sortKey: 34050
variationMatAnim: Trout_Color
variationMatAnimFrame: 0
