aabbMax:
  X: 0.2347699999809265
  Y: 0.2333119958639145
  Z: 0.2586269974708557
aabbMin:
  X: -0.25864601135253906
  Y: -0.22943200170993805
  Z: -0.22898000478744507
boundingForTraverse: 0.46274399757385254
bugMask: 3
cursorOffsetY: 0.4000000059604645
instSizeCafe: 41248
instSizeNx: -1
sortKey: 37061
