aabbMax:
  X: 0.17541499435901642
  Y: 0.6181219816207886
  Z: 0.44881200790405273
aabbMin:
  X: -0.1804250031709671
  Y: -0.016063999384641647
  Z: -0.5246800184249878
boundingForTraverse: 0.6341860294342041
bugMask: 1
cursorOffsetY: 0.44999998807907104
instSizeCafe: 36424
instSizeNx: -1
rigidBodyCenterY: 0.2756350040435791
sortKey: 37032
