aabbMax:
  X: 0.7189289927482605
  Y: 1.8276699781417847
  Z: 0.8147550225257874
aabbMin:
  X: -0.7836260199546814
  Y: -0.8979830145835876
  Z: -0.8565549850463867
boundingForTraverse: 2.7256529331207275
bugMask: 3
cursorOffsetY: 0.4000000059604645
instSizeCafe: 36300
instSizeNx: -1
lookAtOffsetY: 1.399999976158142
sortKey: 31430
