aabbMax:
  X: 0.14777299761772156
  Y: 0.1935490071773529
  Z: 0.186831995844841
aabbMin:
  X: -0.10230299830436707
  Y: -0.1935490071773529
  Z: -0.24605999886989594
boundingForTraverse: 0.3870980143547058
bugMask: 3
cursorOffsetY: 0.3499999940395355
instSizeCafe: -1
instSizeNx: 100240
motorcycleEnergy:
  add: 100.0
sortKey: 37011
