aabbMax:
  X: 0.3997980058193207
  Y: 0.41065099835395813
  Z: 0.40773800015449524
aabbMin:
  X: -0.5453649759292603
  Y: -0.013159000314772129
  Z: -0.49620699882507324
boundingForTraverse: 0.4238100051879883
bugMask: 3
cursorOffsetY: 0.30000001192092896
homeArea:
- name: HateruSea
- name: EastHateru
- name: FironeGrassland
instSizeCafe: -1
instSizeNx: 106512
rigidBodyCenterY: 0.125
sortKey: 34170
variationMatAnim: Crab_Color
variationMatAnimFrame: 1
