aabbMax:
  X: 0.12180399894714355
  Y: 0.3806209862232208
  Z: 0.34883201122283936
aabbMin:
  X: -0.12674300372600555
  Y: 0.006262000184506178
  Z: -0.3223089873790741
boundingForTraverse: 0.37435901165008545
bugMask: 1
cursorOffsetY: 0.30000001192092896
instSizeCafe: 36344
instSizeNx: 100176
motorcycleEnergy:
  add: 100.0
rigidBodyCenterY: 0.1599999964237213
sortKey: 37031
