aabbMax:
  X: 0.36864399909973145
  Y: 0.36624500155448914
  Z: 0.28730300068855286
aabbMin:
  X: -0.36864399909973145
  Y: -0.5680339932441711
  Z: -0.28730300068855286
boundingForTraverse: 0.9342790246009827
bugMask: 3
cursorOffsetY: 0.6000000238418579
homeArea:
- name: TamulPlateau
- name: LanayruWaterSources
- name: HyruleHill
instSizeCafe: 37332
instSizeNx: -1
motorcycleEnergy:
  add: 50.0
sortKey: 31430
