aabbMax:
  X: 0.11834199726581573
  Y: 0.13979500532150269
  Z: 0.11862900108098984
aabbMin:
  X: -0.103023000061512
  Y: -0.118367999792099
  Z: -0.15380200743675232
boundingForTraverse: 0.2581630051136017
bugMask: 3
cursorOffsetY: 0.30000001192092896
instSizeCafe: -1
instSizeNx: 100216
rigidBodyCenterY: 0.005644000135362148
sortKey: 61041
