aabbMax:
  X: 0.2447109967470169
  Y: 0.38455599546432495
  Z: 0.3060559928417206
aabbMin:
  X: -0.24132099747657776
  Y: -0.27911698818206787
  Z: -0.2951599955558777
boundingForTraverse: 0.6636729836463928
bugMask: 1
cursorOffsetY: 0.5
instSizeCafe: 36780
instSizeNx: -1
sortKey: 37052
