aabbMax:
  X: 0.35755300521850586
  Y: 0.2405329942703247
  Z: 0.3094309866428375
aabbMin:
  X: -0.3289310038089752
  Y: 0.03320299834012985
  Z: -0.3094309866428375
boundingForTraverse: 0.20733000338077545
bugMask: 1
cursorOffsetY: 0.3499999940395355
instSizeCafe: 36428
instSizeNx: -1
rigidBodyCenterY: 0.10069499909877777
sortKey: 37110
