aabbMax:
  X: 0.21981100738048553
  Y: 0.2519429922103882
  Z: 0.23178799450397491
aabbMin:
  X: -0.2289070039987564
  Y: -0.19522599875926971
  Z: -0.23241199553012848
boundingForTraverse: 0.4471690058708191
bugMask: 3
cursorOffsetY: 0.4000000059604645
instSizeCafe: -1
instSizeNx: 104360
rigidBodyCenterY: 0.05000000074505806
sortKey: 31090
