aabbMax:
  X: 0.12939700484275818
  Y: 0.33211299777030945
  Z: 0.12939700484275818
aabbMin:
  X: -0.12939700484275818
  Y: 0.0133689995855093
  Z: -0.12939700484275818
boundingForTraverse: 0.3187440037727356
bugMask: 1
cursorOffsetY: 0.30000001192092896
instSizeCafe: -1
instSizeNx: 100216
rigidBodyCenterY: 0.166703999042511
sortKey: 61820
