aabbMax:
  X: 0.23751799762248993
  Y: 0.2584789991378784
  Z: 0.26159998774528503
aabbMin:
  X: -0.2616739869117737
  Y: -0.25418201088905334
  Z: -0.23161299526691437
boundingForTraverse: 0.5126609802246094
bugMask: 3
cursorOffsetY: 0.4000000059604645
instSizeCafe: 41184
instSizeNx: -1
sortKey: 37062
