aabbMax:
  X: 0.4684639871120453
  Y: 0.5408809781074524
  Z: 0.3128040134906769
aabbMin:
  X: -0.47256898880004883
  Y: -0.01133199967443943
  Z: -0.3347640037536621
addColorA: 1.0
addColorB: 0.0
addColorG: 0.0
addColorR: 0.0
boundingForTraverse: 0.5522130131721497
bugMask: 1
cursorOffsetY: 0.5
instSizeCafe: -1
instSizeNx: 102888
rigidBodyCenterY: 0.2026129961013794
sortKey: 32020
