aabbMax:
  X: 0.41436898708343506
  Y: 1.7670400142669678
  Z: 0.5750759840011597
aabbMin:
  X: -0.5138959884643555
  Y: -0.16792899370193481
  Z: -0.6252840161323547
boundingForTraverse: 1.9349689483642578
bugMask: 3
cursorOffsetY: 0.6000000238418579
instSizeCafe: 46764
instSizeNx: -1
lookAtOffsetY: 1.2000000476837158
sortKey: 31410
