aabbMax:
  X: 0.2554610073566437
  Y: 0.2628360092639923
  Z: 0.25633201003074646
aabbMin:
  X: -0.25567498803138733
  Y: -0.3502179980278015
  Z: -0.25633201003074646
boundingForTraverse: 0.6130539774894714
bugMask: 3
cursorOffsetY: 0.5
homeArea:
- name: EastHateru
- name: GerudoDesert
- name: HateruSea
instSizeCafe: 38160
instSizeNx: 104384
motorcycleEnergy:
  add: 75.0
sortKey: 31020
