aabbMax:
  X: 0.8969630002975464
  Y: 1.2510900497436523
  Z: 0.46826601028442383
aabbMin:
  X: -0.7397639751434326
  Y: -0.2330089956521988
  Z: -0.2813279926776886
boundingForTraverse: 1.48409903049469
bugMask: 1
cursorOffsetY: 0.4000000059604645
instSizeCafe: 36944
instSizeNx: -1
lookAtOffsetY: 0.5
rigidBodyCenterY: 0.43816399574279785
sortKey: 31290
traverseDist: 150.0
