aabbMax:
  X: 0.19632600247859955
  Y: 0.20376400649547577
  Z: 0.18647100031375885
aabbMin:
  X: -0.19565999507904053
  Y: -0.20146700739860535
  Z: -0.25291699171066284
boundingForTraverse: 0.4052309989929199
bugMask: 1
cursorOffsetY: 0.30000001192092896
instSizeCafe: -1
instSizeNx: 100016
motorcycleEnergy:
  add: 75.0
sortKey: 37081
