aabbMax:
  X: 0.3685480058193207
  Y: 0.6260380148887634
  Z: 0.3819510042667389
aabbMin:
  X: -0.396136999130249
  Y: -0.0011899999808520079
  Z: -0.3741439878940582
boundingForTraverse: 0.6272280216217041
bugMask: 1
cursorOffsetY: 0.4000000059604645
homeArea:
- name: WestHateru
- name: HyruleForest
- name: EastHateru
instSizeCafe: 38144
instSizeNx: -1
motorcycleEnergy:
  add: 50.0
rigidBodyCenterY: 0.29559698700904846
sortKey: 31495
