aabbMax:
  X: 0.449411004781723
  Y: 0.2671639919281006
  Z: 0.3648509979248047
aabbMin:
  X: -0.48768600821495056
  Y: 0.0006900000153109431
  Z: -0.35670098662376404
boundingForTraverse: 0.9370970129966736
bugMask: 3
cursorOffsetY: 0.3499999940395355
instSizeCafe: -1
instSizeNx: 104728
motorcycleEnergy:
  add: 25.0
rigidBodyCenterY: 0.10069499909877777
sortKey: 37150
traverseDist: 2000.0
