aabbMax:
  X: 0.4120210111141205
  Y: 1.1125400066375732
  Z: 0.31637701392173767
aabbMin:
  X: -0.2929779887199402
  Y: -0.06997500360012054
  Z: -0.3225890100002289
boundingForTraverse: 1.182515025138855
bugMask: 3
cursorOffsetY: 0.10000000149011612
instSizeCafe: 67420
instSizeNx: -1
lookAtOffsetY: 1.100000023841858
sortKey: 31531
traverseDist: 50.0
