aabbMax:
  X: 0.3771679997444153
  Y: 0.23787599802017212
  Z: 0.30951300263404846
aabbMin:
  X: -0.23537500202655792
  Y: -0.23787599802017212
  Z: -0.8104860186576843
boundingForTraverse: 0.47575199604034424
bugMask: 1
cursorOffsetY: 0.30000001192092896
instSizeCafe: 37200
instSizeNx: -1
sortKey: 63060
