aabbMax:
  X: 0.3381809890270233
  Y: 1.065310001373291
  Z: 0.33274200558662415
aabbMin:
  X: -0.2974649965763092
  Y: -0.4365519881248474
  Z: -0.39887601137161255
boundingForTraverse: 1.5018620491027832
bugMask: 3
cursorOffsetY: 0.4000000059604645
homeArea:
- name: HeburaMountains
- name: GerudoHighlands
- name: TabantaFrontier
instSizeCafe: -1
instSizeNx: 121992
lookAtOffsetY: 0.30000001192092896
rigidBodyCenterY: 0.30000001192092896
sortKey: 31450
