aabbMax:
  X: 0.3354780077934265
  Y: 0.7333800196647644
  Z: 0.40226900577545166
aabbMin:
  X: -0.3039180040359497
  Y: -0.061726998537778854
  Z: -0.3723770081996918
boundingForTraverse: 0.7951070070266724
bugMask: 3
cursorOffsetY: 0.5
homeArea:
- name: GerudoDesert
- name: GerudoHighlands
- name: FironeGrassland
instSizeCafe: 43248
instSizeNx: 110928
motorcycleEnergy:
  add: 75.0
rigidBodyCenterY: 0.34251299500465393
sortKey: 31080
