aabbMax:
  X: 0.29768499732017517
  Y: 0.4600349962711334
  Z: 0.24715900421142578
aabbMin:
  X: -0.2742280066013336
  Y: 0.0
  Z: -0.2511489987373352
boundingForTraverse: 0.4600349962711334
bugMask: 1
cursorOffsetY: 0.30000001192092896
instSizeCafe: 50788
instSizeNx: -1
rigidBodyCenterY: 0.10000000149011612
sortKey: 36040
