aabbMax:
  X: 0.37287500500679016
  Y: 0.1695290058851242
  Z: 0.49883100390434265
aabbMin:
  X: -0.27101999521255493
  Y: -0.1695290058851242
  Z: -1.2591500282287598
boundingForTraverse: 0.3390580117702484
bugMask: 1
cursorOffsetY: 0.30000001192092896
instSizeCafe: 37048
instSizeNx: -1
sortKey: 65030
