aabbMax:
  X: 0.31574898958206177
  Y: 0.6413040161132812
  Z: 0.2828710079193115
aabbMin:
  X: -0.3889389932155609
  Y: -0.036251001060009
  Z: -0.3523319959640503
boundingForTraverse: 0.6775550246238708
bugMask: 1
cursorOffsetY: 0.4000000059604645
homeArea:
- name: EldinCanyon
- name: GerudoHighlands
- name: EastHateru
instSizeCafe: 37108
instSizeNx: -1
rigidBodyCenterY: 0.3877300024032593
sortKey: 31270
