aabbMax:
  X: 0.5932400226593018
  Y: 0.2845659852027893
  Z: 0.4049530029296875
aabbMin:
  X: -0.4049530029296875
  Y: 0.0
  Z: -0.4049530029296875
boundingForTraverse: 0.2845659852027893
bugMask: 1
cursorOffsetY: 0.3499999940395355
instSizeCafe: 36348
instSizeNx: -1
rigidBodyCenterY: 0.10069499909877777
sortKey: 37122
