aabbMax:
  X: 0.3813210129737854
  Y: 0.14236299693584442
  Z: 0.34897899627685547
aabbMin:
  X: -0.2810649871826172
  Y: -0.14236299693584442
  Z: -0.9034780263900757
boundingForTraverse: 0.28472599387168884
bugMask: 1
cursorOffsetY: 0.30000001192092896
instSizeCafe: 37036
instSizeNx: -1
sortKey: 65060
