aabbMax:
  X: 0.3404040038585663
  Y: 0.3808870017528534
  Z: 0.3637259900569916
aabbMin:
  X: -0.37055400013923645
  Y: -0.3023659884929657
  Z: -0.34705400466918945
boundingForTraverse: 0.6832529902458191
bugMask: 3
cursorOffsetY: 0.5199999809265137
homeArea:
- name: WestHateru
- name: FironeGrassland
- name: EastHateru
instSizeCafe: 38412
instSizeNx: -1
sortKey: 31050
