aabbMax:
  X: 0.2640340030193329
  Y: 0.5381420254707336
  Z: 0.32993900775909424
aabbMin:
  X: -0.2040890008211136
  Y: -0.02079400047659874
  Z: -0.39109399914741516
boundingForTraverse: 0.5589359998703003
bugMask: 1
cursorOffsetY: 0.4000000059604645
instSizeCafe: -1
instSizeNx: 100248
rigidBodyCenterY: 0.2756350040435791
sortKey: 37080
