aabbMax:
  X: 0.3664500117301941
  Y: 0.19440099596977234
  Z: 0.4626539945602417
aabbMin:
  X: -0.22733299434185028
  Y: -0.19440099596977234
  Z: -1.1917799711227417
boundingForTraverse: 0.3888019919395447
bugMask: 1
cursorOffsetY: 0.30000001192092896
instSizeCafe: 37036
instSizeNx: -1
sortKey: 63030
