aabbMax:
  X: 0.22133800387382507
  Y: 0.22857999801635742
  Z: 0.1624940037727356
aabbMin:
  X: -0.22123999893665314
  Y: -0.22857999801635742
  Z: -0.1698790043592453
boundingForTraverse: 0.45715999603271484
bugMask: 3
cursorOffsetY: 0.3499999940395355
instSizeCafe: 37036
instSizeNx: -1
sortKey: 37012
