aabbMax:
  X: 0.28386399149894714
  Y: 0.37198299169540405
  Z: 0.28386399149894714
aabbMin:
  X: -0.28386399149894714
  Y: -0.28386399149894714
  Z: -0.28386399149894714
boundingForTraverse: 0.6558470129966736
bugMask: 3
cursorOffsetY: 0.4000000059604645
homeArea:
- name: GerudoDesert
- name: FironeGrassland
- name: EastHateru
instSizeCafe: 38156
instSizeNx: -1
sortKey: 31060
