aabbMax:
  X: 0.2554610073566437
  Y: 0.2628360092639923
  Z: 0.25633201003074646
aabbMin:
  X: -0.26459699869155884
  Y: -0.3502179980278015
  Z: -0.25633201003074646
boundingForTraverse: 0.6130539774894714
bugMask: 1
cursorOffsetY: 0.5
instSizeCafe: 35832
instSizeNx: 100240
sortKey: 61020
