aabbMax:
  X: 0.3460870087146759
  Y: 0.5042949914932251
  Z: 0.42806100845336914
aabbMin:
  X: -0.32145899534225464
  Y: -0.027851000428199768
  Z: -0.453343003988266
boundingForTraverse: 0.5321459770202637
bugMask: 1
cursorOffsetY: 0.3499999940395355
homeArea:
- name: HeburaMountains
- name: HyruleForest
- name: CentralHyrule
instSizeCafe: 37240
instSizeNx: -1
rigidBodyCenterY: 0.2063080072402954
sortKey: 31250
