aabbMax:
  X: 0.24693499505519867
  Y: 0.14774799346923828
  Z: 0.23751799762248993
aabbMin:
  X: -0.18473300337791443
  Y: -0.14774799346923828
  Z: -0.9379670023918152
boundingForTraverse: 0.29549598693847656
bugMask: 1
cursorOffsetY: 0.30000001192092896
instSizeCafe: -1
instSizeNx: 100216
sortKey: 63040
