aabbMax:
  X: 0.22741399705410004
  Y: 0.39248600602149963
  Z: 0.2438109964132309
aabbMin:
  X: -0.22162799537181854
  Y: 0.0026740001048892736
  Z: -0.22841200232505798
boundingForTraverse: 0.38981199264526367
bugMask: 1
cursorOffsetY: 0.30000001192092896
homeArea:
- name: HyruleForest
- name: CentralHyrule
- name: LanayruWaterSources
instSizeCafe: 37172
instSizeNx: -1
rigidBodyCenterY: 0.19178299605846405
sortKey: 31240
