aabbMax:
  X: 0.40129798650741577
  Y: 0.6161140203475952
  Z: 0.44050899147987366
aabbMin:
  X: -0.40129798650741577
  Y: -0.030226999893784523
  Z: -0.5403559803962708
boundingForTraverse: 0.6463410258293152
bugMask: 1
cursorOffsetY: 0.5
instSizeCafe: 36396
instSizeNx: -1
rigidBodyCenterY: 0.31487101316452026
sortKey: 64060
