aabbMax:
  X: 0.5218920111656189
  Y: 0.7691680192947388
  Z: 0.6165909767150879
aabbMin:
  X: -0.5041170120239258
  Y: -0.010666999965906143
  Z: -0.8000460267066956
boundingForTraverse: 0.7798349857330322
bugMask: 1
cursorOffsetY: 0.550000011920929
instSizeCafe: -1
instSizeNx: 102920
rigidBodyCenterY: 0.31487101316452026
sortKey: 32030
