aabbMax:
  X: 0.16323800384998322
  Y: 0.1641799956560135
  Z: 0.16449199616909027
aabbMin:
  X: -0.15196099877357483
  Y: -0.1687770038843155
  Z: -0.12646399438381195
boundingForTraverse: 0.332956999540329
bugMask: 1
cursorOffsetY: 0.4000000059604645
instSizeCafe: -1
instSizeNx: 100216
rigidBodyCenterY: 0.005644000135362148
sortKey: 61030
