aabbMax:
  X: 0.49570199847221375
  Y: 0.39387500286102295
  Z: 0.6284459829330444
aabbMin:
  X: -0.2761310040950775
  Y: -0.05814399942755699
  Z: -0.5622419714927673
boundingForTraverse: 0.45201998949050903
bugMask: 3
cursorOffsetY: 0.30000001192092896
instSizeCafe: 37888
instSizeNx: -1
rigidBodyCenterY: 0.20000000298023224
sortKey: 33010
