aabbMax:
  X: 0.3871679902076721
  Y: 0.4325000047683716
  Z: 0.3988470137119293
aabbMin:
  X: -0.40321001410484314
  Y: -0.4325000047683716
  Z: -0.3879010081291199
boundingForTraverse: 0.8650000095367432
bugMask: 1
cursorOffsetY: 0.550000011920929
instSizeCafe: -1
instSizeNx: 104368
sortKey: 36100
