aabbMax:
  X: 0.21974100172519684
  Y: 0.22858500480651855
  Z: 0.16135400533676147
aabbMin:
  X: -0.2196439951658249
  Y: -0.22858500480651855
  Z: -0.16868700087070465
boundingForTraverse: 0.4571700096130371
bugMask: 3
cursorOffsetY: 0.3499999940395355
instSizeCafe: 36792
instSizeNx: 100464
motorcycleEnergy:
  add: 100.0
sortKey: 37012
