aabbMax:
  X: 0.39983800053596497
  Y: 0.6022469997406006
  Z: 0.3583010137081146
aabbMin:
  X: -0.3673290014266968
  Y: -0.02617499977350235
  Z: -0.17295199632644653
boundingForTraverse: 0.6284220218658447
bugMask: 1
cursorOffsetY: 0.5
instSizeCafe: -1
instSizeNx: 100176
rigidBodyCenterY: 0.329598993062973
sortKey: 61100
