aabbMax:
  X: 0.3298630118370056
  Y: 0.5047000050544739
  Z: 0.2587360143661499
aabbMin:
  X: -0.2996560037136078
  Y: 0.0
  Z: -0.3067309856414795
boundingForTraverse: 0.5047000050544739
bugMask: 1
cursorOffsetY: 0.3499999940395355
instSizeCafe: 50792
instSizeNx: -1
rigidBodyCenterY: 0.10000000149011612
sortKey: 36060
