aabbMax:
  X: 0.31891000270843506
  Y: 0.41493600606918335
  Z: 0.45712798833847046
aabbMin:
  X: -0.3337100148200989
  Y: -0.3719039857387543
  Z: -0.4172239899635315
boundingForTraverse: 0.78684002161026
bugMask: 1
cursorOffsetY: 0.5
instSizeCafe: 36696
instSizeNx: -1
motorcycleEnergy:
  add: 50.0
sortKey: 37112
