aabbMax:
  X: 0.34160301089286804
  Y: 0.77292799949646
  Z: 0.31738099455833435
aabbMin:
  X: -0.3364279866218567
  Y: 0.0019660000689327717
  Z: -0.3204309940338135
boundingForTraverse: 0.7709619998931885
bugMask: 1
cursorOffsetY: 0.5
instSizeCafe: -1
instSizeNx: 100176
rigidBodyCenterY: 0.3877300024032593
sortKey: 61220
