aabbMax:
  X: 0.3354780077934265
  Y: 0.7333790063858032
  Z: 0.40226900577545166
aabbMin:
  X: -0.3039180040359497
  Y: -0.061726998537778854
  Z: -0.3723770081996918
boundingForTraverse: 0.7951059937477112
bugMask: 3
cursorOffsetY: 0.5
homeArea:
- name: GerudoDesert
- name: GerudoHighlands
- name: FironeGrassland
instSizeCafe: 43244
instSizeNx: -1
rigidBodyCenterY: 0.34251299500465393
sortKey: 31080
