aabbMax:
  X: 0.6132810115814209
  Y: 0.4704590141773224
  Z: 0.6000980138778687
aabbMin:
  X: -0.6132810115814209
  Y: -0.4704590141773224
  Z: -0.6000980138778687
boundingForTraverse: 0.9409180283546448
bugMask: 3
cursorOffsetY: 0.6000000238418579
instSizeCafe: 52816
instSizeNx: -1
sortKey: 37125
