aabbMax:
  X: 0.3036789894104004
  Y: 0.12266100198030472
  Z: 0.33082398772239685
aabbMin:
  X: -0.26167699694633484
  Y: -0.12266100198030472
  Z: -0.9400690197944641
boundingForTraverse: 0.24532200396060944
bugMask: 1
cursorOffsetY: 0.30000001192092896
instSizeCafe: -1
instSizeNx: 100216
sortKey: 65050
