aabbMax:
  X: 0.258992999792099
  Y: 0.3648119866847992
  Z: 0.6378269791603088
aabbMin:
  X: -0.2976379990577698
  Y: -0.006370999850332737
  Z: -0.6905810236930847
boundingForTraverse: 0.37118300795555115
bugMask: 3
cursorOffsetY: 0.3499999940395355
instSizeCafe: 37912
instSizeNx: -1
motorcycleEnergy:
  add: 50.0
rigidBodyCenterY: 0.20000000298023224
sortKey: 33040
