aabbMax:
  X: 0.14377400279045105
  Y: 0.35416099429130554
  Z: 0.14377400279045105
aabbMin:
  X: -0.14377400279045105
  Y: 0.0
  Z: -0.14377400279045105
boundingForTraverse: 0.35416099429130554
bugMask: 3
cursorOffsetY: 0.30000001192092896
instSizeCafe: 39072
instSizeNx: 105848
motorcycleEnergy:
  add: 75.0
rigidBodyCenterY: 0.166703999042511
sortKey: 33030
