aabbMax:
  X: 0.17642199993133545
  Y: 0.20600099861621857
  Z: 0.18512600660324097
aabbMin:
  X: -0.196042999625206
  Y: -0.23688200116157532
  Z: -0.1684180051088333
boundingForTraverse: 0.4428830146789551
bugMask: 3
cursorOffsetY: 0.4000000059604645
homeArea:
- name: HyruleHill
- name: EastHateru
- name: LanayruWaterSources
instSizeCafe: -1
instSizeNx: 104136
motorcycleEnergy:
  add: 75.0
rigidBodyCenterY: -0.0729999989271164
sortKey: 31420
