aabbMax:
  X: 0.3338660001754761
  Y: 0.2043980062007904
  Z: 0.33082398772239685
aabbMin:
  X: -0.2540850043296814
  Y: -0.2043980062007904
  Z: -0.9400690197944641
boundingForTraverse: 0.4087960124015808
bugMask: 3
cursorOffsetY: 0.30000001192092896
homeArea:
- name: TamulPlateau
- name: LanayruWaterSources
- name: HyruleForest
instSizeCafe: 51328
instSizeNx: -1
sortKey: 34090
variationMatAnim: Carp_Color
variationMatAnimFrame: 0
