aabbMax:
  X: 0.16634200513362885
  Y: 0.3774679899215698
  Z: 0.5176659822463989
aabbMin:
  X: -0.16166000068187714
  Y: -0.0012120000319555402
  Z: -0.40710198879241943
boundingForTraverse: 0.3786799907684326
bugMask: 1
cursorOffsetY: 0.4000000059604645
instSizeCafe: 36088
instSizeNx: 100176
motorcycleEnergy:
  add: 100.0
rigidBodyCenterY: 0.1599999964237213
sortKey: 37021
