aabbMax:
  X: 0.21465599536895752
  Y: 0.6101779937744141
  Z: 0.5281590223312378
aabbMin:
  X: -0.18807099759578705
  Y: 0.005408000200986862
  Z: -0.4854460060596466
boundingForTraverse: 1.013604998588562
bugMask: 3
cursorOffsetY: 0.3499999940395355
instSizeCafe: 39888
instSizeNx: -1
rigidBodyCenterY: 0.2756350040435791
sortKey: 37131
traverseDist: 2000.0
