aabbMax:
  X: 0.3163740038871765
  Y: 0.4164159893989563
  Z: 0.45352599024772644
aabbMin:
  X: -0.33105701208114624
  Y: -0.3732309937477112
  Z: -0.41393598914146423
boundingForTraverse: 0.7896469831466675
bugMask: 1
cursorOffsetY: 0.5
instSizeCafe: 36940
instSizeNx: -1
sortKey: 37112
