aabbMax:
  X: 0.48424699902534485
  Y: 0.4340130090713501
  Z: 0.7760149836540222
aabbMin:
  X: -0.45998498797416687
  Y: -0.05429000034928322
  Z: -0.7226139903068542
boundingForTraverse: 1.4986289739608765
bugMask: 3
cursorOffsetY: 0.4000000059604645
instSizeCafe: 52340
instSizeNx: -1
rigidBodyCenterY: 0.1809380054473877
sortKey: 37133
traverseDist: 2000.0
