aabbMax:
  X: 0.3035790026187897
  Y: 0.3124690055847168
  Z: 0.3267810046672821
aabbMin:
  X: -0.28148600459098816
  Y: -0.29141101241111755
  Z: -0.31632599234580994
boundingForTraverse: 0.603879988193512
bugMask: 3
cursorOffsetY: 0.4000000059604645
homeArea:
- name: TamulPlateau
- name: HyruleHill
- name: CentralHyrule
instSizeCafe: 37368
instSizeNx: 104232
motorcycleEnergy:
  add: 75.0
sortKey: 31520
