aabbMax:
  X: 0.17610299587249756
  Y: 0.1898230016231537
  Z: 0.18647100031375885
aabbMin:
  X: -0.17610299587249756
  Y: -0.1898230016231537
  Z: -0.18647100031375885
boundingForTraverse: 0.3796460032463074
bugMask: 1
cursorOffsetY: 0.30000001192092896
instSizeCafe: 37068
instSizeNx: -1
sortKey: 37074
