aabbMax:
  X: 0.3542810082435608
  Y: 0.5965240001678467
  Z: 0.3482779860496521
aabbMin:
  X: -0.3691740036010742
  Y: -0.013042000122368336
  Z: -0.36866098642349243
boundingForTraverse: 0.6095659732818604
bugMask: 1
cursorOffsetY: 0.4000000059604645
homeArea:
- name: HyruleForest
- name: TabantaFrontier
- name: TamulPlateau
instSizeCafe: -1
instSizeNx: 102944
motorcycleEnergy:
  add: 75.0
rigidBodyCenterY: 0.2949349880218506
sortKey: 31300
