aabbMax:
  X: 0.13268700242042542
  Y: 0.19628800451755524
  Z: 0.1327030062675476
aabbMin:
  X: -0.13274399936199188
  Y: -0.1217150017619133
  Z: -0.1327279955148697
boundingForTraverse: 0.31800299882888794
bugMask: 3
cursorOffsetY: 0.30000001192092896
homeArea:
- name: CentralHyrule
- name: EastHateru
- name: HyruleHill
instSizeCafe: 38160
instSizeNx: 104384
motorcycleEnergy:
  add: 100.0
rigidBodyCenterY: 0.005644000135362148
sortKey: 31010
