aabbMax:
  X: 0.4036329984664917
  Y: 0.5629919767379761
  Z: 0.2107200026512146
aabbMin:
  X: -0.3328939974308014
  Y: -0.10485400259494781
  Z: -0.12659800052642822
boundingForTraverse: 0.6678460240364075
bugMask: 1
cursorOffsetY: 0.3499999940395355
instSizeCafe: 35864
instSizeNx: 100272
rigidBodyCenterY: 0.12999999523162842
sortKey: 61280
