aabbMax:
  X: 0.221452996134758
  Y: 0.21042299270629883
  Z: 0.221452996134758
aabbMin:
  X: -0.221452996134758
  Y: -0.2017029970884323
  Z: -0.221452996134758
boundingForTraverse: 0.41212600469589233
bugMask: 3
cursorOffsetY: 0.4000000059604645
instSizeCafe: -1
instSizeNx: 107440
sortKey: 37124
