aabbMax:
  X: 0.29768499732017517
  Y: 0.6427590250968933
  Z: 0.26583200693130493
aabbMin:
  X: -0.3165319859981537
  Y: 0.0
  Z: -0.26518699526786804
boundingForTraverse: 0.6427590250968933
bugMask: 1
cursorOffsetY: 0.44999998807907104
instSizeCafe: 50952
instSizeNx: -1
rigidBodyCenterY: 0.10000000149011612
sortKey: 36090
