aabbMax:
  X: 0.3567520081996918
  Y: 0.143327996134758
  Z: 0.3180620074272156
aabbMin:
  X: -0.23939299583435059
  Y: -0.143327996134758
  Z: -0.8393329977989197
boundingForTraverse: 0.286655992269516
bugMask: 1
cursorOffsetY: 0.30000001192092896
instSizeCafe: -1
instSizeNx: 100240
sortKey: 63010
