aabbMax:
  X: 0.3419809937477112
  Y: 0.6247580051422119
  Z: 0.347135990858078
aabbMin:
  X: -0.3488349914550781
  Y: 0.0003870000073220581
  Z: -0.3218800127506256
boundingForTraverse: 0.6243709921836853
bugMask: 3
cursorOffsetY: 0.4000000059604645
instSizeCafe: 35864
instSizeNx: -1
rigidBodyCenterY: 0.29559698700904846
sortKey: 61491
