aabbMax:
  X: 0.15895399451255798
  Y: 0.3301680088043213
  Z: 0.6307579874992371
aabbMin:
  X: -0.15426799654960632
  Y: 0.003464000066742301
  Z: -0.6307579874992371
boundingForTraverse: 0.3267039954662323
bugMask: 1
cursorOffsetY: 0.3499999940395355
instSizeCafe: 36440
instSizeNx: 100272
motorcycleEnergy:
  add: 100.0
rigidBodyCenterY: 0.16354699432849884
sortKey: 37020
