aabbMax:
  X: 0.13783200085163116
  Y: 0.23807600140571594
  Z: 0.13783200085163116
aabbMin:
  X: -0.13783200085163116
  Y: -0.17453700304031372
  Z: -0.13783200085163116
boundingForTraverse: 0.41261300444602966
bugMask: 3
cursorOffsetY: 0.30000001192092896
instSizeCafe: 38700
instSizeNx: -1
rigidBodyCenterY: 0.005644000135362148
sortKey: 31040
