aabbMax:
  X: 0.4690459966659546
  Y: 0.24922199547290802
  Z: 0.49883100390434265
aabbMin:
  X: -0.29311099648475647
  Y: -0.24922199547290802
  Z: -1.2591500282287598
boundingForTraverse: 0.49844399094581604
bugMask: 3
cursorOffsetY: 0.30000001192092896
homeArea:
- name: TabantaFrontier
- name: HeburaMountains
- name: CentralHyrule
instSizeCafe: 50364
instSizeNx: 130184
motorcycleEnergy:
  add: 50.0
sortKey: 34040
