aabbMax:
  X: 0.2543190121650696
  Y: 0.2509419918060303
  Z: 0.36810600757598877
aabbMin:
  X: -0.25067800283432007
  Y: -0.0775889977812767
  Z: -0.2201489955186844
boundingForTraverse: 0.3285309970378876
bugMask: 1
cursorOffsetY: 0.4000000059604645
instSizeCafe: -1
instSizeNx: 100216
sortKey: 37051
