aabbMax:
  X: 0.29768499732017517
  Y: 0.5311599969863892
  Z: 0.24715900421142578
aabbMin:
  X: -0.2742280066013336
  Y: 0.0
  Z: -0.3040910065174103
boundingForTraverse: 0.5311599969863892
bugMask: 1
cursorOffsetY: 0.4000000059604645
instSizeCafe: 46648
instSizeNx: -1
motorcycleEnergy:
  add: 75.0
rigidBodyCenterY: 0.10000000149011612
sortKey: 36050
