aabbMax:
  X: 0.5533249974250793
  Y: 1.489959955215454
  Z: 0.591605007648468
aabbMin:
  X: -0.5623649954795837
  Y: -0.40540701150894165
  Z: -0.5569400191307068
boundingForTraverse: 1.8953670263290405
bugMask: 3
cursorOffsetY: 0.4000000059604645
instSizeCafe: -1
instSizeNx: 102520
lookAtOffsetY: 1.2000000476837158
sortKey: 31420
