aabbMax:
  X: 0.48772600293159485
  Y: 0.29217201471328735
  Z: 0.5086029767990112
aabbMin:
  X: -0.4461840093135834
  Y: -0.29217201471328735
  Z: -0.5086029767990112
boundingForTraverse: 1.0172059535980225
bugMask: 3
cursorOffsetY: 0.4000000059604645
instSizeCafe: 38024
instSizeNx: -1
motorcycleEnergy:
  add: 25.0
sortKey: 37132
traverseDist: 2000.0
