aabbMax:
  X: 0.38592100143432617
  Y: 0.7141389846801758
  Z: 0.2546199858188629
aabbMin:
  X: -0.256862998008728
  Y: -0.46988898515701294
  Z: -0.26638901233673096
boundingForTraverse: 1.1840280294418335
bugMask: 3
cursorOffsetY: 0.4000000059604645
homeArea:
- name: HyruleHill
- name: WestHateru
- name: LanayruWaterSources
instSizeCafe: -1
instSizeNx: 171376
lookAtOffsetY: 0.15000000596046448
motorcycleEnergy:
  add: 75.0
rigidBodyCenterY: 0.30000001192092896
sortKey: 31531
