aabbMax:
  X: 0.16616299748420715
  Y: 0.5557270050048828
  Z: 0.3804740011692047
aabbMin:
  X: -0.08202899992465973
  Y: 0.014546000398695469
  Z: -0.5053269863128662
boundingForTraverse: 0.5411810278892517
bugMask: 1
cursorOffsetY: 0.4000000059604645
instSizeCafe: 36652
instSizeNx: -1
rigidBodyCenterY: 0.2756350040435791
sortKey: 37111
