aabbMax:
  X: 0.17903099954128265
  Y: 0.601722002029419
  Z: 0.17903099954128265
aabbMin:
  X: -0.17903099954128265
  Y: 0.0
  Z: -0.17903099954128265
boundingForTraverse: 0.601722002029419
bugMask: 3
cursorOffsetY: 0.4000000059604645
instSizeCafe: 39752
instSizeNx: -1
rigidBodyCenterY: 0.15000000596046448
sortKey: 33110
