aabbMax:
  X: 0.3789699971675873
  Y: 0.7258999943733215
  Z: 0.4640290141105652
aabbMin:
  X: -0.4025120139122009
  Y: -0.3990750014781952
  Z: -0.35343900322914124
boundingForTraverse: 1.1249749660491943
bugMask: 3
cursorOffsetY: 0.4000000059604645
instSizeCafe: 46948
instSizeNx: 123232
lookAtOffsetY: 0.30000001192092896
sortKey: 31480
