aabbMax:
  X: 0.7192379832267761
  Y: 0.7680079936981201
  Z: 0.6118159890174866
aabbMin:
  X: -0.7192379832267761
  Y: -0.4084469974040985
  Z: -0.6118159890174866
boundingForTraverse: 1.176455020904541
bugMask: 3
instSizeCafe: 51700
instSizeNx: -1
lookAtOffsetY: 0.6000000238418579
sortKey: 0
