aabbMax:
  X: 0.18462300300598145
  Y: 0.18255899846553802
  Z: 0.17747700214385986
aabbMin:
  X: -0.19687500596046448
  Y: -0.18255899846553802
  Z: -0.1821579933166504
boundingForTraverse: 0.36511799693107605
bugMask: 3
cursorOffsetY: 0.3499999940395355
instSizeCafe: 36408
instSizeNx: -1
motorcycleEnergy:
  add: 100.0
sortKey: 37010
