aabbMax:
  X: 0.2075739949941635
  Y: 0.3603450059890747
  Z: 0.3855139911174774
aabbMin:
  X: -0.15034699440002441
  Y: -0.06899599730968475
  Z: -0.26796799898147583
boundingForTraverse: 0.42934098839759827
bugMask: 1
cursorOffsetY: 0.30000001192092896
instSizeCafe: 36684
instSizeNx: -1
rigidBodyCenterY: 0.16436700522899628
sortKey: 63080
