aabbMax:
  X: 0.40455499291419983
  Y: 0.1723559945821762
  Z: 0.34897899627685547
aabbMin:
  X: -0.3321410119533539
  Y: -0.1723559945821762
  Z: -0.9034780263900757
boundingForTraverse: 0.3447119891643524
bugMask: 3
cursorOffsetY: 0.30000001192092896
homeArea:
- name: HateruSea
- name: LanayruSea
- name: FironeSea
instSizeCafe: 50932
instSizeNx: 131176
motorcycleEnergy:
  add: 50.0
sortKey: 34130
variationMatAnim: SeaBream_Color
variationMatAnimFrame: 1
