aabbMax:
  X: 0.36858001351356506
  Y: 0.6260629892349243
  Z: 0.381989985704422
aabbMin:
  X: -0.3961710035800934
  Y: -0.0011899999808520079
  Z: -0.3741829991340637
boundingForTraverse: 0.627252995967865
bugMask: 1
cursorOffsetY: 0.4000000059604645
homeArea:
- name: WestHateru
- name: HyruleForest
- name: EastHateru
instSizeCafe: -1
instSizeNx: 104112
motorcycleEnergy:
  add: 50.0
rigidBodyCenterY: 0.29559698700904846
sortKey: 31495
