aabbMax:
  X: 0.41938599944114685
  Y: 0.8492230176925659
  Z: 0.4744360148906708
aabbMin:
  X: -0.3965980112552643
  Y: -0.3856010138988495
  Z: -0.35071098804473877
boundingForTraverse: 1.2348239421844482
bugMask: 3
cursorOffsetY: 0.5
instSizeCafe: 46756
instSizeNx: -1
lookAtOffsetY: 0.30000001192092896
sortKey: 31490
