aabbMax:
  X: 0.3035790026187897
  Y: 0.3124690055847168
  Z: 0.3267810046672821
aabbMin:
  X: -0.28148600459098816
  Y: -0.29141101241111755
  Z: -0.31632599234580994
boundingForTraverse: 0.603879988193512
bugMask: 1
cursorOffsetY: 0.4000000059604645
instSizeCafe: -1
instSizeNx: 98720
sortKey: 61522
