aabbMax:
  X: 0.3634119927883148
  Y: 0.36730900406837463
  Z: 0.54448002576828
aabbMin:
  X: -0.42582499980926514
  Y: -0.36132100224494934
  Z: -0.5514169931411743
boundingForTraverse: 0.728630006313324
bugMask: 1
cursorOffsetY: 0.5
instSizeCafe: 36556
instSizeNx: -1
sortKey: 37101
