aabbMax:
  X: 0.16590100526809692
  Y: 0.5899310111999512
  Z: 0.16691699624061584
aabbMin:
  X: -0.1658570021390915
  Y: 0.0
  Z: -0.1658789962530136
boundingForTraverse: 0.5899310111999512
bugMask: 3
cursorOffsetY: 0.4000000059604645
instSizeCafe: 38012
instSizeNx: 102952
rigidBodyCenterY: 0.15000000596046448
sortKey: 33020
