aabbMax:
  X: 0.19698600471019745
  Y: 0.474712997674942
  Z: 0.21435700356960297
aabbMin:
  X: -0.28339898586273193
  Y: 0.011388000100851059
  Z: -0.24863700568675995
boundingForTraverse: 0.46332499384880066
bugMask: 1
cursorOffsetY: 0.3499999940395355
instSizeCafe: 34896
instSizeNx: -1
rigidBodyCenterY: 0.10000000149011612
sortKey: 33100
