aabbMax:
  X: 0.09404399991035461
  Y: 0.2638530135154724
  Z: 0.08972100168466568
aabbMin:
  X: -0.123260997235775
  Y: -0.3856010138988495
  Z: -0.08489999920129776
boundingForTraverse: 0.6494539976119995
bugMask: 1
cursorOffsetY: 0.5
instSizeCafe: 34748
instSizeNx: -1
lookAtOffsetY: 0.10000000149011612
rigidBodyCenterY: -0.14000000059604645
sortKey: 61490
