aabbMax:
  X: 0.2384680062532425
  Y: 0.49000000953674316
  Z: 0.4574970006942749
aabbMin:
  X: -0.21099500358104706
  Y: -0.16877399384975433
  Z: -0.4207639992237091
boundingForTraverse: 0.6587740182876587
bugMask: 1
cursorOffsetY: 0.4000000059604645
instSizeCafe: -1
instSizeNx: 100664
rigidBodyCenterY: 0.2756350040435791
sortKey: 37022
