aabbMax:
  X: 0.8358970284461975
  Y: 1.075279951095581
  Z: 1.1475000381469727
aabbMin:
  X: -0.7558640241622925
  Y: -0.30641499161720276
  Z: -1.0895400047302246
boundingForTraverse: 1.381695032119751
bugMask: 3
cursorOffsetY: 1.2000000476837158
instSizeCafe: 36256
instSizeNx: -1
lookAtOffsetY: 0.6000000238418579
sortKey: 31500
traverseDist: 150.0
