aabbMax:
  X: 0.5218920111656189
  Y: 0.7691680192947388
  Z: 0.6165909767150879
aabbMin:
  X: -0.5041170120239258
  Y: -0.0205680001527071
  Z: -0.8000460267066956
boundingForTraverse: 0.7897359728813171
bugMask: 1
cursorOffsetY: 0.550000011920929
instSizeCafe: 36392
instSizeNx: -1
rigidBodyCenterY: 0.31487101316452026
sortKey: 64030
