aabbMax:
  X: 0.27975699305534363
  Y: 0.21260899305343628
  Z: 0.14450199902057648
aabbMin:
  X: -0.2560040056705475
  Y: -0.008511999621987343
  Z: -0.1421789973974228
boundingForTraverse: 0.22112099826335907
bugMask: 1
cursorOffsetY: 0.30000001192092896
instSizeCafe: 36024
instSizeNx: 100080
motorcycleEnergy:
  add: 50.0
rigidBodyCenterY: 0.10000000149011612
sortKey: 33060
