aabbMax:
  X: 0.20716600120067596
  Y: 0.36029601097106934
  Z: 0.38539600372314453
aabbMin:
  X: -0.14994999766349792
  Y: -0.013261999934911728
  Z: -0.26796799898147583
boundingForTraverse: 0.37355801463127136
bugMask: 3
cursorOffsetY: 0.30000001192092896
homeArea:
- name: WestHateru
- name: LanayruWaterSources
- name: HyruleHill
instSizeCafe: 39728
instSizeNx: -1
motorcycleEnergy:
  add: 75.0
rigidBodyCenterY: 0.16436700522899628
sortKey: 34140
