aabbMax:
  X: 0.43700599670410156
  Y: 0.21378299593925476
  Z: 0.28073400259017944
aabbMin:
  X: -0.4201970100402832
  Y: -0.006140999961644411
  Z: -0.3194809854030609
boundingForTraverse: 0.21992400288581848
bugMask: 1
cursorOffsetY: 0.4000000059604645
instSizeCafe: 37764
instSizeNx: -1
motorcycleEnergy:
  add: 75.0
rigidBodyCenterY: 0.12099999934434891
sortKey: 32010
