aabbMax:
  X: 0.13389499485492706
  Y: 0.22016499936580658
  Z: 0.35981398820877075
aabbMin:
  X: -0.13389499485492706
  Y: -0.03042300045490265
  Z: -0.21254700422286987
boundingForTraverse: 0.25058799982070923
bugMask: 1
cursorOffsetY: 0.30000001192092896
instSizeCafe: -1
instSizeNx: 100176
rigidBodyCenterY: 0.05000000074505806
sortKey: 62060
