aabbMax:
  X: 0.17642199993133545
  Y: 0.20600099861621857
  Z: 0.18512600660324097
aabbMin:
  X: -0.196042999625206
  Y: -0.22411899268627167
  Z: -0.1684180051088333
boundingForTraverse: 0.43011999130249023
bugMask: 1
cursorOffsetY: 0.4000000059604645
instSizeCafe: 34752
instSizeNx: -1
rigidBodyCenterY: -0.0729999989271164
sortKey: 61420
