aabbMax:
  X: 0.20076300203800201
  Y: 0.20243999361991882
  Z: 0.40287500619888306
aabbMin:
  X: -0.20076300203800201
  Y: -0.2039860039949417
  Z: -0.6302090287208557
boundingForTraverse: 0.40642601251602173
bugMask: 1
cursorOffsetY: 0.4000000059604645
instSizeCafe: 36364
instSizeNx: -1
motorcycleEnergy:
  add: 100.0
sortKey: 37121
