aabbMax:
  X: 0.12445999681949615
  Y: 0.14782199263572693
  Z: 0.1171950027346611
aabbMin:
  X: -0.09968099743127823
  Y: -0.11501900106668472
  Z: -0.11246299743652344
boundingForTraverse: 0.26284098625183105
bugMask: 1
cursorOffsetY: 0.30000001192092896
instSizeCafe: -1
instSizeNx: 100240
rigidBodyCenterY: 0.005644000135362148
sortKey: 61070
