aabbMax:
  X: 0.1400260031223297
  Y: 0.7105169892311096
  Z: 0.11965399980545044
aabbMin:
  X: -0.17652000486850739
  Y: 1.9999999494757503e-05
  Z: -0.13185299932956696
boundingForTraverse: 0.7104970216751099
bugMask: 3
cursorOffsetY: 0.6499999761581421
instSizeCafe: 54020
instSizeNx: -1
rigidBodyCenterY: 0.10000000149011612
sortKey: 50036
