aabbMax:
  X: 1.034999966621399
  Y: 2.009999990463257
  Z: 0.9900000095367432
aabbMin:
  X: -1.0446699857711792
  Y: -0.019999999552965164
  Z: -0.9900000095367432
boundingForTraverse: 2.0299999713897705
bugMask: 3
cursorOffsetY: 0.5
instSizeCafe: 45932
instSizeNx: -1
rigidBodyCenterY: 1.0
sortKey: 4
