aabbMax:
  X: 1.1089600324630737
  Y: 2.023940086364746
  Z: 1.0518399477005005
aabbMin:
  X: -1.0931799411773682
  Y: -0.019999999552965164
  Z: -1.0525200366973877
boundingForTraverse: 2.0439400672912598
bugMask: 3
cursorOffsetY: 0.5
instSizeCafe: 46280
instSizeNx: 125672
rigidBodyCenterY: 1.0
sortKey: 4
