aabbMax:
  X: 1.0370299816131592
  Y: 1.9895000457763672
  Z: 1.0383000373840332
aabbMin:
  X: -1.0381699800491333
  Y: 0.006300999782979488
  Z: -1.0383000373840332
boundingForTraverse: 1.9831990003585815
bugMask: 3
cursorOffsetY: 0.5
instSizeCafe: 35564
instSizeNx: -1
rigidBodyCenterY: 1.0
sortKey: 4
