aabbMax:
  X: 1.0593600273132324
  Y: 2.0463900566101074
  Z: 1.0101799964904785
aabbMin:
  X: -1.0708800554275513
  Y: -0.051656000316143036
  Z: -1.007200002670288
boundingForTraverse: 2.098046064376831
bugMask: 3
cursorOffsetY: 0.5
instSizeCafe: 46792
instSizeNx: -1
rigidBodyCenterY: 1.0
sortKey: -4
