aabbMax:
  X: 1.0959899425506592
  Y: 2.0421900749206543
  Z: 1.0699900388717651
aabbMin:
  X: -1.0700700283050537
  Y: -0.01940000057220459
  Z: -1.0509599447250366
boundingForTraverse: 2.0615899562835693
bugMask: 3
cursorOffsetY: 0.5
instSizeCafe: -1
instSizeNx: 125672
rigidBodyCenterY: 1.0
sortKey: 4
