aabbMax:
  X: 0.7264890074729919
  Y: 0.5932040214538574
  Z: 0.30783700942993164
aabbMin:
  X: -0.18760600686073303
  Y: -0.30344700813293457
  Z: -0.27414101362228394
boundingForTraverse: 0.896651029586792
bugMask: 3
instSizeCafe: 45640
instSizeNx: -1
rigidBodyCenterY: 0.30000001192092896
sortKey: 0
