aabbMax:
  X: 0.7265629768371582
  Y: 0.5932620167732239
  Z: 0.30786100029945374
aabbMin:
  X: -0.18762199580669403
  Y: -0.3034670054912567
  Z: -0.27417001128196716
boundingForTraverse: 0.8967289924621582
bugMask: 3
instSizeCafe: -1
instSizeNx: 113576
rigidBodyCenterY: 0.30000001192092896
sortKey: 0
