aabbMax:
  X: 1.7871700525283813
  Y: 1.7871700525283813
  Z: 0.30000001192092896
aabbMin:
  X: -1.7871700525283813
  Y: -1.7871700525283813
  Z: -0.30000001192092896
boundingForTraverse: 3.5743401050567627
bugMask: 3
instSizeCafe: -1
instSizeNx: 126184
sortKey: -1
