aabbMax:
  X: 1.174430012702942
  Y: 1.174430012702942
  Z: 1.1719000339508057
aabbMin:
  X: -1.174430012702942
  Y: -1.174430012702942
  Z: -1.0
boundingForTraverse: 2.348860025405884
bugMask: 1
instSizeCafe: 23768
instSizeNx: -1
sortKey: -2
