aabbMax:
  X: 0.29476499557495117
  Y: 1.2621599435806274
  Z: 0.2842330038547516
aabbMin:
  X: -0.29476499557495117
  Y: -0.0006459999713115394
  Z: -0.4218119978904724
boundingForTraverse: 1.2628060579299927
bugMask: 1
cursorOffsetY: 0.6499999761581421
instSizeCafe: 66736
instSizeNx: -1
lookAtOffsetY: 0.44999998807907104
rigidBodyCenterY: 0.6499999761581421
sortKey: 132
