aabbMax:
  X: 0.2979600131511688
  Y: 2.1216700077056885
  Z: 0.33115899562835693
aabbMin:
  X: -0.2979600131511688
  Y: 0.0006220000213943422
  Z: -0.26496800780296326
boundingForTraverse: 2.1210479736328125
bugMask: 1
cursorOffsetY: 1.0499999523162842
instSizeCafe: 66164
instSizeNx: -1
lookAtOffsetY: 0.800000011920929
rigidBodyCenterY: 0.949999988079071
sortKey: 150
