aabbMax:
  X: 0.3895840048789978
  Y: 2.1022400856018066
  Z: 0.41004401445388794
aabbMin:
  X: -0.38648998737335205
  Y: -0.00544800003990531
  Z: -0.3258169889450073
boundingForTraverse: 2.1076879501342773
bugMask: 1
cursorOffsetY: 1.0499999523162842
instSizeCafe: 55696
instSizeNx: -1
lookAtOffsetY: 0.800000011920929
rigidBodyCenterY: 0.949999988079071
sortKey: 140
