aabbMax:
  X: 0.42401599884033203
  Y: 1.8615299463272095
  Z: 0.2820749878883362
aabbMin:
  X: -0.4183950126171112
  Y: -0.0002899999963119626
  Z: -0.2818540036678314
boundingForTraverse: 1.8618199825286865
bugMask: 1
cursorOffsetY: 1.0
instSizeCafe: 66740
instSizeNx: 176544
lookAtOffsetY: 0.6499999761581421
rigidBodyCenterY: 0.949999988079071
sortKey: 131
