aabbMax:
  X: 0.2911610007286072
  Y: 2.1058199405670166
  Z: 0.20792999863624573
aabbMin:
  X: -0.2911610007286072
  Y: -0.0007169999880716205
  Z: -0.3217659890651703
boundingForTraverse: 2.106537103652954
bugMask: 1
cursorOffsetY: 1.0499999523162842
instSizeCafe: 89268
instSizeNx: -1
lookAtOffsetY: 0.800000011920929
rigidBodyCenterY: 0.949999988079071
sortKey: 110
