aabbMax:
  X: 0.2820749878883362
  Y: 1.9503200054168701
  Z: 0.2820749878883362
aabbMin:
  X: -0.2818540036678314
  Y: -0.0002899999963119626
  Z: -0.2818540036678314
boundingForTraverse: 1.9506100416183472
bugMask: 1
cursorOffsetY: 1.0499999523162842
instSizeCafe: 76948
instSizeNx: -1
lookAtOffsetY: 0.800000011920929
rigidBodyCenterY: 0.949999988079071
sortKey: 130
