aabbMax:
  X: 0.37996000051498413
  Y: 1.2414799928665161
  Z: 0.27651700377464294
aabbMin:
  X: -0.37996000051498413
  Y: -0.005537999793887138
  Z: -0.5125200152397156
boundingForTraverse: 1.2470179796218872
bugMask: 1
cursorOffsetY: 0.6499999761581421
instSizeCafe: -1
instSizeNx: 177264
lookAtOffsetY: 0.44999998807907104
rigidBodyCenterY: 0.6499999761581421
sortKey: 122
