aabbMax:
  X: 0.4709889888763428
  Y: 1.3016300201416016
  Z: 0.26772499084472656
aabbMin:
  X: -0.4584839940071106
  Y: -0.002331000054255128
  Z: -0.5218629837036133
boundingForTraverse: 1.3039610385894775
bugMask: 1
cursorOffsetY: 0.6499999761581421
instSizeCafe: 66740
instSizeNx: 176544
lookAtOffsetY: 0.44999998807907104
rigidBodyCenterY: 0.6499999761581421
sortKey: 142
