aabbMax:
  X: 0.2979600131511688
  Y: 1.9667999744415283
  Z: 0.33115899562835693
aabbMin:
  X: -0.2979600131511688
  Y: 0.0006220000213943422
  Z: -0.23292000591754913
boundingForTraverse: 1.966178059577942
bugMask: 1
cursorOffsetY: 1.0499999523162842
instSizeCafe: 66808
instSizeNx: -1
lookAtOffsetY: 0.800000011920929
rigidBodyCenterY: 0.949999988079071
sortKey: 160
