aabbMax:
  X: 0.2911610007286072
  Y: 1.2881300449371338
  Z: 0.2650989890098572
aabbMin:
  X: -0.2911610007286072
  Y: -0.0018119999440386891
  Z: -0.38881999254226685
boundingForTraverse: 1.2899420261383057
bugMask: 1
cursorOffsetY: 0.6499999761581421
instSizeCafe: 67564
instSizeNx: -1
lookAtOffsetY: 0.44999998807907104
rigidBodyCenterY: 0.6499999761581421
sortKey: 102
