aabbMax:
  X: 0.2979600131511688
  Y: 1.2720600366592407
  Z: 0.25784000754356384
aabbMin:
  X: -0.2979600131511688
  Y: -0.0033450000919401646
  Z: -0.35447901487350464
boundingForTraverse: 1.2754050493240356
bugMask: 1
cursorOffsetY: 0.6499999761581421
instSizeCafe: 67380
instSizeNx: -1
lookAtOffsetY: 0.44999998807907104
rigidBodyCenterY: 0.6499999761581421
sortKey: 172
