aabbMax:
  X: 0.2979600131511688
  Y: 1.2720600366592407
  Z: 0.27695998549461365
aabbMin:
  X: -0.2979600131511688
  Y: -0.002073999959975481
  Z: -0.35447901487350464
boundingForTraverse: 1.2741340398788452
bugMask: 1
cursorOffsetY: 0.6499999761581421
instSizeCafe: -1
instSizeNx: 176544
lookAtOffsetY: 0.44999998807907104
rigidBodyCenterY: 0.6499999761581421
sortKey: 152
