aabbMax:
  X: 0.37996000051498413
  Y: 2.0373799800872803
  Z: 0.37996000051498413
aabbMin:
  X: -0.37996000051498413
  Y: 0.0
  Z: -0.37996000051498413
boundingForTraverse: 2.0373799800872803
bugMask: 1
cursorOffsetY: 1.0499999523162842
instSizeCafe: 66700
instSizeNx: -1
lookAtOffsetY: 0.800000011920929
rigidBodyCenterY: 0.949999988079071
sortKey: 120
