aabbMax:
  X: 0.36395400762557983
  Y: 1.9412599802017212
  Z: 0.33115899562835693
aabbMin:
  X: -0.36395999789237976
  Y: 0.0006220000213943422
  Z: -0.184922993183136
boundingForTraverse: 1.9406379461288452
bugMask: 1
cursorOffsetY: 1.0
instSizeCafe: 68204
instSizeNx: -1
lookAtOffsetY: 0.6499999761581421
rigidBodyCenterY: 0.949999988079071
sortKey: 171
