aabbMax:
  X: 0.41930198669433594
  Y: 1.9164799451828003
  Z: 0.23645099997520447
aabbMin:
  X: -0.41930699348449707
  Y: -0.0007169999880716205
  Z: -0.3217659890651703
boundingForTraverse: 1.9171969890594482
bugMask: 1
cursorOffsetY: 1.0
instSizeCafe: 110368
instSizeNx: -1
lookAtOffsetY: 0.6499999761581421
rigidBodyCenterY: 0.949999988079071
sortKey: 101
