aabbMax:
  X: 0.29837900400161743
  Y: 1.2881300449371338
  Z: 0.28377699851989746
aabbMin:
  X: -0.29837900400161743
  Y: -0.001398000051267445
  Z: -0.38881999254226685
boundingForTraverse: 1.2895280122756958
bugMask: 1
cursorOffsetY: 0.6499999761581421
instSizeCafe: 66740
instSizeNx: 176544
lookAtOffsetY: 0.44999998807907104
rigidBodyCenterY: 0.6499999761581421
sortKey: 112
