aabbMax:
  X: 0.4256489872932434
  Y: 1.8615299463272095
  Z: 0.37996000051498413
aabbMin:
  X: -0.4256550073623657
  Y: 0.0
  Z: -0.37996000051498413
boundingForTraverse: 1.8615299463272095
bugMask: 1
cursorOffsetY: 1.0
instSizeCafe: 67276
instSizeNx: 177272
lookAtOffsetY: 0.6499999761581421
rigidBodyCenterY: 0.949999988079071
sortKey: 121
