aabbMax:
  X: 0.48215800523757935
  Y: 1.8357900381088257
  Z: 0.41004401445388794
aabbMin:
  X: -0.4821630120277405
  Y: -0.00544800003990531
  Z: -0.2725600004196167
boundingForTraverse: 1.841238021850586
bugMask: 1
cursorOffsetY: 1.0
instSizeCafe: 66736
instSizeNx: -1
lookAtOffsetY: 0.6499999761581421
rigidBodyCenterY: 0.949999988079071
sortKey: 141
