aabbMax:
  X: 0.41585999727249146
  Y: 1.9164799451828003
  Z: 0.24118700623512268
aabbMin:
  X: -0.4158650040626526
  Y: -0.0007169999880716205
  Z: -0.3217659890651703
boundingForTraverse: 1.9171969890594482
bugMask: 1
cursorOffsetY: 1.0
instSizeCafe: 88568
instSizeNx: -1
lookAtOffsetY: 0.6499999761581421
rigidBodyCenterY: 0.949999988079071
sortKey: 181
