aabbMax:
  X: 0.4373140037059784
  Y: 1.9164799451828003
  Z: 0.22932299971580505
aabbMin:
  X: -0.4377869963645935
  Y: -0.0007169999880716205
  Z: -0.3217659890651703
boundingForTraverse: 1.9171969890594482
bugMask: 1
cursorOffsetY: 1.0
instSizeCafe: 66740
instSizeNx: -1
lookAtOffsetY: 0.6499999761581421
rigidBodyCenterY: 0.949999988079071
sortKey: 111
