aabbMax:
  X: 0.3000909984111786
  Y: 1.9506299495697021
  Z: 0.26120299100875854
aabbMin:
  X: -0.29317399859428406
  Y: -0.0007169999880716205
  Z: -0.3217659890651703
boundingForTraverse: 1.95134699344635
bugMask: 1
cursorOffsetY: 1.0499999523162842
instSizeCafe: 66164
instSizeNx: -1
lookAtOffsetY: 0.800000011920929
rigidBodyCenterY: 0.949999988079071
sortKey: 100
