aabbMax:
  X: 11.818599700927734
  Y: 8.937259674072266
  Z: 12.97920036315918
aabbMin:
  X: -12.342100143432617
  Y: -7.486969947814941
  Z: -11.694000244140625
boundingForTraverse: 16.42422866821289
bugMask: 1
cursorOffsetY: 0.5
instSizeCafe: 590088
instSizeNx: -1
rigidBodyCenterY: -0.9320939779281616
sortKey: 0
traverseDist: 300.0
