aabbMax:
  X: 12.527700424194336
  Y: 9.004590034484863
  Z: 21.184799194335938
aabbMin:
  X: -9.687919616699219
  Y: -10.810700416564941
  Z: -24.028200149536133
boundingForTraverse: 19.815290451049805
bugMask: 1
cursorOffsetY: 0.5
instSizeCafe: 253704
instSizeNx: 339920
rigidBodyCenterY: -5.997900009155273
sortKey: 0
traverseDist: 300.0
