aabbMax:
  X: 8.845210075378418
  Y: 2.4623498916625977
  Z: 11.055100440979004
aabbMin:
  X: -12.031399726867676
  Y: -1.6520700454711914
  Z: -9.905220031738281
boundingForTraverse: 4.114419937133789
bugMask: 1
cursorOffsetY: 0.5
instSizeCafe: 28412
instSizeNx: -1
rigidBodyCenterY: 0.11292699724435806
sortKey: 0
traverseDist: 114.79161834716797
