aabbMax:
  X: 4.544020175933838
  Y: 3.2156100273132324
  Z: 2.370990037918091
aabbMin:
  X: -5.958700180053711
  Y: -7.157410144805908
  Z: -3.4503400325775146
boundingForTraverse: 10.37302017211914
bugMask: 1
cursorOffsetY: 0.5
instSizeCafe: 89160
instSizeNx: -1
rigidBodyCenterY: 1.8739399909973145
sortKey: 0
traverseDist: 300.0
