aabbMax:
  X: 5.2540998458862305
  Y: 6.352069854736328
  Z: 5.781650066375732
aabbMin:
  X: -1.891129970550537
  Y: -6.352069854736328
  Z: -6.249020099639893
boundingForTraverse: 12.704139709472656
bugMask: 1
cursorOffsetY: 0.5
instSizeCafe: 97568
instSizeNx: -1
rigidBodyCenterY: -0.20186899602413177
sortKey: 0
traverseDist: 800.0
