aabbMax:
  X: 6.840660095214844
  Y: 5.527850151062012
  Z: 10.397199630737305
aabbMin:
  X: -5.246129989624023
  Y: -3.6380200386047363
  Z: -7.4830498695373535
boundingForTraverse: 9.165870666503906
bugMask: 1
cursorOffsetY: 0.5
instSizeCafe: 145864
instSizeNx: -1
rigidBodyCenterY: -0.7533230185508728
sortKey: 0
traverseDist: 300.0
