aabbMax:
  X: 70.28119659423828
  Y: 78.09120178222656
  Z: 198.5019989013672
aabbMin:
  X: -75.98410034179688
  Y: -81.89759826660156
  Z: -200.27099609375
boundingForTraverse: 159.98880004882812
bugMask: 1
cursorOffsetY: 0.5
instSizeCafe: 81660
instSizeNx: -1
rigidBodyCenterY: -20.391799926757812
sortKey: 0
traverseDist: 312.3755187988281
