aabbMax:
  X: 5.317890167236328
  Y: 3.8162999153137207
  Z: 2.6968300342559814
aabbMin:
  X: -5.4340500831604
  Y: -3.2147300243377686
  Z: -2.7766098976135254
boundingForTraverse: 7.031030178070068
bugMask: 1
cursorOffsetY: 0.5
instSizeCafe: 181828
instSizeNx: -1
rigidBodyCenterY: -1.4185500144958496
sortKey: 0
traverseDist: 300.0
