aabbMax:
  X: 8.684240341186523
  Y: 9.319680213928223
  Z: 17.799299240112305
aabbMin:
  X: -9.433019638061523
  Y: -4.798089981079102
  Z: -17.439300537109375
boundingForTraverse: 14.117770195007324
bugMask: 1
cursorOffsetY: 0.5
instSizeCafe: 143112
instSizeNx: -1
rigidBodyCenterY: -0.17199400067329407
sortKey: 0
traverseDist: 300.0
