aabbMax:
  X: 7.450560092926025
  Y: 7.160890102386475
  Z: 13.998299598693848
aabbMin:
  X: -6.852149963378906
  Y: -3.5385100841522217
  Z: -12.772100448608398
boundingForTraverse: 10.699399948120117
bugMask: 1
cursorOffsetY: 0.5
instSizeCafe: 111112
instSizeNx: -1
rigidBodyCenterY: 0.09319300204515457
sortKey: 0
traverseDist: 300.0
