aabbMax:
  X: 125.93399810791016
  Y: 60.86709976196289
  Z: 131.9709930419922
aabbMin:
  X: -118.66200256347656
  Y: -72.58360290527344
  Z: -130.7270050048828
boundingForTraverse: 133.45069885253906
bugMask: 1
cursorOffsetY: 0.5
instSizeCafe: 42296
instSizeNx: -1
rigidBodyCenterY: -32.16569900512695
sortKey: 0
traverseDist: 1300.0
