aabbMax:
  X: 125.66899871826172
  Y: 62.07440185546875
  Z: 131.95799255371094
aabbMin:
  X: -118.09500122070312
  Y: -72.97560119628906
  Z: -131.2030029296875
boundingForTraverse: 135.0500030517578
bugMask: 1
cursorOffsetY: 0.5
instSizeCafe: 94140
instSizeNx: -1
rigidBodyCenterY: -32.16569900512695
sortKey: 0
traverseDist: 279.356201171875
