aabbMax:
  X: 5.00885009765625
  Y: 0.6020730137825012
  Z: 4.892189979553223
aabbMin:
  X: -4.924260139465332
  Y: -3.35125994682312
  Z: -4.927229881286621
boundingForTraverse: 3.9533329010009766
bugMask: 1
cursorOffsetY: 0.5
instSizeCafe: -1
instSizeNx: 238544
rigidBodyCenterY: -0.6032469868659973
sortKey: 0
traverseDist: 300.0
