aabbMax:
  X: 4.693809986114502
  Y: 7.821090221405029
  Z: 8.843740463256836
aabbMin:
  X: -7.618659973144531
  Y: -9.95363998413086
  Z: -8.865519523620605
boundingForTraverse: 17.774730682373047
bugMask: 1
cursorOffsetY: 0.5
instSizeCafe: 156840
instSizeNx: -1
rigidBodyCenterY: 0.244268000125885
sortKey: 0
traverseDist: 300.0
