aabbMax:
  X: 3.30046010017395
  Y: 0.4504610002040863
  Z: 2.425290107727051
aabbMin:
  X: -3.30046010017395
  Y: -0.35207098722457886
  Z: -2.425290107727051
boundingForTraverse: 0.8025320172309875
bugMask: 1
cursorOffsetY: 0.5
instSizeCafe: 63024
instSizeNx: 126104
rigidBodyCenterY: -0.02440899983048439
sortKey: 0
traverseDist: 300.0
