aabbMax:
  X: 4.454279899597168
  Y: 26.52079963684082
  Z: 3.3520700931549072
aabbMin:
  X: -4.585450172424316
  Y: -27.27669906616211
  Z: -4.087319850921631
boundingForTraverse: 53.79750061035156
bugMask: 1
cursorOffsetY: 0.5
instSizeCafe: 327136
instSizeNx: -1
rigidBodyCenterY: 12.185500144958496
sortKey: 0
traverseDist: 300.0
