aabbMax:
  X: 3.1571600437164307
  Y: 4.741610050201416
  Z: 7.030250072479248
aabbMin:
  X: -2.4339699745178223
  Y: -4.931610107421875
  Z: -5.403629779815674
boundingForTraverse: 9.673219680786133
bugMask: 1
cursorOffsetY: 0.5
instSizeCafe: 124104
instSizeNx: -1
rigidBodyCenterY: -3.3082499504089355
sortKey: 0
traverseDist: 300.0
