aabbMax:
  X: 114.90699768066406
  Y: 33.13970184326172
  Z: 116.14099884033203
aabbMin:
  X: -112.85299682617188
  Y: -33.71220016479492
  Z: -120.52899932861328
boundingForTraverse: 66.85189819335938
bugMask: 1
cursorOffsetY: 0.5
instSizeCafe: -1
instSizeNx: 198320
rigidBodyCenterY: -5.850729942321777
sortKey: 0
traverseDist: 800.0
