aabbMax:
  X: 98.5238037109375
  Y: 44.482200622558594
  Z: 55.27920150756836
aabbMin:
  X: -101.89700317382812
  Y: -43.786399841308594
  Z: -54.27299880981445
boundingForTraverse: 88.26860046386719
bugMask: 1
cursorOffsetY: 0.5
instSizeCafe: -1
instSizeNx: 187120
rigidBodyCenterY: -1.0026700496673584
sortKey: 0
traverseDist: 800.0
