aabbMax:
  X: 15.026200294494629
  Y: 9.579290390014648
  Z: 4.361370086669922
aabbMin:
  X: -9.5033597946167
  Y: -8.601129531860352
  Z: -8.630000114440918
boundingForTraverse: 18.180419921875
bugMask: 1
cursorOffsetY: 0.5
instSizeCafe: 179464
instSizeNx: -1
rigidBodyCenterY: -2.7174301147460938
sortKey: 0
traverseDist: 300.0
