aabbMax:
  X: 10.212800025939941
  Y: 4.727459907531738
  Z: 3.1874799728393555
aabbMin:
  X: -10.84689998626709
  Y: -0.6023250222206116
  Z: -4.216390132904053
boundingForTraverse: 5.329784870147705
bugMask: 1
cursorOffsetY: 0.5
instSizeCafe: 132296
instSizeNx: -1
rigidBodyCenterY: 0.7760850191116333
sortKey: 0
traverseDist: 300.0
