aabbMax:
  X: 8.275230407714844
  Y: 8.317469596862793
  Z: 7.637430191040039
aabbMin:
  X: -6.836269855499268
  Y: -0.8781149983406067
  Z: -5.022140026092529
boundingForTraverse: 9.195584297180176
bugMask: 1
cursorOffsetY: 0.5
instSizeCafe: 100040
instSizeNx: -1
rigidBodyCenterY: 1.8911800384521484
sortKey: 0
traverseDist: 300.0
