aabbMax:
  X: 3.003700017929077
  Y: 5.023320198059082
  Z: 2.79256010055542
aabbMin:
  X: -3.2193500995635986
  Y: -8.233099937438965
  Z: -1.6692899465560913
boundingForTraverse: 13.256420135498047
bugMask: 1
cursorOffsetY: 0.5
instSizeCafe: 62472
instSizeNx: 121936
rigidBodyCenterY: -0.6775829792022705
sortKey: 0
traverseDist: 300.0
