aabbMax:
  X: 58.62889862060547
  Y: 14.207599639892578
  Z: 49.88759994506836
aabbMin:
  X: -47.43130111694336
  Y: -16.212299346923828
  Z: -47.663700103759766
boundingForTraverse: 30.419898986816406
bugMask: 1
cursorOffsetY: 0.5
instSizeCafe: 94716
instSizeNx: -1
rigidBodyCenterY: -11.42490005493164
sortKey: 0
traverseDist: 800.0
