aabbMax:
  X: 7.61352014541626
  Y: 3.12283992767334
  Z: 7.040559768676758
aabbMin:
  X: -7.32082986831665
  Y: -2.272289991378784
  Z: -6.485099792480469
boundingForTraverse: 5.395130157470703
bugMask: 1
cursorOffsetY: 0.5
instSizeCafe: 56068
instSizeNx: -1
rigidBodyCenterY: 0.09837699681520462
sortKey: 0
traverseDist: 800.0
