aabbMax:
  X: 6.303549766540527
  Y: 7.312970161437988
  Z: 7.701869964599609
aabbMin:
  X: -13.106399536132812
  Y: -1.9654200077056885
  Z: -6.593800067901611
boundingForTraverse: 9.278389930725098
bugMask: 1
cursorOffsetY: 0.5
instSizeCafe: 113672
instSizeNx: 188048
rigidBodyCenterY: 1.539430022239685
sortKey: 0
traverseDist: 300.0
