aabbMax:
  X: 115.11799621582031
  Y: 10.337699890136719
  Z: 116.7770004272461
aabbMin:
  X: -117.63899993896484
  Y: -10.525500297546387
  Z: -125.0770034790039
boundingForTraverse: 20.863201141357422
bugMask: 1
cursorOffsetY: 0.5
instSizeCafe: 95996
instSizeNx: -1
rigidBodyCenterY: -0.16019199788570404
sortKey: 0
traverseDist: 267.8311462402344
