aabbMax:
  X: 11.799200057983398
  Y: 8.741089820861816
  Z: 14.90250015258789
aabbMin:
  X: -11.97760009765625
  Y: -1.7426300048828125
  Z: -14.463600158691406
boundingForTraverse: 10.483719825744629
bugMask: 1
cursorOffsetY: 0.5
instSizeCafe: 141320
instSizeNx: 220816
rigidBodyCenterY: 1.3478699922561646
sortKey: 0
traverseDist: 300.0
