aabbMax:
  X: 4.286280155181885
  Y: 10.349599838256836
  Z: 10.266799926757812
aabbMin:
  X: -5.248219966888428
  Y: -9.174690246582031
  Z: -9.239009857177734
boundingForTraverse: 19.524290084838867
bugMask: 1
cursorOffsetY: 0.5
instSizeCafe: -1
instSizeNx: 217488
rigidBodyCenterY: 4.735459804534912
sortKey: 0
traverseDist: 300.0
