aabbMax:
  X: 3.809499979019165
  Y: 5.953189849853516
  Z: 3.8002400398254395
aabbMin:
  X: -2.423369884490967
  Y: -6.112579822540283
  Z: -3.6785199642181396
boundingForTraverse: 12.06576919555664
bugMask: 1
cursorOffsetY: 0.5
instSizeCafe: -1
instSizeNx: 185176
rigidBodyCenterY: -1.5931099653244019
sortKey: 0
traverseDist: 300.0
