aabbMax:
  X: 15.162199974060059
  Y: 5.431290149688721
  Z: 9.022239685058594
aabbMin:
  X: -15.775500297546387
  Y: -2.879420042037964
  Z: -7.471499919891357
boundingForTraverse: 8.310709953308105
bugMask: 1
cursorOffsetY: 0.5
instSizeCafe: 179720
instSizeNx: 259888
rigidBodyCenterY: -0.713450014591217
sortKey: 0
traverseDist: 300.0
