aabbMax:
  X: 4.543240070343018
  Y: 5.403719902038574
  Z: 2.538439989089966
aabbMin:
  X: -4.619609832763672
  Y: -3.9887900352478027
  Z: -7.164179801940918
boundingForTraverse: 9.392509460449219
bugMask: 1
cursorOffsetY: 0.5
instSizeCafe: 119572
instSizeNx: -1
rigidBodyCenterY: -1.7762199640274048
sortKey: 0
traverseDist: 300.0
