aabbMax:
  X: 17.087099075317383
  Y: 4.269559860229492
  Z: 9.800459861755371
aabbMin:
  X: -14.281999588012695
  Y: -3.80007004737854
  Z: -7.957509994506836
boundingForTraverse: 8.069629669189453
bugMask: 1
cursorOffsetY: 0.5
instSizeCafe: 399112
instSizeNx: 501872
rigidBodyCenterY: -2.689919948577881
sortKey: 0
traverseDist: 300.0
