aabbMax:
  X: 1.5090399980545044
  Y: 2.4008400440216064
  Z: 6.050459861755371
aabbMin:
  X: -1.4252899885177612
  Y: -0.35207098722457886
  Z: -4.800690174102783
boundingForTraverse: 2.75291109085083
bugMask: 1
cursorOffsetY: 0.5
instSizeCafe: 88328
instSizeNx: 162920
rigidBodyCenterY: 0.5573639869689941
sortKey: 0
traverseDist: 300.0
