aabbMax:
  X: 3.224250078201294
  Y: 4.954440116882324
  Z: 6.8208699226379395
aabbMin:
  X: -7.274509906768799
  Y: -12.936300277709961
  Z: -10.143099784851074
boundingForTraverse: 17.89073944091797
bugMask: 1
cursorOffsetY: 0.5
instSizeCafe: 154056
instSizeNx: -1
rigidBodyCenterY: 3.3452000617980957
sortKey: 0
traverseDist: 300.0
