aabbMax:
  X: 107.05500030517578
  Y: 45.07720184326172
  Z: 64.50140380859375
aabbMin:
  X: -103.40399932861328
  Y: -38.888301849365234
  Z: -57.29309844970703
boundingForTraverse: 83.96549987792969
bugMask: 1
cursorOffsetY: 0.5
instSizeCafe: 42292
instSizeNx: -1
rigidBodyCenterY: 12.951899528503418
sortKey: 0
traverseDist: 1300.0
