aabbMax:
  X: 29.840299606323242
  Y: 22.367799758911133
  Z: 19.6875
aabbMin:
  X: -42.21979904174805
  Y: -9.92000961303711
  Z: -30.8710994720459
boundingForTraverse: 32.287811279296875
bugMask: 1
cursorOffsetY: 0.5
instSizeCafe: -1
instSizeNx: 225464
rigidBodyCenterY: 4.141049861907959
sortKey: 0
traverseDist: 300.0
