aabbMax:
  X: 17.085899353027344
  Y: 7.840330123901367
  Z: 15.9173002243042
aabbMin:
  X: -24.009199142456055
  Y: -7.646510124206543
  Z: -12.21720027923584
boundingForTraverse: 15.48684024810791
bugMask: 1
cursorOffsetY: 0.5
instSizeCafe: 137736
instSizeNx: -1
rigidBodyCenterY: -1.0069199800491333
sortKey: 0
traverseDist: 300.0
