aabbMax:
  X: 17.6299991607666
  Y: 9.800140380859375
  Z: 14.26200008392334
aabbMin:
  X: -16.49519920349121
  Y: -15.396400451660156
  Z: -14.75469970703125
boundingForTraverse: 25.19654083251953
bugMask: 1
cursorOffsetY: 0.5
instSizeCafe: 143560
instSizeNx: -1
rigidBodyCenterY: -10.158900260925293
sortKey: 0
traverseDist: 300.0
