aabbMax:
  X: 4.24970006942749
  Y: 5.412139892578125
  Z: 5.134119987487793
aabbMin:
  X: -0.9144719839096069
  Y: -4.549560070037842
  Z: -6.454559803009033
boundingForTraverse: 9.961700439453125
bugMask: 1
cursorOffsetY: 0.5
instSizeCafe: 193408
instSizeNx: -1
rigidBodyCenterY: 0.22860799729824066
sortKey: 0
traverseDist: 300.0
