aabbMax:
  X: 6.771490097045898
  Y: 7.2192301750183105
  Z: 16.844600677490234
aabbMin:
  X: -7.063910007476807
  Y: -3.3771700859069824
  Z: -13.589900016784668
boundingForTraverse: 10.596400260925293
bugMask: 1
cursorOffsetY: 0.5
instSizeCafe: -1
instSizeNx: 195688
rigidBodyCenterY: -0.3483479917049408
sortKey: 0
traverseDist: 300.0
