aabbMax:
  X: 1.566980004310608
  Y: 3.8098199367523193
  Z: 8.567870140075684
aabbMin:
  X: -2.7644100189208984
  Y: -3.3059298992156982
  Z: -8.26021957397461
boundingForTraverse: 7.115749835968018
bugMask: 1
cursorOffsetY: 0.5
instSizeCafe: 56032
instSizeNx: -1
rigidBodyCenterY: 0.09786999970674515
sortKey: 0
traverseDist: 800.0
