aabbMax:
  X: 10.208200454711914
  Y: 11.879400253295898
  Z: 14.098699569702148
aabbMin:
  X: -11.168299674987793
  Y: -12.631199836730957
  Z: -13.587499618530273
boundingForTraverse: 24.510601043701172
bugMask: 1
cursorOffsetY: 0.5
instSizeCafe: -1
instSizeNx: 226016
rigidBodyCenterY: -0.1385679990053177
sortKey: 0
traverseDist: 300.0
