aabbMax:
  X: 3.2326300144195557
  Y: 6.070859909057617
  Z: 4.791920185089111
aabbMin:
  X: -3.346440076828003
  Y: -7.1566901206970215
  Z: -4.2287797927856445
boundingForTraverse: 13.227551460266113
bugMask: 1
cursorOffsetY: 0.5
instSizeCafe: 181380
instSizeNx: -1
rigidBodyCenterY: -3.63523006439209
sortKey: 0
traverseDist: 300.0
