aabbMax:
  X: 16.142499923706055
  Y: 4.620279788970947
  Z: 6.034249782562256
aabbMin:
  X: -11.580599784851074
  Y: -4.597439765930176
  Z: -6.641809940338135
boundingForTraverse: 9.217720031738281
bugMask: 1
cursorOffsetY: 0.5
instSizeCafe: -1
instSizeNx: 288008
rigidBodyCenterY: 2.4596099853515625
sortKey: 0
traverseDist: 300.0
