aabbMax:
  X: 120.61900329589844
  Y: 17.53569984436035
  Z: 128.57699584960938
aabbMin:
  X: -126.34300231933594
  Y: -9.425209999084473
  Z: -129.24200439453125
boundingForTraverse: 26.96091079711914
bugMask: 1
cursorOffsetY: 0.5
instSizeCafe: 94716
instSizeNx: -1
rigidBodyCenterY: -0.4920879900455475
sortKey: 0
traverseDist: 278.50830078125
