aabbMax:
  X: 4.42326021194458
  Y: 4.247350215911865
  Z: 4.528480052947998
aabbMin:
  X: -5.484580039978027
  Y: -4.6285400390625
  Z: -5.9574198722839355
boundingForTraverse: 8.875890731811523
bugMask: 1
cursorOffsetY: 0.5
instSizeCafe: 107540
instSizeNx: -1
rigidBodyCenterY: -2.4064900875091553
sortKey: 0
traverseDist: 300.0
