aabbMax:
  X: 6.636360168457031
  Y: 5.203889846801758
  Z: 3.175290107727051
aabbMin:
  X: -5.4204301834106445
  Y: -4.542640209197998
  Z: -3.1674699783325195
boundingForTraverse: 9.746530532836914
bugMask: 1
cursorOffsetY: 0.5
instSizeCafe: 163384
instSizeNx: -1
rigidBodyCenterY: -2.6936299800872803
sortKey: 0
traverseDist: 300.0
