aabbMax:
  X: 108.92400360107422
  Y: 107.0270004272461
  Z: 194.093994140625
aabbMin:
  X: -81.21730041503906
  Y: -106.03700256347656
  Z: -190.31399536132812
boundingForTraverse: 213.06399536132812
bugMask: 1
cursorOffsetY: 0.5
instSizeCafe: -1
instSizeNx: 322544
rigidBodyCenterY: 6.411809921264648
sortKey: 0
traverseDist: 314.43133544921875
