aabbMax:
  X: 4.64369010925293
  Y: 4.106689929962158
  Z: 2.537909984588623
aabbMin:
  X: -4.77701997756958
  Y: -2.9609999656677246
  Z: -4.418759822845459
boundingForTraverse: 7.067689895629883
bugMask: 1
cursorOffsetY: 0.5
instSizeCafe: 89676
instSizeNx: -1
rigidBodyCenterY: -1.7186399698257446
sortKey: 0
traverseDist: 300.0
