aabbMax:
  X: 64.74359893798828
  Y: 30.9064998626709
  Z: 117.89800262451172
aabbMin:
  X: -72.37650299072266
  Y: -30.750999450683594
  Z: -120.36499786376953
boundingForTraverse: 61.657501220703125
bugMask: 1
cursorOffsetY: 0.5
instSizeCafe: 90616
instSizeNx: -1
rigidBodyCenterY: -9.763810157775879
sortKey: 0
traverseDist: 800.0
