aabbMax:
  X: 17.448699951171875
  Y: 0.9321889877319336
  Z: 15.840900421142578
aabbMin:
  X: -16.489500045776367
  Y: -6.555870056152344
  Z: -17.046600341796875
boundingForTraverse: 7.488059043884277
bugMask: 1
cursorOffsetY: 0.5
instSizeCafe: 125128
instSizeNx: -1
rigidBodyCenterY: -1.4537299871444702
sortKey: 0
traverseDist: 300.0
