aabbMax:
  X: 6.800459861755371
  Y: 5.676330089569092
  Z: 3.2905499935150146
aabbMin:
  X: -4.800459861755371
  Y: -5.570769786834717
  Z: -6.371570110321045
boundingForTraverse: 11.247099876403809
bugMask: 1
cursorOffsetY: 0.5
instSizeCafe: 233988
instSizeNx: -1
rigidBodyCenterY: -1.4742100238800049
sortKey: 0
traverseDist: 300.0
