aabbMax:
  X: 120.76000213623047
  Y: 17.577999114990234
  Z: 128.7740020751953
aabbMin:
  X: -124.90599822998047
  Y: -9.866419792175293
  Z: -129.38699340820312
boundingForTraverse: 27.444419860839844
bugMask: 1
cursorOffsetY: 0.5
instSizeCafe: 42292
instSizeNx: -1
rigidBodyCenterY: -0.4920879900455475
sortKey: 0
traverseDist: 1300.0
