aabbMax:
  X: 13.436599731445312
  Y: 10.731900215148926
  Z: 6.208469867706299
aabbMin:
  X: -14.10260009765625
  Y: -8.973569869995117
  Z: -8.487469673156738
boundingForTraverse: 19.70547103881836
bugMask: 1
cursorOffsetY: 0.5
instSizeCafe: 211208
instSizeNx: 293208
rigidBodyCenterY: -2.9636600017547607
sortKey: 0
traverseDist: 300.0
