aabbMax:
  X: 2.6818900108337402
  Y: 3.481950044631958
  Z: 3.7512800693511963
aabbMin:
  X: -3.593130111694336
  Y: -2.761270046234131
  Z: -5.157879829406738
boundingForTraverse: 6.24321985244751
bugMask: 1
cursorOffsetY: 0.5
instSizeCafe: 158788
instSizeNx: -1
rigidBodyCenterY: -1.7499699592590332
sortKey: 0
traverseDist: 300.0
