aabbMax:
  X: 8.927650451660156
  Y: 5.0191497802734375
  Z: 6.096499919891357
aabbMin:
  X: -3.741610050201416
  Y: -3.0162599086761475
  Z: -5.977660179138184
boundingForTraverse: 8.035409927368164
bugMask: 1
cursorOffsetY: 0.5
instSizeCafe: -1
instSizeNx: 204432
rigidBodyCenterY: 1.720039963722229
sortKey: 0
traverseDist: 300.0
