aabbMax:
  X: 8.517000198364258
  Y: 3.60125994682312
  Z: 5.143070220947266
aabbMin:
  X: -10.80049991607666
  Y: -0.5281069874763489
  Z: -5.887929916381836
boundingForTraverse: 4.129366874694824
bugMask: 1
cursorOffsetY: 0.5
instSizeCafe: -1
instSizeNx: 200528
rigidBodyCenterY: 0.5615590214729309
sortKey: 0
traverseDist: 300.0
