aabbMax:
  X: 6.504519939422607
  Y: 1.9071400165557861
  Z: 1.3170299530029297
aabbMin:
  X: -9.050459861755371
  Y: -0.8520709872245789
  Z: -2.009040117263794
boundingForTraverse: 2.7592110633850098
bugMask: 1
cursorOffsetY: 0.5
instSizeCafe: 100808
instSizeNx: -1
rigidBodyCenterY: 0.04089700058102608
sortKey: 0
traverseDist: 300.0
