aabbMax:
  X: 4.205410003662109
  Y: 5.612289905548096
  Z: 7.1170501708984375
aabbMin:
  X: -3.606260061264038
  Y: -5.394219875335693
  Z: -6.4143500328063965
boundingForTraverse: 11.006509780883789
bugMask: 1
cursorOffsetY: 0.5
instSizeCafe: -1
instSizeNx: 178464
rigidBodyCenterY: 1.0880999565124512
sortKey: 0
traverseDist: 300.0
