aabbMax:
  X: 107.52899932861328
  Y: 45.07720184326172
  Z: 64.62359619140625
aabbMin:
  X: -103.072998046875
  Y: -39.09339904785156
  Z: -56.964900970458984
boundingForTraverse: 84.17060089111328
bugMask: 1
cursorOffsetY: 0.5
instSizeCafe: 93432
instSizeNx: -1
rigidBodyCenterY: 12.951899528503418
sortKey: 0
traverseDist: 221.5904541015625
