aabbMax:
  X: 13.254599571228027
  Y: 9.63634967803955
  Z: 20.9281005859375
aabbMin:
  X: -14.585599899291992
  Y: -9.12185001373291
  Z: -14.880800247192383
boundingForTraverse: 18.75819969177246
bugMask: 1
cursorOffsetY: 0.5
instSizeCafe: 228612
instSizeNx: -1
rigidBodyCenterY: 1.037969946861267
sortKey: 0
traverseDist: 300.0
