aabbMax:
  X: 41.802101135253906
  Y: 13.8016996383667
  Z: 38.58440017700195
aabbMin:
  X: -43.191001892089844
  Y: -9.246450424194336
  Z: -38.66510009765625
boundingForTraverse: 23.04814910888672
bugMask: 1
cursorOffsetY: 0.5
instSizeCafe: 136648
instSizeNx: -1
rigidBodyCenterY: 8.032569885253906
sortKey: 0
traverseDist: 800.0
