aabbMax:
  X: 8.078080177307129
  Y: 7.646329879760742
  Z: 4.237760066986084
aabbMin:
  X: -8.122030258178711
  Y: -9.617010116577148
  Z: -3.7083799839019775
boundingForTraverse: 17.26333999633789
bugMask: 1
cursorOffsetY: 0.5
instSizeCafe: -1
instSizeNx: 330072
rigidBodyCenterY: 5.593070030212402
sortKey: 0
traverseDist: 300.0
