aabbMax:
  X: 2.735450029373169
  Y: 0.6649119853973389
  Z: 1.966439962387085
aabbMin:
  X: -4.970640182495117
  Y: -0.845445990562439
  Z: -2.021009922027588
boundingForTraverse: 1.5103579759597778
bugMask: 1
cursorOffsetY: 0.5
instSizeCafe: 42528
instSizeNx: -1
rigidBodyCenterY: 0.03779599815607071
sortKey: 0
traverseDist: 800.0
