aabbMax:
  X: 108.81900024414062
  Y: 107.16400146484375
  Z: 193.79600524902344
aabbMin:
  X: -80.95279693603516
  Y: -106.09500122070312
  Z: -190.01800537109375
boundingForTraverse: 213.25900268554688
bugMask: 1
cursorOffsetY: 0.5
instSizeCafe: 42296
instSizeNx: 112640
rigidBodyCenterY: 6.411809921264648
sortKey: 0
traverseDist: 1300.0
