aabbMax:
  X: 1.6097899675369263
  Y: 0.3641180098056793
  Z: 1.6903200149536133
aabbMin:
  X: -2.1216800212860107
  Y: -2.8226399421691895
  Z: -4.790050029754639
boundingForTraverse: 3.186758041381836
bugMask: 1
cursorOffsetY: 0.5
instSizeCafe: 63536
instSizeNx: -1
rigidBodyCenterY: -0.6127600073814392
sortKey: 0
traverseDist: 300.0
