aabbMax:
  X: 8.63090991973877
  Y: 2.1535000801086426
  Z: 11.460200309753418
aabbMin:
  X: -12.428199768066406
  Y: -1.8037199974060059
  Z: -9.966739654541016
boundingForTraverse: 3.9572200775146484
bugMask: 1
cursorOffsetY: 0.5
instSizeCafe: 27284
instSizeNx: -1
rigidBodyCenterY: 0.11292699724435806
sortKey: 0
traverseDist: 1300.0
