aabbMax:
  X: 21.35420036315918
  Y: 3.512619972229004
  Z: 13.383399963378906
aabbMin:
  X: -25.69059944152832
  Y: -5.3664398193359375
  Z: -19.39189910888672
boundingForTraverse: 8.879059791564941
bugMask: 1
cursorOffsetY: 0.5
instSizeCafe: 27284
instSizeNx: 88040
rigidBodyCenterY: 0.15535999834537506
sortKey: 0
traverseDist: 1300.0
