aabbMax:
  X: 0.5403050184249878
  Y: 7.125100135803223
  Z: 9.541350364685059
aabbMin:
  X: -0.44191500544548035
  Y: -6.960299968719482
  Z: -9.699899673461914
boundingForTraverse: 14.085399627685547
bugMask: 1
cursorOffsetY: 0.5
instSizeCafe: -1
instSizeNx: 185176
rigidBodyCenterY: -0.41855400800704956
sortKey: 0
traverseDist: 300.0
