aabbMax:
  X: 14.129799842834473
  Y: 7.6481499671936035
  Z: 8.18927001953125
aabbMin:
  X: -17.258800506591797
  Y: -5.051119804382324
  Z: -7.425620079040527
boundingForTraverse: 12.699270248413086
bugMask: 1
cursorOffsetY: 0.5
instSizeCafe: 129288
instSizeNx: -1
rigidBodyCenterY: 0.24964399635791779
sortKey: 0
traverseDist: 300.0
