aabbMax:
  X: 115.33699798583984
  Y: 10.406000137329102
  Z: 116.29299926757812
aabbMin:
  X: -117.68000030517578
  Y: -10.533699989318848
  Z: -124.93000030517578
boundingForTraverse: 20.939701080322266
bugMask: 1
cursorOffsetY: 0.5
instSizeCafe: 42296
instSizeNx: -1
rigidBodyCenterY: -0.16019199788570404
sortKey: 0
traverseDist: 1300.0
