aabbMax:
  X: 2.551529884338379
  Y: 3.7301700115203857
  Z: 3.4579598903656006
aabbMin:
  X: -2.2126100063323975
  Y: -0.48097699880599976
  Z: -3.437429904937744
boundingForTraverse: 4.211146831512451
bugMask: 1
cursorOffsetY: 0.5
instSizeCafe: 88520
instSizeNx: -1
rigidBodyCenterY: 0.9778710007667542
sortKey: 0
traverseDist: 300.0
