aabbMax:
  X: 121.78399658203125
  Y: 48.61589813232422
  Z: 60.824501037597656
aabbMin:
  X: -127.52999877929688
  Y: -51.0614013671875
  Z: -56.89789962768555
boundingForTraverse: 99.67729949951172
bugMask: 1
cursorOffsetY: 0.5
instSizeCafe: -1
instSizeNx: 213040
rigidBodyCenterY: -2.21235990524292
sortKey: 0
traverseDist: 800.0
