aabbMax:
  X: 12.151200294494629
  Y: 6.378170013427734
  Z: 9.749710083007812
aabbMin:
  X: -11.061300277709961
  Y: -3.9313700199127197
  Z: -7.301620006561279
boundingForTraverse: 10.309539794921875
bugMask: 1
cursorOffsetY: 0.5
instSizeCafe: 151816
instSizeNx: -1
rigidBodyCenterY: 0.22819499671459198
sortKey: 0
traverseDist: 300.0
