aabbMax:
  X: 5.773789882659912
  Y: 0.6756910085678101
  Z: 7.662300109863281
aabbMin:
  X: -6.930980205535889
  Y: -0.5281069874763489
  Z: -4.413559913635254
boundingForTraverse: 1.2037980556488037
bugMask: 1
cursorOffsetY: 0.5
instSizeCafe: 56032
instSizeNx: -1
rigidBodyCenterY: -0.034942999482154846
sortKey: 0
traverseDist: 800.0
