aabbMax:
  X: 2.9887900352478027
  Y: 3.8950400352478027
  Z: 6.621570110321045
aabbMin:
  X: -2.439729928970337
  Y: -5.423480033874512
  Z: -8.621569633483887
boundingForTraverse: 9.318519592285156
bugMask: 1
cursorOffsetY: 0.5
instSizeCafe: 124936
instSizeNx: -1
rigidBodyCenterY: -3.225450038909912
sortKey: 0
traverseDist: 300.0
