aabbMax:
  X: 21.5221004486084
  Y: 3.7681500911712646
  Z: 13.146499633789062
aabbMin:
  X: -25.118099212646484
  Y: -4.953020095825195
  Z: -19.30419921875
boundingForTraverse: 8.721170425415039
bugMask: 1
cursorOffsetY: 0.5
instSizeCafe: 30460
instSizeNx: -1
rigidBodyCenterY: 0.15535999834537506
sortKey: 0
traverseDist: 128.40931701660156
