aabbMax:
  X: 23.984399795532227
  Y: 48.82659912109375
  Z: 30.12030029296875
aabbMin:
  X: -24.914899826049805
  Y: -47.062599182128906
  Z: -30.504100799560547
boundingForTraverse: 95.88919830322266
bugMask: 1
cursorOffsetY: 0.5
instSizeCafe: 277448
instSizeNx: -1
rigidBodyCenterY: 36.667198181152344
sortKey: 0
traverseDist: 800.0
