aabbMax:
  X: 38.518699645996094
  Y: 13.024900436401367
  Z: 26.170299530029297
aabbMin:
  X: -39.59429931640625
  Y: -13.413599967956543
  Z: -30.646699905395508
boundingForTraverse: 26.438499450683594
bugMask: 1
cursorOffsetY: 0.5
instSizeCafe: 684804
instSizeNx: -1
rigidBodyCenterY: -0.7071319818496704
sortKey: 0
traverseDist: 300.0
