aabbMax:
  X: 1.359339952468872
  Y: 1.7514100074768066
  Z: 2.1643900871276855
aabbMin:
  X: -1.3561099767684937
  Y: -3.1080501079559326
  Z: -2.41621994972229
boundingForTraverse: 4.85945987701416
bugMask: 1
cursorOffsetY: 0.5
instSizeCafe: 84500
instSizeNx: -1
rigidBodyCenterY: -0.3211140036582947
sortKey: 0
traverseDist: 300.0
