aabbMax:
  X: 5.457149982452393
  Y: 4.837140083312988
  Z: 7.13021993637085
aabbMin:
  X: -5.407859802246094
  Y: -0.6410319805145264
  Z: -6.825170040130615
boundingForTraverse: 5.4781718254089355
bugMask: 1
cursorOffsetY: 0.5
instSizeCafe: -1
instSizeNx: 217272
rigidBodyCenterY: 1.5512200593948364
sortKey: 0
traverseDist: 300.0
