aabbMax:
  X: 57.8307991027832
  Y: 6.723869800567627
  Z: 70.6447982788086
aabbMin:
  X: -57.65060043334961
  Y: -11.463600158691406
  Z: -70.8324966430664
boundingForTraverse: 18.187469482421875
bugMask: 1
cursorOffsetY: 0.5
instSizeCafe: -1
instSizeNx: 149712
rigidBodyCenterY: -3.676300048828125
sortKey: 0
traverseDist: 800.0
