aabbMax:
  X: 33.48649978637695
  Y: 5.289400100708008
  Z: 10.84000015258789
aabbMin:
  X: -29.417400360107422
  Y: -1.7069599628448486
  Z: -6.940989971160889
boundingForTraverse: 6.996359825134277
bugMask: 1
cursorOffsetY: 0.5
instSizeCafe: 137476
instSizeNx: -1
rigidBodyCenterY: 1.6445499658584595
sortKey: 0
traverseDist: 300.0
