aabbMax:
  X: 3.1491899490356445
  Y: 4.7828898429870605
  Z: 3.5464999675750732
aabbMin:
  X: -3.0659399032592773
  Y: -4.177810192108154
  Z: -1.715440034866333
boundingForTraverse: 8.960700035095215
bugMask: 1
cursorOffsetY: 0.5
instSizeCafe: 138504
instSizeNx: -1
rigidBodyCenterY: -3.1109299659729004
sortKey: 0
traverseDist: 300.0
