aabbMax:
  X: 134.03900146484375
  Y: 6.770999908447266
  Z: 97.80079650878906
aabbMin:
  X: -145.67999267578125
  Y: -5.679100036621094
  Z: -98.91829681396484
boundingForTraverse: 12.45009994506836
bugMask: 1
cursorOffsetY: 0.5
instSizeCafe: 42748
instSizeNx: -1
rigidBodyCenterY: 0.6902750134468079
sortKey: 0
traverseDist: 800.0
