aabbMax:
  X: 6.035920143127441
  Y: 5.7760701179504395
  Z: 6.358650207519531
aabbMin:
  X: -8.66845989227295
  Y: -3.43996000289917
  Z: -7.132440090179443
boundingForTraverse: 9.21603012084961
bugMask: 1
cursorOffsetY: 0.5
instSizeCafe: 151416
instSizeNx: -1
rigidBodyCenterY: -2.52632999420166
sortKey: 0
traverseDist: 300.0
