aabbMax:
  X: 6.736390113830566
  Y: 11.317399978637695
  Z: 12.477700233459473
aabbMin:
  X: -8.05700969696045
  Y: -5.6809401512146
  Z: -16.96139907836914
boundingForTraverse: 16.998340606689453
bugMask: 1
cursorOffsetY: 0.5
instSizeCafe: 124936
instSizeNx: -1
rigidBodyCenterY: -0.8660789728164673
sortKey: 0
traverseDist: 300.0
