aabbMax:
  X: 11.947099685668945
  Y: 9.119930267333984
  Z: 12.151399612426758
aabbMin:
  X: -9.008779525756836
  Y: -9.63914966583252
  Z: -14.013199806213379
boundingForTraverse: 18.759078979492188
bugMask: 1
cursorOffsetY: 0.5
instSizeCafe: 250372
instSizeNx: -1
rigidBodyCenterY: -8.83860969543457
sortKey: 0
traverseDist: 300.0
