aabbMax:
  X: 2.9813899993896484
  Y: 4.206429958343506
  Z: 3.2323100566864014
aabbMin:
  X: -4.2831501960754395
  Y: -0.4270719885826111
  Z: -3.6778299808502197
boundingForTraverse: 4.633502006530762
bugMask: 1
cursorOffsetY: 0.5
instSizeCafe: 102944
instSizeNx: -1
rigidBodyCenterY: 0.8499580025672913
sortKey: 0
traverseDist: 300.0
