aabbMax:
  X: 70.48660278320312
  Y: 77.16239929199219
  Z: 198.57899475097656
aabbMin:
  X: -72.5188980102539
  Y: -80.9801025390625
  Z: -200.4409942626953
boundingForTraverse: 158.1425018310547
bugMask: 1
cursorOffsetY: 0.5
instSizeCafe: 42296
instSizeNx: -1
rigidBodyCenterY: -20.391799926757812
sortKey: 0
traverseDist: 1300.0
