aabbMax:
  X: 1.0298999547958374
  Y: 1.6629799604415894
  Z: 0.38365399837493896
aabbMin:
  X: -0.22918899357318878
  Y: -0.5190759897232056
  Z: -0.24695000052452087
boundingForTraverse: 2.182055950164795
bugMask: 3
instSizeCafe: 54756
instSizeNx: 134296
rigidBodyCenterY: 0.30000001192092896
sortKey: 0
