aabbMax:
  X: 1.0298000574111938
  Y: 1.6628400087356567
  Z: 0.38362300395965576
aabbMin:
  X: -0.2291720062494278
  Y: -0.5190349817276001
  Z: -0.24692200124263763
boundingForTraverse: 2.181874990463257
bugMask: 3
instSizeCafe: 54748
instSizeNx: -1
rigidBodyCenterY: 0.30000001192092896
sortKey: 0
