aabbMax:
  X: 0.054326001554727554
  Y: 0.04704499989748001
  Z: 0.860929012298584
aabbMin:
  X: -0.027852000668644905
  Y: -0.04705100134015083
  Z: -0.0855880007147789
boundingForTraverse: 0.09409599751234055
bugMask: 3
cursorOffsetY: 0.20000000298023224
homeArea:
- name: CentralHyrule
- name: EldinCanyon
- name: GerudoHighlands
instSizeCafe: -1
instSizeNx: 121144
sortKey: 14600
