aabbMax:
  X: 0.7453759908676147
  Y: 2.831130027770996
  Z: 0.7142850160598755
aabbMin:
  X: -0.7428990006446838
  Y: -0.021097000688314438
  Z: -0.7960129976272583
boundingForTraverse: 2.852226972579956
bugMask: 3
cursorOffsetY: 0.75
instSizeCafe: -1
instSizeNx: 562480
sortKey: -16
