aabbMax:
  X: 0.4738500118255615
  Y: 2.386590003967285
  Z: 0.2769069969654083
aabbMin:
  X: -0.48599299788475037
  Y: -0.003043999895453453
  Z: -0.5478690266609192
boundingForTraverse: 2.3896329402923584
bugMask: 3
cursorOffsetY: 0.3499999940395355
instSizeCafe: -1
instSizeNx: 599288
sortKey: -9
