aabbMax:
  X: 0.22963200509548187
  Y: 1.1605900526046753
  Z: 0.24484899640083313
aabbMin:
  X: -0.24311299622058868
  Y: -0.002078999998047948
  Z: -0.21585699915885925
boundingForTraverse: 1.1626689434051514
bugMask: 3
cursorOffsetY: 0.4000000059604645
instSizeCafe: 293296
instSizeNx: -1
sortKey: -10
