aabbMax:
  X: 0.7303239703178406
  Y: 2.041680097579956
  Z: 0.7199860215187073
aabbMin:
  X: -0.728717029094696
  Y: -0.018014000728726387
  Z: -0.7211650013923645
boundingForTraverse: 2.0596940517425537
bugMask: 3
cursorOffsetY: 0.5
instSizeCafe: -1
instSizeNx: 318576
lookAtOffsetY: 0.15000000596046448
rigidBodyCenterY: 0.75
sortKey: -2
