aabbMax:
  X: 0.5913419723510742
  Y: 2.3887200355529785
  Z: 0.40112099051475525
aabbMin:
  X: -0.6351439952850342
  Y: -0.0020759999752044678
  Z: -0.2934440076351166
boundingForTraverse: 2.390795946121216
bugMask: 3
cursorOffsetY: 0.800000011920929
instSizeCafe: 199476
instSizeNx: -1
lookAtOffsetY: 0.20000000298023224
sortKey: -2
