aabbMax:
  X: 0.46790000796318054
  Y: 1.199779987335205
  Z: 0.5451390147209167
aabbMin:
  X: -0.40770798921585083
  Y: -0.0020200000144541264
  Z: -0.17706599831581116
boundingForTraverse: 1.201799988746643
bugMask: 3
cursorOffsetY: 0.6000000238418579
instSizeCafe: -1
instSizeNx: 419120
sortKey: 0
