aabbMax:
  X: 0.9973570108413696
  Y: 3.1784799098968506
  Z: 1.3994100093841553
aabbMin:
  X: -0.9989929795265198
  Y: -0.006252999883145094
  Z: -0.9477260112762451
boundingForTraverse: 3.1847329139709473
bugMask: 3
cursorOffsetY: 0.30000001192092896
instSizeCafe: 341996
instSizeNx: 554232
lookAtOffsetY: -0.10000000149011612
sortKey: 10
