aabbMax:
  X: 0.36802199482917786
  Y: 1.5832799673080444
  Z: 0.36768099665641785
aabbMin:
  X: -0.3558279871940613
  Y: -0.006496999878436327
  Z: -0.25274398922920227
boundingForTraverse: 1.5897769927978516
bugMask: 3
cursorOffsetY: 0.3499999940395355
instSizeCafe: -1
instSizeNx: 816376
sortKey: 0
