aabbMax:
  X: 0.5879539847373962
  Y: 2.5995700359344482
  Z: 0.4045099914073944
aabbMin:
  X: -0.6685050129890442
  Y: -0.006291999947279692
  Z: -0.7503669857978821
boundingForTraverse: 2.6058619022369385
bugMask: 3
cursorOffsetY: 0.3499999940395355
instSizeCafe: 285548
instSizeNx: 468216
sortKey: -8
