aabbMax:
  X: 0.3637250065803528
  Y: 1.7793200016021729
  Z: 0.4041909873485565
aabbMin:
  X: -0.39684200286865234
  Y: -0.00013000000035390258
  Z: -0.21848399937152863
boundingForTraverse: 1.7794500589370728
bugMask: 3
cursorOffsetY: 0.30000001192092896
instSizeCafe: 532204
instSizeNx: -1
sortKey: 22
