aabbMax:
  X: 0.4611000120639801
  Y: 2.3003599643707275
  Z: 0.39535000920295715
aabbMin:
  X: -0.4991469979286194
  Y: 0.0006430000066757202
  Z: -0.705036997795105
boundingForTraverse: 2.2997169494628906
bugMask: 3
cursorOffsetY: 0.6000000238418579
instSizeCafe: 353068
instSizeNx: -1
sortKey: 5
