aabbMax:
  X: 0.41856199502944946
  Y: 1.3252099752426147
  Z: 0.19953200221061707
aabbMin:
  X: -0.42875099182128906
  Y: -0.011850999668240547
  Z: -0.6380050182342529
boundingForTraverse: 1.3370610475540161
bugMask: 3
cursorOffsetY: 0.4000000059604645
instSizeCafe: 295244
instSizeNx: -1
sortKey: -6
