aabbMax:
  X: 0.4359680116176605
  Y: 2.469019889831543
  Z: 0.31984999775886536
aabbMin:
  X: -0.4228529930114746
  Y: -0.008344000205397606
  Z: -0.2541080117225647
boundingForTraverse: 2.4773640632629395
bugMask: 3
cursorOffsetY: 0.4000000059604645
instSizeCafe: 355916
instSizeNx: -1
sortKey: -8
