aabbMax:
  X: 0.45918500423431396
  Y: 2.4234299659729004
  Z: 0.3975139856338501
aabbMin:
  X: -0.53090900182724
  Y: -0.005162000190466642
  Z: -0.4131709933280945
boundingForTraverse: 2.4285919666290283
bugMask: 3
cursorOffsetY: 0.550000011920929
instSizeCafe: -1
instSizeNx: 632056
sortKey: -34
