aabbMax:
  X: 0.3486349880695343
  Y: 1.555340051651001
  Z: 0.36768099665641785
aabbMin:
  X: -0.3324219882488251
  Y: -0.0009490000084042549
  Z: -0.2527430057525635
boundingForTraverse: 1.5562889575958252
bugMask: 3
cursorOffsetY: 0.3499999940395355
instSizeCafe: 554544
instSizeNx: -1
sortKey: 60
