aabbMax:
  X: 0.28320300579071045
  Y: 0.2836909890174866
  Z: 0.14184600114822388
aabbMin:
  X: -0.28320300579071045
  Y: 0.0
  Z: -0.14184600114822388
boundingForTraverse: 0.2836909890174866
bugMask: 1
cursorOffsetY: 0.5
instSizeCafe: 30328
instSizeNx: 91344
sortKey: 0
