aabbMax:
  X: 0.18420100212097168
  Y: 0.12320999801158905
  Z: 3.213520050048828
aabbMin:
  X: -0.1861409991979599
  Y: -0.12320999801158905
  Z: -0.4991210103034973
boundingForTraverse: 0.2464199960231781
bugMask: 1
cursorOffsetY: 0.5
instSizeCafe: 25880
instSizeNx: -1
sortKey: -1
