aabbMax:
  X: 0.3303129971027374
  Y: 1.7230700254440308
  Z: 0.4041909873485565
aabbMin:
  X: -0.3641490042209625
  Y: -0.0018129999516531825
  Z: -0.21848399937152863
boundingForTraverse: 1.724882960319519
bugMask: 3
cursorOffsetY: 0.30000001192092896
instSizeCafe: 539680
instSizeNx: -1
sortKey: -5
traverseDist: 200.0
