aabbMax:
  X: 0.31477901339530945
  Y: 0.698498010635376
  Z: 0.3679879903793335
aabbMin:
  X: -0.2129250019788742
  Y: -0.0005310000269673765
  Z: -0.23142699897289276
boundingForTraverse: 0.6990290284156799
bugMask: 3
cursorOffsetY: 0.3499999940395355
instSizeCafe: 503596
instSizeNx: -1
sortKey: 54
