aabbMax:
  X: 0.3589000105857849
  Y: 1.7989399433135986
  Z: 0.6834350228309631
aabbMin:
  X: -0.543071985244751
  Y: -0.00035700001171790063
  Z: -0.21848399937152863
boundingForTraverse: 1.7992960214614868
bugMask: 3
cursorOffsetY: 0.30000001192092896
instSizeCafe: 560428
instSizeNx: 996600
sortKey: -6
traverseDist: 200.0
