aabbMax:
  X: 0.5384430289268494
  Y: 3.0634100437164307
  Z: 0.46330299973487854
aabbMin:
  X: -0.5332679748535156
  Y: -0.0024949999060481787
  Z: -0.679889976978302
boundingForTraverse: 3.0659050941467285
bugMask: 3
cursorOffsetY: 0.5
instSizeCafe: 300472
instSizeNx: -1
sortKey: -8
