aabbMax:
  X: 0.5479509830474854
  Y: 1.4230300188064575
  Z: 0.735522985458374
aabbMin:
  X: -0.5437949895858765
  Y: -0.00292299990542233
  Z: -0.5127000212669373
boundingForTraverse: 1.4259530305862427
bugMask: 3
cursorOffsetY: 0.6000000238418579
instSizeCafe: 364332
instSizeNx: 644344
sortKey: 5
