aabbMax:
  X: 0.3001289963722229
  Y: 2.2198400497436523
  Z: 0.3097969889640808
aabbMin:
  X: -0.29183700680732727
  Y: -7.999999979801942e-06
  Z: -0.1370829939842224
boundingForTraverse: 2.2198479175567627
bugMask: 3
cursorOffsetY: 0.5
instSizeCafe: 319660
instSizeNx: 558328
sortKey: 21
