aabbMax:
  X: 0.31110700964927673
  Y: 1.3606499433517456
  Z: 0.23226000368595123
aabbMin:
  X: -0.2906230092048645
  Y: -0.0002840000088326633
  Z: -0.41093701124191284
boundingForTraverse: 1.3609340190887451
bugMask: 3
cursorOffsetY: 0.3499999940395355
instSizeCafe: -1
instSizeNx: 849144
sortKey: 44
