aabbMax:
  X: 0.44306498765945435
  Y: 1.7989399433135986
  Z: 0.6834350228309631
aabbMin:
  X: -0.543071985244751
  Y: -0.00035700001171790063
  Z: -0.21848399937152863
boundingForTraverse: 1.7992960214614868
bugMask: 3
cursorOffsetY: 0.30000001192092896
instSizeCafe: 581164
instSizeNx: 1049848
sortKey: 0
traverseDist: 200.0
