aabbMax:
  X: 1.7114499807357788
  Y: 3.6818699836730957
  Z: 2.1306400299072266
aabbMin:
  X: -1.1613399982452393
  Y: -0.0021120000164955854
  Z: -1.3449900150299072
boundingForTraverse: 3.6839818954467773
bugMask: 3
cursorOffsetY: 0.699999988079071
instSizeCafe: 397328
instSizeNx: -1
sortKey: 3
