aabbMax:
  X: 0.45906299352645874
  Y: 2.423099994659424
  Z: 0.3974519968032837
aabbMin:
  X: -0.5308550000190735
  Y: -0.004933999851346016
  Z: -0.41308799386024475
boundingForTraverse: 2.4280340671539307
bugMask: 3
cursorOffsetY: 0.550000011920929
instSizeCafe: 379504
instSizeNx: -1
sortKey: -34
