aabbMax:
  X: 0.021921999752521515
  Y: 0.14965499937534332
  Z: 0.6901010274887085
aabbMin:
  X: -0.19408400356769562
  Y: -0.08564899861812592
  Z: -0.2624340057373047
boundingForTraverse: 0.23530399799346924
bugMask: 3
cursorOffsetY: 0.5
instSizeCafe: 35440
instSizeNx: -1
sortKey: -1
