aabbMax:
  X: 0.3601900041103363
  Y: 1.9625300168991089
  Z: 0.21991300582885742
aabbMin:
  X: -0.3749130070209503
  Y: -0.00032500000088475645
  Z: -0.3501029908657074
boundingForTraverse: 1.9628549814224243
bugMask: 3
cursorOffsetY: 0.30000001192092896
instSizeCafe: -1
instSizeNx: 566520
sortKey: -15
traverseDist: 500.0
