aabbMax:
  X: 0.03584999963641167
  Y: 0.09974700212478638
  Z: 0.09303499758243561
aabbMin:
  X: -0.25021401047706604
  Y: -0.1207830011844635
  Z: -0.13466399908065796
boundingForTraverse: 0.22053000330924988
bugMask: 1
cursorOffsetY: 0.5
instSizeCafe: 25736
instSizeNx: 85880
sortKey: 140
