aabbMax:
  X: 0.2846809923648834
  Y: 1.2706199884414673
  Z: 0.21909500658512115
aabbMin:
  X: -0.3372099995613098
  Y: -0.0006559999892488122
  Z: -0.27789199352264404
boundingForTraverse: 1.2712759971618652
bugMask: 3
cursorOffsetY: 0.5
instSizeCafe: -1
instSizeNx: 694280
sortKey: -48
