aabbMax:
  X: 0.3076390027999878
  Y: 1.7994199991226196
  Z: 0.5796689987182617
aabbMin:
  X: -0.2336139976978302
  Y: 0.0001849999971454963
  Z: -0.5456420183181763
boundingForTraverse: 1.7992349863052368
bugMask: 3
cursorOffsetY: 0.5
instSizeCafe: -1
instSizeNx: 619768
sortKey: -6
