aabbMax:
  X: 0.5133410096168518
  Y: 1.681339979171753
  Z: 0.4916290044784546
aabbMin:
  X: -0.5070800185203552
  Y: -0.005807000212371349
  Z: -0.5188080072402954
boundingForTraverse: 1.6871470212936401
bugMask: 3
cursorOffsetY: 0.5
instSizeCafe: 294148
instSizeNx: -1
sortKey: 0
