aabbMax:
  X: 3.695509910583496
  Y: 0.31577199697494507
  Z: 94.75250244140625
aabbMin:
  X: -0.14306700229644775
  Y: -8.46576976776123
  Z: 38.48619842529297
boundingForTraverse: 8.78154182434082
bugMask: 1
cursorOffsetY: 0.5
instSizeCafe: 48132
instSizeNx: -1
sortKey: -5
traverseDist: 200.0
