aabbMax:
  X: 0.3542110025882721
  Y: 1.7823599576950073
  Z: 0.6834350228309631
aabbMin:
  X: -0.543071985244751
  Y: -0.00035700001171790063
  Z: -0.21848399937152863
boundingForTraverse: 1.782716989517212
bugMask: 3
cursorOffsetY: 0.30000001192092896
instSizeCafe: 618540
instSizeNx: 1107192
sortKey: 62
