aabbMax:
  X: 0.43346700072288513
  Y: 2.594749927520752
  Z: 0.3226270079612732
aabbMin:
  X: -0.43536901473999023
  Y: -0.005921999923884869
  Z: -0.2172749936580658
boundingForTraverse: 2.6006720066070557
bugMask: 3
cursorOffsetY: 0.44999998807907104
instSizeCafe: 348012
instSizeNx: -1
sortKey: -8
