aabbMax:
  X: 0.2434370070695877
  Y: 0.6877070069313049
  Z: 0.36876899003982544
aabbMin:
  X: -0.2502500116825104
  Y: -0.426800012588501
  Z: -0.28889700770378113
boundingForTraverse: 1.1145069599151611
bugMask: 1
cursorOffsetY: 0.4000000059604645
instSizeCafe: 25684
instSizeNx: -1
lookAtOffsetY: 0.10000000149011612
sortKey: 0
