aabbMax:
  X: 0.3464139997959137
  Y: 1.5202000141143799
  Z: 0.36768099665641785
aabbMin:
  X: -0.3242050111293793
  Y: -0.0026950000319629908
  Z: -0.25274398922920227
boundingForTraverse: 1.5228949785232544
bugMask: 3
cursorOffsetY: 0.3499999940395355
instSizeCafe: -1
instSizeNx: 869704
sortKey: 0
