aabbMax:
  X: 0.49625301361083984
  Y: 2.81466007232666
  Z: 0.340582013130188
aabbMin:
  X: -0.48150599002838135
  Y: -3.9999998989515007e-05
  Z: -0.2557370066642761
boundingForTraverse: 2.8147010803222656
bugMask: 3
cursorOffsetY: 0.4000000059604645
instSizeCafe: -1
instSizeNx: 558328
sortKey: 8
