aabbMax:
  X: 0.2094230055809021
  Y: 1.2332500219345093
  Z: 0.29911500215530396
aabbMin:
  X: -0.23870399594306946
  Y: -0.0005089999758638442
  Z: -0.37900298833847046
boundingForTraverse: 1.2337590456008911
bugMask: 3
cursorOffsetY: 0.3499999940395355
instSizeCafe: 307500
instSizeNx: 513272
sortKey: 42
