aabbMax:
  X: 0.4243429899215698
  Y: 2.236459970474243
  Z: 0.28846099972724915
aabbMin:
  X: -0.41439300775527954
  Y: 3.099999958067201e-05
  Z: -0.24954800307750702
boundingForTraverse: 2.23642897605896
bugMask: 3
cursorOffsetY: 0.30000001192092896
instSizeCafe: 319788
instSizeNx: -1
sortKey: -35
