aabbMax:
  X: 0.39660999178886414
  Y: 0.7216870188713074
  Z: 0.3679879903793335
aabbMin:
  X: -0.21378999948501587
  Y: -0.0025110000278800726
  Z: -0.18434299528598785
boundingForTraverse: 0.7241979837417603
bugMask: 3
cursorOffsetY: 0.3499999940395355
instSizeCafe: 494316
instSizeNx: -1
sortKey: 0
