aabbMax:
  X: 1.728700041770935
  Y: 3.1223599910736084
  Z: 1.0084199905395508
aabbMin:
  X: -1.7197099924087524
  Y: 0.0012570000253617764
  Z: -0.9181910157203674
boundingForTraverse: 3.121103048324585
bugMask: 3
cursorOffsetY: 0.6000000238418579
instSizeCafe: -1
instSizeNx: 595192
sortKey: -12
