aabbMax:
  X: 8.529589653015137
  Y: 11.61400032043457
  Z: 3.352910041809082
aabbMin:
  X: -5.5792999267578125
  Y: -2.9110500812530518
  Z: -5.193419933319092
boundingForTraverse: 14.525050163269043
bugMask: 3
cursorOffsetY: 1.399999976158142
instSizeCafe: 303284
instSizeNx: -1
rigidBodyCenterY: 3.760819911956787
sortKey: -33
