aabbMax:
  X: 0.40481698513031006
  Y: 2.298840045928955
  Z: 0.3564450144767761
aabbMin:
  X: -0.40990298986434937
  Y: -0.010594000108540058
  Z: -0.4855650067329407
boundingForTraverse: 2.309433937072754
bugMask: 3
cursorOffsetY: 0.4000000059604645
instSizeCafe: 371324
instSizeNx: 657432
sortKey: -7
