aabbMax:
  X: 0.3304069936275482
  Y: 1.7777299880981445
  Z: 0.4041909873485565
aabbMin:
  X: -0.377252995967865
  Y: -0.004031000193208456
  Z: -0.24674999713897705
boundingForTraverse: 1.7817610502243042
bugMask: 3
cursorOffsetY: 0.30000001192092896
instSizeCafe: 536876
instSizeNx: 951544
sortKey: -15
