aabbMax:
  X: 0.35981500148773193
  Y: 1.5531100034713745
  Z: 0.7020930051803589
aabbMin:
  X: -0.5041199922561646
  Y: -0.0012410000199452043
  Z: -0.25274398922920227
boundingForTraverse: 1.5543509721755981
bugMask: 3
cursorOffsetY: 0.30000001192092896
instSizeCafe: -1
instSizeNx: 1062136
sortKey: -31
traverseDist: 200.0
