aabbMax:
  X: 5.3748698234558105
  Y: 10.130499839782715
  Z: 5.990769863128662
aabbMin:
  X: -3.5136098861694336
  Y: -12.519499778747559
  Z: -5.900969982147217
boundingForTraverse: 22.649999618530273
bugMask: 3
instSizeCafe: -1
instSizeNx: 447056
sortKey: -6
