aabbMax:
  X: 1.4206500053405762
  Y: 3.173229932785034
  Z: 0.9283440113067627
aabbMin:
  X: -1.4136899709701538
  Y: -0.006876000203192234
  Z: -0.8212080001831055
boundingForTraverse: 3.1801059246063232
bugMask: 3
cursorOffsetY: 0.8999999761581421
instSizeCafe: 352880
instSizeNx: -1
sortKey: 40
