aabbMax:
  X: 0.34546300768852234
  Y: 1.70346999168396
  Z: 0.6834350228309631
aabbMin:
  X: -0.543071985244751
  Y: -0.00035700001171790063
  Z: -0.21848399937152863
boundingForTraverse: 1.7038270235061646
bugMask: 3
cursorOffsetY: 0.30000001192092896
instSizeCafe: 595564
instSizeNx: 1066232
sortKey: -3
traverseDist: 200.0
