aabbMax:
  X: 0.654416024684906
  Y: 2.6157000064849854
  Z: 0.359391987323761
aabbMin:
  X: -0.6924660205841064
  Y: -0.0017960000550374389
  Z: -0.5010679960250854
boundingForTraverse: 2.6174960136413574
bugMask: 3
cursorOffsetY: 0.4000000059604645
instSizeCafe: 327340
instSizeNx: -1
sortKey: 0
