aabbMax:
  X: 0.464383989572525
  Y: 1.677590012550354
  Z: 0.36768099665641785
aabbMin:
  X: -0.3959119915962219
  Y: -0.0022899999748915434
  Z: -0.2628979980945587
boundingForTraverse: 1.6798800230026245
bugMask: 3
cursorOffsetY: 0.3499999940395355
instSizeCafe: -1
instSizeNx: 931064
sortKey: -3
