aabbMax:
  X: 0.3304069936275482
  Y: 1.7627999782562256
  Z: 0.6834350228309631
aabbMin:
  X: -0.543071985244751
  Y: -0.0019759999122470617
  Z: -0.21848399937152863
boundingForTraverse: 1.7647759914398193
bugMask: 3
cursorOffsetY: 0.30000001192092896
instSizeCafe: 603788
instSizeNx: 1082984
sortKey: 3
traverseDist: 200.0
