aabbMax:
  X: 0.28456300497055054
  Y: 1.2703299522399902
  Z: 0.21903200447559357
aabbMin:
  X: -0.3371039927005768
  Y: -0.0005419999943114817
  Z: -0.2778550088405609
boundingForTraverse: 1.2708719968795776
bugMask: 3
cursorOffsetY: 0.5
instSizeCafe: 397004
instSizeNx: -1
sortKey: -48
