aabbMax:
  X: 0.31110700964927673
  Y: 1.360569953918457
  Z: 0.2322620004415512
aabbMin:
  X: -0.290569007396698
  Y: -0.00011700000322889537
  Z: -0.4108029901981354
boundingForTraverse: 1.360687017440796
bugMask: 3
cursorOffsetY: 0.3499999940395355
instSizeCafe: 487856
instSizeNx: -1
sortKey: 44
