aabbMax:
  X: 0.5914459824562073
  Y: 2.3891000747680664
  Z: 0.4011879861354828
aabbMin:
  X: -0.6352559924125671
  Y: -0.0021269998978823423
  Z: -0.293503999710083
boundingForTraverse: 2.3912270069122314
bugMask: 3
cursorOffsetY: 0.800000011920929
instSizeCafe: 199476
instSizeNx: 386352
lookAtOffsetY: 0.20000000298023224
sortKey: -2
