aabbMax:
  X: 0.3000360131263733
  Y: 2.2195301055908203
  Z: 0.3097040057182312
aabbMin:
  X: -0.2917349934577942
  Y: 0.00029399999766610563
  Z: -0.13703300058841705
boundingForTraverse: 2.219235897064209
bugMask: 3
cursorOffsetY: 0.5
instSizeCafe: 320816
instSizeNx: -1
sortKey: 21
