aabbMax:
  X: 0.4768509864807129
  Y: 2.4233999252319336
  Z: 0.38427498936653137
aabbMin:
  X: -0.5127300024032593
  Y: -0.005171999800950289
  Z: -0.2379170060157776
boundingForTraverse: 2.428571939468384
bugMask: 3
cursorOffsetY: 0.550000011920929
instSizeCafe: -1
instSizeNx: 615672
sortKey: -20
