aabbMax:
  X: 0.358938992023468
  Y: 1.5536099672317505
  Z: 0.36768099665641785
aabbMin:
  X: -0.3533639907836914
  Y: -0.002050000010058284
  Z: -0.2527430057525635
boundingForTraverse: 1.5556600093841553
bugMask: 3
cursorOffsetY: 0.3499999940395355
instSizeCafe: 500716
instSizeNx: -1
sortKey: -19
