aabbMax:
  X: 0.3442020118236542
  Y: 1.78711998462677
  Z: 0.6834350228309631
aabbMin:
  X: -0.543071985244751
  Y: -0.00012599999899975955
  Z: -0.23088300228118896
boundingForTraverse: 1.7872459888458252
bugMask: 3
cursorOffsetY: 0.30000001192092896
instSizeCafe: 614176
instSizeNx: -1
sortKey: 4
traverseDist: 200.0
