aabbMax:
  X: 0.467835009098053
  Y: 1.1995999813079834
  Z: 0.5568709969520569
aabbMin:
  X: -0.2900890111923218
  Y: -0.001986999996006489
  Z: -0.17333999276161194
boundingForTraverse: 1.2015869617462158
bugMask: 3
cursorOffsetY: 0.6000000238418579
instSizeCafe: 203492
instSizeNx: -1
sortKey: 0
