aabbMax:
  X: 0.3717850148677826
  Y: 1.7218199968338013
  Z: 0.6834350228309631
aabbMin:
  X: -0.543071985244751
  Y: -0.00013000000035390258
  Z: -0.31093698740005493
boundingForTraverse: 1.7219500541687012
bugMask: 3
cursorOffsetY: 0.30000001192092896
instSizeCafe: 652524
instSizeNx: -1
sortKey: 6
