aabbMax:
  X: 0.3453330099582672
  Y: 1.763659954071045
  Z: 0.6834350228309631
aabbMin:
  X: -0.543071985244751
  Y: -0.0003429999924264848
  Z: -0.21848399937152863
boundingForTraverse: 1.764003038406372
bugMask: 3
cursorOffsetY: 0.30000001192092896
instSizeCafe: 616428
instSizeNx: 1103096
sortKey: -5
