aabbMax:
  X: 0.08453500270843506
  Y: 0.04795699939131737
  Z: 0.23086099326610565
aabbMin:
  X: -0.3146139979362488
  Y: -0.0431549996137619
  Z: -0.13887299597263336
boundingForTraverse: 0.09111200273036957
bugMask: 1
cursorOffsetY: 0.5
instSizeCafe: 76252
instSizeNx: -1
sortKey: 0
