aabbMax:
  X: 1.4206500053405762
  Y: 3.173229932785034
  Z: 2.1846799850463867
aabbMin:
  X: -1.9487500190734863
  Y: -0.4327259957790375
  Z: -0.8212080001831055
boundingForTraverse: 3.6059560775756836
bugMask: 3
cursorOffsetY: 0.8999999761581421
instSizeCafe: 371308
instSizeNx: -1
sortKey: 1
traverseDist: 200.0
