aabbMax:
  X: 0.28072598576545715
  Y: 1.3489999771118164
  Z: 0.23226000368595123
aabbMin:
  X: -0.28154700994491577
  Y: -0.0024770000018179417
  Z: -0.41093701124191284
boundingForTraverse: 1.351477026939392
bugMask: 3
cursorOffsetY: 0.3499999940395355
instSizeCafe: -1
instSizeNx: 845048
sortKey: 0
