aabbMax:
  X: 0.3487760126590729
  Y: 1.5554499626159668
  Z: 0.36768099665641785
aabbMin:
  X: -0.3325510025024414
  Y: -0.0011360000353306532
  Z: -0.25274398922920227
boundingForTraverse: 1.5565860271453857
bugMask: 3
cursorOffsetY: 0.3499999940395355
instSizeCafe: 555308
instSizeNx: 996600
sortKey: -11
