aabbMax:
  X: 0.6546750068664551
  Y: 2.615989923477173
  Z: 0.37994199991226196
aabbMin:
  X: -0.6928060054779053
  Y: -0.0025470000691711903
  Z: -0.5013179779052734
boundingForTraverse: 2.6185359954833984
bugMask: 3
cursorOffsetY: 0.4000000059604645
instSizeCafe: -1
instSizeNx: 546040
sortKey: -9
