aabbMax:
  X: 5.3748698234558105
  Y: 9.696860313415527
  Z: 5.668700218200684
aabbMin:
  X: -3.5012800693511963
  Y: -12.519499778747559
  Z: -8.310020446777344
boundingForTraverse: 22.216360092163086
bugMask: 3
instSizeCafe: -1
instSizeNx: 437352
sortKey: -4
