aabbMax:
  X: 0.3638319969177246
  Y: 1.7794100046157837
  Z: 0.4041909873485565
aabbMin:
  X: -0.39693400263786316
  Y: -0.00035700001171790063
  Z: -0.21848399937152863
boundingForTraverse: 1.7797670364379883
bugMask: 3
cursorOffsetY: 0.30000001192092896
instSizeCafe: -1
instSizeNx: 926968
sortKey: 22
