aabbMax:
  X: 0.5611720085144043
  Y: 2.3439600467681885
  Z: 0.3643040060997009
aabbMin:
  X: -0.5347509980201721
  Y: -0.000999000039882958
  Z: -0.6420869827270508
boundingForTraverse: 2.344959020614624
bugMask: 3
cursorOffsetY: 0.30000001192092896
instSizeCafe: 302188
instSizeNx: 513272
sortKey: -16
