aabbMax:
  X: 1.0904899835586548
  Y: 2.9294700622558594
  Z: 1.3973699808120728
aabbMin:
  X: -1.1109800338745117
  Y: -0.020197000354528427
  Z: -0.8610249757766724
boundingForTraverse: 2.949666976928711
bugMask: 3
cursorOffsetY: 0.5
instSizeCafe: -1
instSizeNx: 347424
rigidBodyCenterY: 0.5
sortKey: -24
