aabbMax:
  X: 0.5266510248184204
  Y: 2.4121201038360596
  Z: 0.30059298872947693
aabbMin:
  X: -0.5635820031166077
  Y: -0.0034459999296814203
  Z: -0.3307560086250305
boundingForTraverse: 2.415566921234131
bugMask: 3
cursorOffsetY: 0.4000000059604645
instSizeCafe: 311148
instSizeNx: 554232
sortKey: -3
