aabbMax:
  X: 0.3713110089302063
  Y: 1.7218999862670898
  Z: 0.4041909873485565
aabbMin:
  X: -0.4184640049934387
  Y: -0.00035700001171790063
  Z: -0.21848399937152863
boundingForTraverse: 1.7222570180892944
bugMask: 3
cursorOffsetY: 0.30000001192092896
instSizeCafe: -1
instSizeNx: 992504
sortKey: 2
