aabbMax:
  X: 0.44504401087760925
  Y: 0.7413589954376221
  Z: 0.3679879903793335
aabbMin:
  X: -0.21864700317382812
  Y: -8.299999899463728e-05
  Z: -0.22524699568748474
boundingForTraverse: 0.7414420247077942
bugMask: 3
cursorOffsetY: 0.3499999940395355
instSizeCafe: -1
instSizeNx: 984312
sortKey: 1
