aabbMax:
  X: 1.728350043296814
  Y: 3.121880054473877
  Z: 1.0082199573516846
aabbMin:
  X: -1.7193599939346313
  Y: 0.0014680000022053719
  Z: -0.9180179834365845
boundingForTraverse: 3.120413064956665
bugMask: 3
cursorOffsetY: 0.6000000238418579
instSizeCafe: 378732
instSizeNx: -1
sortKey: -13
traverseDist: 300.0
