aabbMax:
  X: 0.4335690140724182
  Y: 2.5951600074768066
  Z: 0.3226589858531952
aabbMin:
  X: -0.4354709982872009
  Y: -0.006304000038653612
  Z: -0.21736299991607666
boundingForTraverse: 2.601464033126831
bugMask: 3
cursorOffsetY: 0.44999998807907104
instSizeCafe: -1
instSizeNx: 603384
sortKey: -8
