aabbMax:
  X: 0.467835009098053
  Y: 1.1995999813079834
  Z: 0.5974040031433105
aabbMin:
  X: -0.4076550006866455
  Y: -0.001986999996006489
  Z: -0.17333999276161194
boundingForTraverse: 1.2015869617462158
bugMask: 3
cursorOffsetY: 0.6000000238418579
instSizeCafe: 170868
instSizeNx: -1
sortKey: 0
