aabbMax:
  X: 0.39662501215934753
  Y: 0.7217270135879517
  Z: 0.3679879903793335
aabbMin:
  X: -0.21385499835014343
  Y: -0.002601000014692545
  Z: -0.18434299528598785
boundingForTraverse: 0.7243279814720154
bugMask: 3
cursorOffsetY: 0.3499999940395355
instSizeCafe: 494316
instSizeNx: 877816
sortKey: 0
