aabbMax:
  X: 0.36086800694465637
  Y: 0.7352690100669861
  Z: 0.3679879903793335
aabbMin:
  X: -0.21365299820899963
  Y: -7.899999764049426e-05
  Z: -0.18800699710845947
boundingForTraverse: 0.7353479862213135
bugMask: 3
cursorOffsetY: 0.3499999940395355
instSizeCafe: -1
instSizeNx: 873720
sortKey: -10
