aabbMax:
  X: 0.3303129971027374
  Y: 1.7776299715042114
  Z: 0.4041909873485565
aabbMin:
  X: -0.3771679997444153
  Y: -0.0038109999150037766
  Z: -0.24671900272369385
boundingForTraverse: 1.781440019607544
bugMask: 3
cursorOffsetY: 0.30000001192092896
instSizeCafe: 536876
instSizeNx: -1
sortKey: -15
