aabbMax:
  X: 0.41113901138305664
  Y: 2.570590019226074
  Z: 0.29118600487709045
aabbMin:
  X: -0.4099169969558716
  Y: -0.009128999896347523
  Z: -0.18729600310325623
boundingForTraverse: 2.579719066619873
bugMask: 3
cursorOffsetY: 0.5
instSizeCafe: -1
instSizeNx: 599288
sortKey: -8
