aabbMax:
  X: 0.4624190032482147
  Y: 1.4924700260162354
  Z: 0.23226000368595123
aabbMin:
  X: -0.39184799790382385
  Y: -6.399999983841553e-05
  Z: -0.41093701124191284
boundingForTraverse: 1.4925340414047241
bugMask: 3
cursorOffsetY: 0.3499999940395355
instSizeCafe: -1
instSizeNx: 943352
sortKey: -5
