aabbMax:
  X: 8.532790184020996
  Y: 11.615799903869629
  Z: 3.3534998893737793
aabbMin:
  X: -5.5797600746154785
  Y: -2.9136099815368652
  Z: -5.195240020751953
boundingForTraverse: 14.529409408569336
bugMask: 3
cursorOffsetY: 1.399999976158142
instSizeCafe: -1
instSizeNx: 477008
rigidBodyCenterY: 3.760819911956787
sortKey: -33
