aabbMax:
  X: 0.47966399788856506
  Y: 2.108570098876953
  Z: 0.534483015537262
aabbMin:
  X: -0.4271929860115051
  Y: -0.0003480000013951212
  Z: -0.23006600141525269
boundingForTraverse: 2.1089179515838623
bugMask: 3
cursorOffsetY: 0.4000000059604645
instSizeCafe: -1
instSizeNx: 588144
sortKey: 2
