aabbMax:
  X: 0.3717850148677826
  Y: 1.7218999862670898
  Z: 0.6834350228309631
aabbMin:
  X: -0.543071985244751
  Y: -0.00035700001171790063
  Z: -0.31093698740005493
boundingForTraverse: 1.7222570180892944
bugMask: 3
cursorOffsetY: 0.30000001192092896
instSizeCafe: -1
instSizeNx: 1205496
sortKey: 2
