aabbMax:
  X: 0.2903349995613098
  Y: 1.1995999813079834
  Z: 0.5939159989356995
aabbMin:
  X: -0.2900890111923218
  Y: -0.001986999996006489
  Z: -0.17333999276161194
boundingForTraverse: 1.2015869617462158
bugMask: 3
cursorOffsetY: 0.6000000238418579
instSizeCafe: 127312
instSizeNx: -1
sortKey: -9
