aabbMax:
  X: 1.8373600244522095
  Y: 3.3421599864959717
  Z: 1.9227700233459473
aabbMin:
  X: -1.707200050354004
  Y: -0.004207000136375427
  Z: -1.2856899499893188
boundingForTraverse: 3.3463668823242188
bugMask: 3
cursorOffsetY: 0.30000001192092896
instSizeCafe: 324460
instSizeNx: 546040
sortKey: -17
