aabbMax:
  X: 0.015654999762773514
  Y: 0.01742199994623661
  Z: 0.1796869933605194
aabbMin:
  X: -0.01931300014257431
  Y: -0.01742199994623661
  Z: -0.127687007188797
boundingForTraverse: 0.03484499827027321
bugMask: 1
cursorOffsetY: 0.5
instSizeCafe: -1
instSizeNx: 84976
sortKey: 0
