aabbMax:
  X: 0.30164000391960144
  Y: 0.7108420133590698
  Z: 0.3679879903793335
aabbMin:
  X: -0.21785800158977509
  Y: -0.0010029999539256096
  Z: -0.18434299528598785
boundingForTraverse: 0.7118449807167053
bugMask: 3
cursorOffsetY: 0.3499999940395355
instSizeCafe: 504560
instSizeNx: -1
sortKey: 26
