aabbMax:
  X: 0.2247229963541031
  Y: 1.2276699542999268
  Z: 0.2884710133075714
aabbMin:
  X: -0.2808859944343567
  Y: -0.0005089999758638442
  Z: -0.37776800990104675
boundingForTraverse: 1.2281789779663086
bugMask: 3
cursorOffsetY: 0.3499999940395355
instSizeCafe: -1
instSizeNx: 578808
sortKey: 47
