aabbMax:
  X: 0.44306498765945435
  Y: 1.7714099884033203
  Z: 0.4041909873485565
aabbMin:
  X: -0.3858349919319153
  Y: -0.0031500000040978193
  Z: -0.21848399937152863
boundingForTraverse: 1.7745599746704102
bugMask: 3
cursorOffsetY: 0.30000001192092896
instSizeCafe: 556204
instSizeNx: 1004792
sortKey: 1
