aabbMax:
  X: 0.654416024684906
  Y: 2.6156699657440186
  Z: 0.37978801131248474
aabbMin:
  X: -0.6925740242004395
  Y: -0.0023240000009536743
  Z: -0.5010679960250854
boundingForTraverse: 2.617993116378784
bugMask: 3
cursorOffsetY: 0.4000000059604645
instSizeCafe: 331504
instSizeNx: -1
sortKey: -6
