aabbMax:
  X: 0.4321669936180115
  Y: 2.3869400024414062
  Z: 0.3015710115432739
aabbMin:
  X: -0.4334090054035187
  Y: -0.0018029999919235706
  Z: -0.18007899820804596
boundingForTraverse: 2.3887429237365723
bugMask: 3
cursorOffsetY: 0.4000000059604645
instSizeCafe: -1
instSizeNx: 722168
sortKey: 11
