aabbMax:
  X: 0.2093680053949356
  Y: 1.233049988746643
  Z: 0.29904499650001526
aabbMin:
  X: -0.23862500488758087
  Y: -0.0004180000105407089
  Z: -0.37889501452445984
boundingForTraverse: 1.2334680557250977
bugMask: 3
cursorOffsetY: 0.3499999940395355
instSizeCafe: 307500
instSizeNx: -1
sortKey: 42
