aabbMax:
  X: 0.4233129918575287
  Y: 1.3675899505615234
  Z: 0.23226000368595123
aabbMin:
  X: -0.2861559987068176
  Y: -0.0002859999949578196
  Z: -0.41093701124191284
boundingForTraverse: 1.3678760528564453
bugMask: 3
cursorOffsetY: 0.3499999940395355
instSizeCafe: -1
instSizeNx: 1062136
sortKey: 0
