aabbMax:
  X: 0.3563480079174042
  Y: 1.7763700485229492
  Z: 0.6834350228309631
aabbMin:
  X: -0.543071985244751
  Y: -0.00035700001171790063
  Z: -0.21848399937152863
boundingForTraverse: 1.7767269611358643
bugMask: 3
cursorOffsetY: 0.30000001192092896
instSizeCafe: -1
instSizeNx: 1094904
sortKey: 2
traverseDist: 200.0
