aabbMax:
  X: 0.31477901339530945
  Y: 0.7352690100669861
  Z: 0.3679879903793335
aabbMin:
  X: -0.21365299820899963
  Y: -7.899999764049426e-05
  Z: -0.2314320057630539
boundingForTraverse: 0.7353479862213135
bugMask: 3
cursorOffsetY: 0.3499999940395355
instSizeCafe: -1
instSizeNx: 943352
sortKey: -2
