aabbMax:
  X: 0.3473759889602661
  Y: 1.588539958000183
  Z: 0.36768099665641785
aabbMin:
  X: -0.3378399908542633
  Y: -0.002853000070899725
  Z: -0.25274398922920227
boundingForTraverse: 1.591392993927002
bugMask: 3
cursorOffsetY: 0.3499999940395355
instSizeCafe: -1
instSizeNx: 906488
sortKey: 0
