aabbMax:
  X: 0.13240399956703186
  Y: 0.1467290073633194
  Z: 0.5837640166282654
aabbMin:
  X: -0.13240399956703186
  Y: -0.11807899922132492
  Z: -1.250830054283142
boundingForTraverse: 0.2648079991340637
bugMask: 3
cursorOffsetY: 0.5
instSizeCafe: 27320
instSizeNx: -1
sortKey: -1
