aabbMax:
  X: 0.2903690040111542
  Y: 1.199779987335205
  Z: 0.5940210223197937
aabbMin:
  X: -0.29012298583984375
  Y: -0.0020200000144541264
  Z: -0.17336900532245636
boundingForTraverse: 1.201799988746643
bugMask: 3
cursorOffsetY: 0.6000000238418579
instSizeCafe: -1
instSizeNx: 361776
sortKey: 0
