aabbMax:
  X: 0.5871269702911377
  Y: 2.638659954071045
  Z: 0.4004549980163574
aabbMin:
  X: -0.6687290072441101
  Y: -0.006173000205308199
  Z: -0.7503250241279602
boundingForTraverse: 2.6448330879211426
bugMask: 3
cursorOffsetY: 0.4000000059604645
instSizeCafe: 308276
instSizeNx: -1
sortKey: -12
