aabbMax:
  X: 0.5632550120353699
  Y: 2.3649001121520996
  Z: 0.35642799735069275
aabbMin:
  X: -0.5430759787559509
  Y: -0.005520000122487545
  Z: -0.6420869827270508
boundingForTraverse: 2.370419979095459
bugMask: 3
cursorOffsetY: 0.4000000059604645
instSizeCafe: -1
instSizeNx: 484600
sortKey: -1
