aabbMax:
  X: 0.3228040039539337
  Y: 0.6935589909553528
  Z: 0.3679879903793335
aabbMin:
  X: -0.21309299767017365
  Y: -0.001348000019788742
  Z: -0.18434299528598785
boundingForTraverse: 0.694907009601593
bugMask: 3
cursorOffsetY: 0.3499999940395355
instSizeCafe: 490796
instSizeNx: -1
sortKey: -15
