aabbMax:
  X: 1.4209400415420532
  Y: 3.173769950866699
  Z: 0.9284999966621399
aabbMin:
  X: -1.4139699935913086
  Y: -0.007062000222504139
  Z: -0.8213279843330383
boundingForTraverse: 3.1808319091796875
bugMask: 3
cursorOffsetY: 0.8999999761581421
instSizeCafe: 350572
instSizeNx: 619768
sortKey: -4
