aabbMax:
  X: 0.2284500002861023
  Y: 1.2157700061798096
  Z: 0.2642819881439209
aabbMin:
  X: -0.2350129932165146
  Y: -0.00292299990542233
  Z: -0.420646995306015
boundingForTraverse: 1.2186930179595947
bugMask: 3
cursorOffsetY: 0.30000001192092896
instSizeCafe: 282540
instSizeNx: 464120
sortKey: -14
