aabbMax:
  X: 0.467835009098053
  Y: 1.1995999813079834
  Z: 0.5450670123100281
aabbMin:
  X: -0.4076550006866455
  Y: -0.001986999996006489
  Z: -0.17702999711036682
boundingForTraverse: 1.2015869617462158
bugMask: 3
cursorOffsetY: 0.6000000238418579
instSizeCafe: 220212
instSizeNx: -1
sortKey: 0
