aabbMax:
  X: 0.027264999225735664
  Y: 0.028505999594926834
  Z: 0.28091299533843994
aabbMin:
  X: -0.02798300050199032
  Y: -0.03219199925661087
  Z: -0.1956849992275238
boundingForTraverse: 0.060697998851537704
bugMask: 1
cursorOffsetY: 0.5
instSizeCafe: 36692
instSizeNx: -1
sortKey: 0
