aabbMax:
  X: 0.10115200281143188
  Y: 0.0686430037021637
  Z: 0.06593099981546402
aabbMin:
  X: -0.12345100194215775
  Y: -0.06958000361919403
  Z: -0.0845469981431961
boundingForTraverse: 0.13822300732135773
bugMask: 1
cursorOffsetY: 0.5
instSizeCafe: -1
instSizeNx: 84976
sortKey: 0
