aabbMax:
  X: 0.3566240072250366
  Y: 1.537950038909912
  Z: 0.36768099665641785
aabbMin:
  X: -0.3400369882583618
  Y: -8.900000102585182e-05
  Z: -0.25274398922920227
boundingForTraverse: 1.538038969039917
bugMask: 3
cursorOffsetY: 0.3499999940395355
instSizeCafe: -1
instSizeNx: 931064
sortKey: -12
