aabbMax:
  X: 0.4320659935474396
  Y: 2.386660099029541
  Z: 0.5045980215072632
aabbMin:
  X: -0.4333080053329468
  Y: -0.0014230000087991357
  Z: -0.17998799681663513
boundingForTraverse: 2.388082981109619
bugMask: 3
cursorOffsetY: 0.4000000059604645
instSizeCafe: 391580
instSizeNx: -1
sortKey: -6
