aabbMax:
  X: 0.36802199482917786
  Y: 1.5832799673080444
  Z: 0.7020930051803589
aabbMin:
  X: -0.5041199922561646
  Y: -0.006496999878436327
  Z: -0.2728149890899658
boundingForTraverse: 1.5897769927978516
bugMask: 3
cursorOffsetY: 0.30000001192092896
instSizeCafe: -1
instSizeNx: 1025272
sortKey: -1
