aabbMax:
  X: 0.3304069936275482
  Y: 1.7627999782562256
  Z: 0.4041909873485565
aabbMin:
  X: -0.43607598543167114
  Y: -0.0019759999122470617
  Z: -0.21848399937152863
boundingForTraverse: 1.7647759914398193
bugMask: 3
cursorOffsetY: 0.30000001192092896
instSizeCafe: 512300
instSizeNx: 886008
sortKey: 0
