aabbMax:
  X: 0.4457400143146515
  Y: 2.386199951171875
  Z: 0.2627060115337372
aabbMin:
  X: -0.48578500747680664
  Y: -0.002867999952286482
  Z: -0.5476139783859253
boundingForTraverse: 2.3890678882598877
bugMask: 3
cursorOffsetY: 0.3499999940395355
instSizeCafe: 344944
instSizeNx: -1
sortKey: 41
