aabbMax:
  X: 0.3075670003890991
  Y: 1.7991700172424316
  Z: 0.5795379877090454
aabbMin:
  X: -0.23354299366474152
  Y: 0.00036700000055134296
  Z: -0.5454130172729492
boundingForTraverse: 1.7988029718399048
bugMask: 3
cursorOffsetY: 0.5
instSizeCafe: 364464
instSizeNx: -1
sortKey: -6
