aabbMax:
  X: 0.31940099596977234
  Y: 0.31940099596977234
  Z: 1.0813699960708618
aabbMin:
  X: -0.31940099596977234
  Y: -0.31940099596977234
  Z: -0.2738319933414459
boundingForTraverse: 0.6388019919395447
bugMask: 1
cursorOffsetY: 0.5
instSizeCafe: 26328
instSizeNx: -1
sortKey: -1
