aabbMax:
  X: 0.3590860068798065
  Y: 1.5537199974060059
  Z: 0.36768099665641785
aabbMin:
  X: -0.35350099205970764
  Y: -0.0021929999347776175
  Z: -0.25274398922920227
boundingForTraverse: 1.555912971496582
bugMask: 3
cursorOffsetY: 0.3499999940395355
instSizeCafe: 498668
instSizeNx: 861432
sortKey: 24
