aabbMax:
  X: 0.4613099992275238
  Y: 2.300729990005493
  Z: 0.3955000042915344
aabbMin:
  X: -0.4993570148944855
  Y: 0.00041599999531172216
  Z: -0.7052270174026489
boundingForTraverse: 2.300313949584961
bugMask: 3
cursorOffsetY: 0.6000000238418579
instSizeCafe: -1
instSizeNx: 660728
sortKey: 7
