aabbMax:
  X: 0.35961800813674927
  Y: 1.7908899784088135
  Z: 0.4041909873485565
aabbMin:
  X: -0.38975200057029724
  Y: -0.0014900000533089042
  Z: -0.21848399937152863
boundingForTraverse: 1.7923799753189087
bugMask: 3
cursorOffsetY: 0.30000001192092896
instSizeCafe: 550236
instSizeNx: -1
sortKey: -2
