aabbMax:
  X: 0.34710100293159485
  Y: 1.7736799716949463
  Z: 0.6834350228309631
aabbMin:
  X: -0.543071985244751
  Y: -0.00013000000035390258
  Z: -0.21848399937152863
boundingForTraverse: 1.7738100290298462
bugMask: 3
cursorOffsetY: 0.30000001192092896
instSizeCafe: 634316
instSizeNx: -1
sortKey: 1
traverseDist: 200.0
