aabbMax:
  X: 0.35966598987579346
  Y: 1.5530099868774414
  Z: 0.7020940184593201
aabbMin:
  X: -0.5041199922561646
  Y: -0.001053999993018806
  Z: -0.2527430057525635
boundingForTraverse: 1.5540640354156494
bugMask: 3
cursorOffsetY: 0.30000001192092896
instSizeCafe: 574896
instSizeNx: -1
sortKey: 3
traverseDist: 200.0
