aabbMax:
  X: 0.3597260117530823
  Y: 1.7910000085830688
  Z: 0.4041909873485565
aabbMin:
  X: -0.3898400068283081
  Y: -0.0017099999822676182
  Z: -0.21848399937152863
boundingForTraverse: 1.7927099466323853
bugMask: 3
cursorOffsetY: 0.30000001192092896
instSizeCafe: 550236
instSizeNx: 984600
sortKey: -2
