aabbMax:
  X: 0.5873219966888428
  Y: 2.6389999389648438
  Z: 0.40052101016044617
aabbMin:
  X: -0.6689199805259705
  Y: -0.006291999947279692
  Z: -0.7503669857978821
boundingForTraverse: 2.645292043685913
bugMask: 3
cursorOffsetY: 0.4000000059604645
instSizeCafe: -1
instSizeNx: 521520
sortKey: -12
