aabbMax:
  X: 0.3590860068798065
  Y: 1.5537199974060059
  Z: 0.7020930051803589
aabbMin:
  X: -0.5041199922561646
  Y: -0.0021929999347776175
  Z: -0.25274398922920227
boundingForTraverse: 1.555912971496582
bugMask: 3
cursorOffsetY: 0.30000001192092896
instSizeCafe: -1
instSizeNx: 1008888
sortKey: 1
