aabbMax:
  X: 1.7116899490356445
  Y: 3.6824300289154053
  Z: 2.131160020828247
aabbMin:
  X: -1.1614999771118164
  Y: -0.002248999895527959
  Z: -1.3452999591827393
boundingForTraverse: 3.6846790313720703
bugMask: 3
cursorOffsetY: 0.699999988079071
instSizeCafe: -1
instSizeNx: 685592
sortKey: 1
