aabbMax:
  X: 0.3462750017642975
  Y: 1.5066800117492676
  Z: 0.36768099665641785
aabbMin:
  X: -0.3681490123271942
  Y: -0.001756999990902841
  Z: -0.2527430057525635
boundingForTraverse: 1.5084370374679565
bugMask: 3
cursorOffsetY: 0.3499999940395355
instSizeCafe: 514092
instSizeNx: -1
sortKey: 0
