aabbMax:
  X: 0.5912730097770691
  Y: 2.802690029144287
  Z: 0.4094710052013397
aabbMin:
  X: -0.6793410181999207
  Y: -0.0040790000930428505
  Z: -0.7503250241279602
boundingForTraverse: 2.8067688941955566
bugMask: 3
cursorOffsetY: 0.44999998807907104
instSizeCafe: 260088
instSizeNx: -1
sortKey: -18
traverseDist: 2000.0
