aabbMax:
  X: 0.3724749982357025
  Y: 1.710319995880127
  Z: 0.4041909873485565
aabbMin:
  X: -0.4056439995765686
  Y: -0.00013099999341648072
  Z: -0.21848399937152863
boundingForTraverse: 1.7104510068893433
bugMask: 3
cursorOffsetY: 0.30000001192092896
instSizeCafe: 538412
instSizeNx: -1
sortKey: 55
