aabbMax:
  X: 0.4321669936180115
  Y: 2.3869400024414062
  Z: 0.7299839854240417
aabbMin:
  X: -0.5373610258102417
  Y: -0.0018029999919235706
  Z: -0.18007899820804596
boundingForTraverse: 2.3887429237365723
bugMask: 3
cursorOffsetY: 0.4000000059604645
instSizeCafe: 453356
instSizeNx: 828664
sortKey: -6
traverseDist: 200.0
