aabbMax:
  X: 0.4795230031013489
  Y: 2.108299970626831
  Z: 0.5342479944229126
aabbMin:
  X: -0.42704999446868896
  Y: -0.00010399999882793054
  Z: -0.23000399768352509
boundingForTraverse: 2.1084039211273193
bugMask: 3
cursorOffsetY: 0.4000000059604645
instSizeCafe: 334268
instSizeNx: -1
sortKey: 2
