aabbMax:
  X: 0.3564789891242981
  Y: 1.537850022315979
  Z: 0.36768099665641785
aabbMin:
  X: -0.3399040102958679
  Y: 5.400000009103678e-05
  Z: -0.2527430057525635
boundingForTraverse: 1.5377960205078125
bugMask: 3
cursorOffsetY: 0.3499999940395355
instSizeCafe: 533292
instSizeNx: -1
sortKey: 3
