aabbMax:
  X: 0.42638999223709106
  Y: 1.5292199850082397
  Z: 0.36768099665641785
aabbMin:
  X: -0.3260819911956787
  Y: -0.0005310000269673765
  Z: -0.25274398922920227
boundingForTraverse: 1.529750943183899
bugMask: 3
cursorOffsetY: 0.3499999940395355
instSizeCafe: -1
instSizeNx: 996600
sortKey: -5
