aabbMax:
  X: 0.4245159924030304
  Y: 2.236759901046753
  Z: 0.2884880006313324
aabbMin:
  X: -0.41454601287841797
  Y: -0.00012799999967683107
  Z: -0.24957600235939026
boundingForTraverse: 2.2368879318237305
bugMask: 3
cursorOffsetY: 0.4000000059604645
instSizeCafe: -1
instSizeNx: 554232
sortKey: -17
