aabbMax:
  X: 0.36484700441360474
  Y: 1.8130500316619873
  Z: 0.6834350228309631
aabbMin:
  X: -0.543071985244751
  Y: -0.0015259999781847
  Z: -0.21848399937152863
boundingForTraverse: 1.8145760297775269
bugMask: 3
cursorOffsetY: 0.30000001192092896
instSizeCafe: 599324
instSizeNx: -1
sortKey: 2
traverseDist: 200.0
