aabbMax:
  X: 0.5385689735412598
  Y: 3.0639801025390625
  Z: 0.4633939862251282
aabbMin:
  X: -0.5333920121192932
  Y: -0.0029120000544935465
  Z: -0.6802440285682678
boundingForTraverse: 3.06689190864563
bugMask: 3
cursorOffsetY: 0.5
instSizeCafe: 299572
instSizeNx: 521520
sortKey: -8
