aabbMax:
  X: 0.35961800813674927
  Y: 1.7908899784088135
  Z: 0.6834350228309631
aabbMin:
  X: -0.543071985244751
  Y: -0.0014900000533089042
  Z: -0.21848399937152863
boundingForTraverse: 1.7923799753189087
bugMask: 3
cursorOffsetY: 0.30000001192092896
instSizeCafe: 582252
instSizeNx: -1
sortKey: -2
