aabbMax:
  X: 0.03584999963641167
  Y: 0.08545099943876266
  Z: 0.09303499758243561
aabbMin:
  X: -0.23591700196266174
  Y: -0.10648699849843979
  Z: -0.13524800539016724
boundingForTraverse: 0.19193799793720245
bugMask: 1
cursorOffsetY: 0.5
instSizeCafe: 25240
instSizeNx: -1
sortKey: -1
