aabbMax:
  X: 5.372759819030762
  Y: 10.128199577331543
  Z: 5.988709926605225
aabbMin:
  X: -3.512079954147339
  Y: -12.51830005645752
  Z: -5.897250175476074
boundingForTraverse: 22.646499633789062
bugMask: 3
instSizeCafe: 265140
instSizeNx: -1
sortKey: -6
