aabbMax:
  X: 0.6021599769592285
  Y: 2.4820899963378906
  Z: 0.34007298946380615
aabbMin:
  X: -0.6405100226402283
  Y: -0.005483000073581934
  Z: -0.40721601247787476
boundingForTraverse: 2.4875729084014893
bugMask: 3
cursorOffsetY: 0.5
instSizeCafe: 338476
instSizeNx: -1
sortKey: 0
traverseDist: 500.0
