aabbMax:
  X: 0.21955600380897522
  Y: 1.2484999895095825
  Z: 0.28676798939704895
aabbMin:
  X: -0.21050100028514862
  Y: 0.0002840000088326633
  Z: -0.10685700178146362
boundingForTraverse: 1.2482160329818726
bugMask: 3
cursorOffsetY: 0.30000001192092896
instSizeCafe: 334708
instSizeNx: -1
sortKey: -8
