aabbMax:
  X: 0.043327998369932175
  Y: 0.043327998369932175
  Z: 0.15082700550556183
aabbMin:
  X: -0.043327998369932175
  Y: -0.043327998369932175
  Z: -0.39489901065826416
boundingForTraverse: 0.08665499836206436
bugMask: 1
cursorOffsetY: 0.5
instSizeCafe: 25240
instSizeNx: 84976
sortKey: 0
