aabbMax:
  X: 0.3713110089302063
  Y: 1.7218999862670898
  Z: 0.6834350228309631
aabbMin:
  X: -0.543071985244751
  Y: -0.00035700001171790063
  Z: -0.21848399937152863
boundingForTraverse: 1.7222570180892944
bugMask: 3
cursorOffsetY: 0.30000001192092896
instSizeCafe: 641260
instSizeNx: 1185016
sortKey: -1
