aabbMax:
  X: 0.354108989238739
  Y: 1.7822699546813965
  Z: 0.4041909873485565
aabbMin:
  X: -0.3900749981403351
  Y: -0.00013000000035390258
  Z: -0.21848399937152863
boundingForTraverse: 1.7824000120162964
bugMask: 3
cursorOffsetY: 0.30000001192092896
instSizeCafe: 584432
instSizeNx: -1
sortKey: 0
