aabbMax:
  X: 0.3725869953632355
  Y: 1.7104099988937378
  Z: 0.4041909873485565
aabbMin:
  X: -0.40574100613594055
  Y: -0.00035700001171790063
  Z: -0.21848399937152863
boundingForTraverse: 1.7107670307159424
bugMask: 3
cursorOffsetY: 0.30000001192092896
instSizeCafe: 538476
instSizeNx: 931064
sortKey: 55
