aabbMax:
  X: 0.9966809749603271
  Y: 3.178189992904663
  Z: 1.398859977722168
aabbMin:
  X: -0.9987009763717651
  Y: -0.006163000129163265
  Z: -0.9476050138473511
boundingForTraverse: 3.1843531131744385
bugMask: 3
cursorOffsetY: 0.30000001192092896
instSizeCafe: 341996
instSizeNx: -1
lookAtOffsetY: -0.10000000149011612
sortKey: -42
traverseDist: 200.0
