aabbMax:
  X: 0.3542110025882721
  Y: 1.7823599576950073
  Z: 0.4041909873485565
aabbMin:
  X: -0.39016398787498474
  Y: -0.00035700001171790063
  Z: -0.21848399937152863
boundingForTraverse: 1.782716989517212
bugMask: 3
cursorOffsetY: 0.30000001192092896
instSizeCafe: -1
instSizeNx: 1025352
sortKey: -22
