aabbMax:
  X: 0.7303239703178406
  Y: 2.041680097579956
  Z: 0.7199860215187073
aabbMin:
  X: -0.728717029094696
  Y: -0.01644499972462654
  Z: -0.8172479867935181
boundingForTraverse: 2.0581250190734863
bugMask: 3
cursorOffsetY: 0.5
instSizeCafe: -1
instSizeNx: 318544
lookAtOffsetY: 0.15000000596046448
rigidBodyCenterY: 0.75
sortKey: -5
