aabbMax:
  X: 0.7331910133361816
  Y: 1.4303799867630005
  Z: 0.49237799644470215
aabbMin:
  X: -0.7264000177383423
  Y: -0.02379399910569191
  Z: -1.1693099737167358
boundingForTraverse: 1.4541740417480469
bugMask: 3
cursorOffsetY: 0.5
instSizeCafe: 197116
instSizeNx: -1
lookAtOffsetY: 0.15000000596046448
rigidBodyCenterY: 0.75
sortKey: -16
