aabbMax:
  X: 0.31477901339530945
  Y: 0.6985309720039368
  Z: 0.3679879903793335
aabbMin:
  X: -0.21298900246620178
  Y: -0.0006179999909363687
  Z: -0.2314320057630539
boundingForTraverse: 0.6991490125656128
bugMask: 3
cursorOffsetY: 0.3499999940395355
instSizeCafe: 503596
instSizeNx: 898296
sortKey: 54
