aabbMax:
  X: 0.22837799787521362
  Y: 1.2155200242996216
  Z: 0.2642199993133545
aabbMin:
  X: -0.23493100702762604
  Y: -0.0028550000861287117
  Z: -0.4204930067062378
boundingForTraverse: 1.2183749675750732
bugMask: 3
cursorOffsetY: 0.30000001192092896
instSizeCafe: 282540
instSizeNx: -1
sortKey: -14
