aabbMax:
  X: 0.4130589962005615
  Y: 2.5218400955200195
  Z: 0.29118600487709045
aabbMin:
  X: -0.4167709946632385
  Y: -0.0042489999905228615
  Z: -0.29863300919532776
boundingForTraverse: 2.5260889530181885
bugMask: 3
cursorOffsetY: 0.5
instSizeCafe: -1
instSizeNx: 607480
sortKey: -3
