aabbMax:
  X: 0.3228040039539337
  Y: 0.7054309844970703
  Z: 0.3679879903793335
aabbMin:
  X: -0.2126149982213974
  Y: 1.1000000085914508e-05
  Z: -0.18434299528598785
boundingForTraverse: 0.7054200172424316
bugMask: 3
cursorOffsetY: 0.3499999940395355
instSizeCafe: 491244
instSizeNx: -1
sortKey: 0
