aabbMax:
  X: 0.3474990129470825
  Y: 1.5826599597930908
  Z: 0.7020940184593201
aabbMin:
  X: -0.5041199922561646
  Y: -0.00010900000052060932
  Z: -0.2527430057525635
boundingForTraverse: 1.5827690362930298
bugMask: 3
cursorOffsetY: 0.30000001192092896
instSizeCafe: 594028
instSizeNx: -1
sortKey: 3
traverseDist: 200.0
