aabbMax:
  X: 0.3443810045719147
  Y: 1.3489199876785278
  Z: 0.2322620004415512
aabbMin:
  X: -0.28149500489234924
  Y: -0.0023089998867362738
  Z: -0.4108029901981354
boundingForTraverse: 1.351228952407837
bugMask: 3
cursorOffsetY: 0.3499999940395355
instSizeCafe: 506412
instSizeNx: -1
sortKey: 0
