aabbMax:
  X: 0.3304069936275482
  Y: 1.7231500148773193
  Z: 0.4041909873485565
aabbMin:
  X: -0.3642309904098511
  Y: -0.00203300011344254
  Z: -0.21848399937152863
boundingForTraverse: 1.7251830101013184
bugMask: 3
cursorOffsetY: 0.30000001192092896
instSizeCafe: -1
instSizeNx: 959736
sortKey: 0
