aabbMax:
  X: 5.372759819030762
  Y: 9.694709777832031
  Z: 5.665339946746826
aabbMin:
  X: -3.4997498989105225
  Y: -12.51830005645752
  Z: -8.303500175476074
boundingForTraverse: 22.213008880615234
bugMask: 3
instSizeCafe: 258432
instSizeNx: -1
sortKey: -4
