aabbMax:
  X: 0.08487600088119507
  Y: 0.0662200003862381
  Z: 0.36049699783325195
aabbMin:
  X: -0.1459210067987442
  Y: -0.06628499925136566
  Z: -0.6968330144882202
boundingForTraverse: 0.13250400125980377
bugMask: 1
cursorOffsetY: 0.5
instSizeCafe: -1
instSizeNx: 84976
sortKey: 0
