aabbMax:
  X: 0.3562450110912323
  Y: 1.7762800455093384
  Z: 0.6834350228309631
aabbMin:
  X: -0.543071985244751
  Y: -0.00013000000035390258
  Z: -0.21848399937152863
boundingForTraverse: 1.7764099836349487
bugMask: 3
cursorOffsetY: 0.30000001192092896
instSizeCafe: 601836
instSizeNx: -1
sortKey: -2
