aabbMax:
  X: 0.3712039887905121
  Y: 1.7218199968338013
  Z: 0.6834350228309631
aabbMin:
  X: -0.543071985244751
  Y: -0.00013000000035390258
  Z: -0.21848399937152863
boundingForTraverse: 1.7219500541687012
bugMask: 3
cursorOffsetY: 0.30000001192092896
instSizeCafe: 641260
instSizeNx: -1
sortKey: -1
