aabbMax:
  X: 0.6546750068664551
  Y: 2.6160199642181396
  Z: 0.3595379889011383
aabbMin:
  X: -0.6926980018615723
  Y: -0.002019000006839633
  Z: -0.5013179779052734
boundingForTraverse: 2.6180388927459717
bugMask: 3
cursorOffsetY: 0.4000000059604645
instSizeCafe: -1
instSizeNx: 533976
sortKey: -21
