aabbMax:
  X: 1.4209400415420532
  Y: 3.173769950866699
  Z: 2.184959888458252
aabbMin:
  X: -1.9488500356674194
  Y: -0.4329729974269867
  Z: -0.8213279843330383
boundingForTraverse: 3.606743097305298
bugMask: 3
cursorOffsetY: 0.8999999761581421
instSizeCafe: -1
instSizeNx: 611576
sortKey: 66
