aabbMax:
  X: 0.40481698513031006
  Y: 2.298840045928955
  Z: 0.5054299831390381
aabbMin:
  X: -0.40990298986434937
  Y: -0.010594000108540058
  Z: -0.147490993142128
boundingForTraverse: 2.309433937072754
bugMask: 3
cursorOffsetY: 0.4000000059604645
instSizeCafe: -1
instSizeNx: 656712
sortKey: 9
