aabbMax:
  X: 0.4233129918575287
  Y: 1.3675099611282349
  Z: 0.2322620004415512
aabbMin:
  X: -0.2861030101776123
  Y: -0.00011700000322889537
  Z: -0.4108029901981354
boundingForTraverse: 1.3676270246505737
bugMask: 3
cursorOffsetY: 0.3499999940395355
instSizeCafe: 581744
instSizeNx: -1
sortKey: 0
