aabbMax:
  X: 0.32886800169944763
  Y: 0.6985309720039368
  Z: 0.3679879903793335
aabbMin:
  X: -0.21298900246620178
  Y: -0.0006179999909363687
  Z: -0.18434299528598785
boundingForTraverse: 0.6991490125656128
bugMask: 3
cursorOffsetY: 0.3499999940395355
instSizeCafe: -1
instSizeNx: 877816
sortKey: 1
