aabbMax:
  X: 1.8369100093841553
  Y: 3.3418400287628174
  Z: 1.9224499464035034
aabbMin:
  X: -1.7068699598312378
  Y: -0.003992000129073858
  Z: -1.2855700254440308
boundingForTraverse: 3.345832109451294
bugMask: 3
cursorOffsetY: 0.30000001192092896
instSizeCafe: 324460
instSizeNx: -1
sortKey: -17
