aabbMax:
  X: 1.7423499822616577
  Y: 3.495189905166626
  Z: 2.2685999870300293
aabbMin:
  X: -1.6977299451828003
  Y: 0.00014899999951012433
  Z: -1.175029993057251
boundingForTraverse: 3.4950408935546875
bugMask: 3
cursorOffsetY: 0.8999999761581421
instSizeCafe: 353456
instSizeNx: -1
sortKey: 3
