aabbMax:
  X: 0.45111900568008423
  Y: 0.7862889766693115
  Z: 0.3679879903793335
aabbMin:
  X: -0.2623699903488159
  Y: -0.0029329999815672636
  Z: -0.1983020007610321
boundingForTraverse: 0.789222002029419
bugMask: 3
cursorOffsetY: 0.3499999940395355
instSizeCafe: -1
instSizeNx: 898296
sortKey: 10
