aabbMax:
  X: 0.40425699949264526
  Y: 1.7713099718093872
  Z: 0.6834350228309631
aabbMin:
  X: -0.543071985244751
  Y: -0.00014899999951012433
  Z: -0.21848399937152863
boundingForTraverse: 1.7714589834213257
bugMask: 3
cursorOffsetY: 0.30000001192092896
instSizeCafe: 647852
instSizeNx: -1
sortKey: 0
