aabbMax:
  X: -0.004825999960303307
  Y: 0.00419900007545948
  Z: 0.24029900133609772
aabbMin:
  X: -0.08704199641942978
  Y: -0.07801699638366699
  Z: -0.12380000203847885
boundingForTraverse: 0.08221600204706192
bugMask: 1
cursorOffsetY: 0.5
instSizeCafe: -1
instSizeNx: 84976
sortKey: 0
