aabbMax:
  X: 0.7453410029411316
  Y: 2.830620050430298
  Z: 0.7140970230102539
aabbMin:
  X: -0.7428650259971619
  Y: -0.021097000688314438
  Z: -0.7958160042762756
boundingForTraverse: 2.851716995239258
bugMask: 3
cursorOffsetY: 0.75
instSizeCafe: 332148
instSizeNx: -1
sortKey: -16
