aabbMax:
  X: 0.3717850148677826
  Y: 1.7034000158309937
  Z: 0.4041909873485565
aabbMin:
  X: -0.3870899975299835
  Y: -0.00013000000035390258
  Z: -0.31093698740005493
boundingForTraverse: 1.703529953956604
bugMask: 3
cursorOffsetY: 0.30000001192092896
instSizeCafe: 565616
instSizeNx: -1
sortKey: 23
