aabbMax:
  X: 0.2903349995613098
  Y: 1.1995999813079834
  Z: 0.41673600673675537
aabbMin:
  X: -0.2900890111923218
  Y: -0.001986999996006489
  Z: -0.17702999711036682
boundingForTraverse: 1.2015869617462158
bugMask: 3
cursorOffsetY: 0.6000000238418579
instSizeCafe: 189684
instSizeNx: -1
sortKey: 1
