aabbMax:
  X: 0.5914720296859741
  Y: 2.803100109100342
  Z: 0.40953901410102844
aabbMin:
  X: -0.6795380115509033
  Y: -0.0041959998197853565
  Z: -0.7503669857978821
boundingForTraverse: 2.80729603767395
bugMask: 3
cursorOffsetY: 0.44999998807907104
instSizeCafe: -1
instSizeNx: 419120
sortKey: -18
traverseDist: 2000.0
