aabbMax:
  X: 0.22463800013065338
  Y: 1.22747004032135
  Z: 0.2884019911289215
aabbMin:
  X: -0.28078898787498474
  Y: -0.0004180000105407089
  Z: -0.37766098976135254
boundingForTraverse: 1.2278879880905151
bugMask: 3
cursorOffsetY: 0.3499999940395355
instSizeCafe: 336816
instSizeNx: -1
sortKey: 37
