aabbMax:
  X: 0.11706499755382538
  Y: 0.024078000336885452
  Z: 0.08386199921369553
aabbMin:
  X: -0.11706499755382538
  Y: -0.00014000000373926014
  Z: -0.08386199921369553
boundingForTraverse: 0.02421800047159195
bugMask: 1
cursorOffsetY: 0.5
instSizeCafe: 26264
instSizeNx: 84976
sortKey: 0
