aabbMax:
  X: 0.4736509919166565
  Y: 2.3862199783325195
  Z: 0.27676498889923096
aabbMin:
  X: -0.48578500747680664
  Y: -0.002867999952286482
  Z: -0.5476139783859253
boundingForTraverse: 2.3890879154205322
bugMask: 3
cursorOffsetY: 0.3499999940395355
instSizeCafe: 355884
instSizeNx: -1
sortKey: -5
