aabbMax:
  X: 0.41295599937438965
  Y: 2.5214200019836426
  Z: 0.29114601016044617
aabbMin:
  X: -0.4166739881038666
  Y: -0.0038850000128149986
  Z: -0.2985140085220337
boundingForTraverse: 2.5253050327301025
bugMask: 3
cursorOffsetY: 0.5
instSizeCafe: 346992
instSizeNx: -1
sortKey: -3
