aabbMax:
  X: 0.34710100293159485
  Y: 1.7736799716949463
  Z: 0.4041909873485565
aabbMin:
  X: -0.3871389925479889
  Y: -0.00013000000035390258
  Z: -0.21848399937152863
boundingForTraverse: 1.7738100290298462
bugMask: 3
cursorOffsetY: 0.30000001192092896
instSizeCafe: 549232
instSizeNx: -1
sortKey: 84
