aabbMax:
  X: 0.46790000796318054
  Y: 1.199779987335205
  Z: 0.9757949709892273
aabbMin:
  X: -0.29012298583984375
  Y: -0.0020200000144541264
  Z: -0.40207600593566895
boundingForTraverse: 1.201799988746643
bugMask: 3
cursorOffsetY: 0.6000000238418579
instSizeCafe: -1
instSizeNx: 386432
sortKey: 0
