aabbMax:
  X: 0.33031201362609863
  Y: 1.7627099752426147
  Z: 0.4041909873485565
aabbMin:
  X: -0.4359700083732605
  Y: -0.0017559999832883477
  Z: -0.21848399937152863
boundingForTraverse: 1.7644660472869873
bugMask: 3
cursorOffsetY: 0.30000001192092896
instSizeCafe: 512236
instSizeNx: -1
sortKey: 0
