aabbMax:
  X: 0.3525039851665497
  Y: 1.5839099884033203
  Z: 0.7020930051803589
aabbMin:
  X: -0.5041199922561646
  Y: -0.003558000084012747
  Z: -0.25274398922920227
boundingForTraverse: 1.5874680280685425
bugMask: 3
cursorOffsetY: 0.30000001192092896
instSizeCafe: -1
instSizeNx: 1029368
sortKey: 0
