aabbMax:
  X: 0.34723201394081116
  Y: 1.588420033454895
  Z: 0.7020940184593201
aabbMin:
  X: -0.5041199922561646
  Y: -0.00266400002874434
  Z: -0.2527430057525635
boundingForTraverse: 1.5910840034484863
bugMask: 3
cursorOffsetY: 0.30000001192092896
instSizeCafe: 589920
instSizeNx: -1
sortKey: -13
traverseDist: 200.0
