aabbMax:
  X: 0.3600429892539978
  Y: 1.962249994277954
  Z: 0.21983900666236877
aabbMin:
  X: -0.37476998567581177
  Y: -0.00013800000306218863
  Z: -0.34993600845336914
boundingForTraverse: 1.962388038635254
bugMask: 3
cursorOffsetY: 0.30000001192092896
instSizeCafe: 342572
instSizeNx: -1
sortKey: -15
traverseDist: 500.0
