aabbMax:
  X: 0.8000950217247009
  Y: 2.72544002532959
  Z: 0.498555988073349
aabbMin:
  X: -0.8378009796142578
  Y: -0.007590000052005053
  Z: -0.5347949862480164
boundingForTraverse: 2.733030080795288
bugMask: 3
cursorOffsetY: 0.44999998807907104
instSizeCafe: -1
instSizeNx: 578808
sortKey: 15
