aabbMax:
  X: 0.34720200300216675
  Y: 1.7737799882888794
  Z: 0.6834350228309631
aabbMin:
  X: -0.543071985244751
  Y: -0.020488999783992767
  Z: -0.21848399937152863
boundingForTraverse: 1.7942689657211304
bugMask: 3
cursorOffsetY: 0.30000001192092896
instSizeCafe: -1
instSizeNx: 1234168
sortKey: -14
traverseDist: 1000.0
