aabbMax:
  X: 0.4424760043621063
  Y: 2.3050100803375244
  Z: 0.7534059882164001
aabbMin:
  X: -0.4494760036468506
  Y: -0.0014750000555068254
  Z: -0.9536929726600647
boundingForTraverse: 2.3064849376678467
bugMask: 3
cursorOffsetY: 0.5
instSizeCafe: 321712
instSizeNx: -1
sortKey: 52
