aabbMax:
  X: 0.36125099658966064
  Y: 1.7872200012207031
  Z: 0.6834350228309631
aabbMin:
  X: -0.543071985244751
  Y: -0.0003530000103637576
  Z: -0.23092100024223328
boundingForTraverse: 1.787572979927063
bugMask: 3
cursorOffsetY: 0.30000001192092896
instSizeCafe: 604556
instSizeNx: 1082984
sortKey: 1
traverseDist: 200.0
