aabbMax:
  X: 0.5609269738197327
  Y: 2.3435800075531006
  Z: 0.36420899629592896
aabbMin:
  X: -0.5345190167427063
  Y: -0.0008210000232793391
  Z: -0.6420519948005676
boundingForTraverse: 2.3444008827209473
bugMask: 3
cursorOffsetY: 0.30000001192092896
instSizeCafe: 302188
instSizeNx: -1
sortKey: -16
