aabbMax:
  X: 0.3587940037250519
  Y: 1.798840045928955
  Z: 0.6834350228309631
aabbMin:
  X: -0.543071985244751
  Y: -0.00013000000035390258
  Z: -0.21848399937152863
boundingForTraverse: 1.7989699840545654
bugMask: 3
cursorOffsetY: 0.30000001192092896
instSizeCafe: 570864
instSizeNx: -1
sortKey: -4
traverseDist: 200.0
