aabbMax:
  X: 0.44256800413131714
  Y: 2.305269956588745
  Z: 0.7535730004310608
aabbMin:
  X: -0.4495609998703003
  Y: -0.0016830000095069408
  Z: -0.9540820121765137
boundingForTraverse: 2.306952953338623
bugMask: 3
cursorOffsetY: 0.5
instSizeCafe: -1
instSizeNx: 521464
sortKey: 52
