aabbMax:
  X: 0.30164000391960144
  Y: 0.7108749747276306
  Z: 0.3679879903793335
aabbMin:
  X: -0.2179190069437027
  Y: -0.0010900000343099236
  Z: -0.18434299528598785
boundingForTraverse: 0.711965024471283
bugMask: 3
cursorOffsetY: 0.3499999940395355
instSizeCafe: 501676
instSizeNx: 894200
sortKey: 26
