aabbMax:
  X: 0.5134779810905457
  Y: 1.6816600561141968
  Z: 0.4917890131473541
aabbMin:
  X: -0.5071979761123657
  Y: -0.005919999908655882
  Z: -0.5190320014953613
boundingForTraverse: 1.6875799894332886
bugMask: 3
cursorOffsetY: 0.5
instSizeCafe: 294148
instSizeNx: 497816
sortKey: 0
