aabbMax:
  X: 0.3443000018596649
  Y: 1.7872200012207031
  Z: 0.4041909873485565
aabbMin:
  X: -0.3774870038032532
  Y: -0.0003530000103637576
  Z: -0.23092100024223328
boundingForTraverse: 1.787572979927063
bugMask: 3
cursorOffsetY: 0.30000001192092896
instSizeCafe: -1
instSizeNx: 926968
sortKey: 0
