aabbMax:
  X: 1.4209400415420532
  Y: 3.173769950866699
  Z: 0.8461170196533203
aabbMin:
  X: -1.4139699935913086
  Y: -0.007062000222504139
  Z: -0.8213279843330383
boundingForTraverse: 3.1808319091796875
bugMask: 3
cursorOffsetY: 0.8999999761581421
instSizeCafe: 314796
instSizeNx: 529656
sortKey: 39
