aabbMax:
  X: 0.34720200300216675
  Y: 1.7737799882888794
  Z: 0.4041909873485565
aabbMin:
  X: -0.3872329890727997
  Y: -0.00035700001171790063
  Z: -0.21848399937152863
boundingForTraverse: 1.774137020111084
bugMask: 3
cursorOffsetY: 0.30000001192092896
instSizeCafe: 546412
instSizeNx: 972024
sortKey: 84
