aabbMax:
  X: 0.7300829887390137
  Y: 2.041029930114746
  Z: 0.7196230292320251
aabbMin:
  X: -0.7284749746322632
  Y: -0.016412999480962753
  Z: -0.7209460139274597
boundingForTraverse: 2.0574429035186768
bugMask: 3
cursorOffsetY: 0.5
instSizeCafe: 197208
instSizeNx: -1
lookAtOffsetY: 0.15000000596046448
rigidBodyCenterY: 0.75
sortKey: -6
