aabbMax:
  X: 0.3476420044898987
  Y: 1.5827800035476685
  Z: 0.7020930051803589
aabbMin:
  X: -0.5041199922561646
  Y: -0.000295000005280599
  Z: -0.25274398922920227
boundingForTraverse: 1.5830750465393066
bugMask: 3
cursorOffsetY: 0.30000001192092896
instSizeCafe: -1
instSizeNx: 1078888
sortKey: -7
traverseDist: 200.0
