aabbMax:
  X: 0.4110429883003235
  Y: 2.5701498985290527
  Z: 0.29114601016044617
aabbMin:
  X: -0.4098210036754608
  Y: -0.008763999678194523
  Z: -0.18720600008964539
boundingForTraverse: 2.5789129734039307
bugMask: 3
cursorOffsetY: 0.5
instSizeCafe: 347308
instSizeNx: -1
sortKey: -8
