aabbMax:
  X: 0.34723201394081116
  Y: 1.588420033454895
  Z: 0.36768099665641785
aabbMin:
  X: -0.3377099931240082
  Y: -0.00266400002874434
  Z: -0.2527430057525635
boundingForTraverse: 1.5910840034484863
bugMask: 3
cursorOffsetY: 0.3499999940395355
instSizeCafe: 513772
instSizeNx: -1
sortKey: 0
