aabbMax:
  X: 0.8690289855003357
  Y: 3.7413299083709717
  Z: 0.557781994342804
aabbMin:
  X: -0.9097679853439331
  Y: -0.00762399984523654
  Z: -0.8771359920501709
boundingForTraverse: 3.7489540576934814
bugMask: 3
cursorOffsetY: 0.5
instSizeCafe: 380204
instSizeNx: -1
sortKey: -32
