aabbMax:
  X: 0.634680986404419
  Y: 2.376960039138794
  Z: 1.0303399562835693
aabbMin:
  X: -0.6365979909896851
  Y: -0.0009159999899566174
  Z: -1.6783499717712402
boundingForTraverse: 2.377876043319702
bugMask: 3
cursorOffsetY: 0.4000000059604645
instSizeCafe: 325932
instSizeNx: -1
sortKey: -31
