aabbMax:
  X: 0.3228040039539337
  Y: 0.6935909986495972
  Z: 0.3679879903793335
aabbMin:
  X: -0.21315699815750122
  Y: -0.0014489999739453197
  Z: -0.18434299528598785
boundingForTraverse: 0.6950399875640869
bugMask: 3
cursorOffsetY: 0.3499999940395355
instSizeCafe: -1
instSizeNx: 857336
sortKey: -15
