aabbMax:
  X: 0.5630090236663818
  Y: 2.364500045776367
  Z: 0.35638099908828735
aabbMin:
  X: -0.5428379774093628
  Y: -0.00534099992364645
  Z: -0.6420519948005676
boundingForTraverse: 2.3698410987854004
bugMask: 3
cursorOffsetY: 0.4000000059604645
instSizeCafe: 287788
instSizeNx: -1
sortKey: 1
