aabbMax:
  X: 0.7333300113677979
  Y: 1.4306700229644775
  Z: 0.49258801341056824
aabbMin:
  X: -0.7265409827232361
  Y: -0.023823000490665436
  Z: -1.1696200370788574
boundingForTraverse: 1.4544930458068848
bugMask: 3
cursorOffsetY: 0.5
instSizeCafe: -1
instSizeNx: 319264
lookAtOffsetY: 0.15000000596046448
rigidBodyCenterY: 0.75
sortKey: -16
