aabbMax:
  X: 0.32886800169944763
  Y: 0.698498010635376
  Z: 0.3679879903793335
aabbMin:
  X: -0.2129250019788742
  Y: -0.0005310000269673765
  Z: -0.18434299528598785
boundingForTraverse: 0.6990290284156799
bugMask: 3
cursorOffsetY: 0.3499999940395355
instSizeCafe: 495984
instSizeNx: -1
sortKey: 1
