aabbMax:
  X: 5.372759819030762
  Y: 9.067070007324219
  Z: 5.665219783782959
aabbMin:
  X: -3.4910900592803955
  Y: -12.51830005645752
  Z: -3.678950071334839
boundingForTraverse: 21.585369110107422
bugMask: 3
instSizeCafe: 259544
instSizeNx: -1
sortKey: -2
