aabbMax:
  X: 1.0902999639511108
  Y: 2.928950071334839
  Z: 1.3969600200653076
aabbMin:
  X: -1.109910011291504
  Y: -0.02014699950814247
  Z: -0.860289990901947
boundingForTraverse: 2.949096918106079
bugMask: 3
cursorOffsetY: 0.5
instSizeCafe: 185988
instSizeNx: -1
rigidBodyCenterY: 0.5
sortKey: -24
