aabbMax:
  X: 0.6023430228233337
  Y: 2.482409954071045
  Z: 0.3401139974594116
aabbMin:
  X: -0.6406689882278442
  Y: -0.005704999901354313
  Z: -0.40735599398612976
boundingForTraverse: 2.488115072250366
bugMask: 3
cursorOffsetY: 0.5
instSizeCafe: 338476
instSizeNx: 615672
sortKey: 0
traverseDist: 500.0
