aabbMax:
  X: 0.40425699949264526
  Y: 1.7714099884033203
  Z: 0.6834350228309631
aabbMin:
  X: -0.543071985244751
  Y: -0.000375000003259629
  Z: -0.21848399937152863
boundingForTraverse: 1.771785020828247
bugMask: 3
cursorOffsetY: 0.30000001192092896
instSizeCafe: 647596
instSizeNx: 1189112
sortKey: 0
