aabbMax:
  X: 0.4186600148677826
  Y: 1.3254200220108032
  Z: 0.19953499734401703
aabbMin:
  X: -0.42882001399993896
  Y: -0.011983999982476234
  Z: -0.6382799744606018
boundingForTraverse: 1.3374040126800537
bugMask: 3
cursorOffsetY: 0.4000000059604645
instSizeCafe: 294472
instSizeNx: 497744
sortKey: -6
