aabbMax:
  X: 0.34744301438331604
  Y: 1.5442500114440918
  Z: 0.7020930051803589
aabbMin:
  X: -0.5041199922561646
  Y: -0.00018600000475998968
  Z: -0.25274398922920227
boundingForTraverse: 1.544435977935791
bugMask: 3
cursorOffsetY: 0.30000001192092896
instSizeCafe: -1
instSizeNx: 1008888
sortKey: -3
