aabbMax:
  X: 0.799888014793396
  Y: 2.7251200675964355
  Z: 0.4984939992427826
aabbMin:
  X: -0.8376179933547974
  Y: -0.007304999977350235
  Z: -0.5347049832344055
boundingForTraverse: 2.7324249744415283
bugMask: 3
cursorOffsetY: 0.44999998807907104
instSizeCafe: 356524
instSizeNx: -1
sortKey: 17
