aabbMax:
  X: 0.4739600121974945
  Y: 1.9472299814224243
  Z: 0.4041909873485565
aabbMin:
  X: -0.505370020866394
  Y: -0.004534000065177679
  Z: -0.26131099462509155
boundingForTraverse: 1.9517639875411987
bugMask: 3
cursorOffsetY: 0.30000001192092896
instSizeCafe: 533292
instSizeNx: -1
sortKey: 23
