aabbMax:
  X: 0.5531330108642578
  Y: 0.32030200958251953
  Z: 0.2956959903240204
aabbMin:
  X: -0.023421000689268112
  Y: -0.050843000411987305
  Z: -0.4383710026741028
boundingForTraverse: 0.37114500999450684
bugMask: 1
cursorOffsetY: 0.5
instSizeCafe: 25240
instSizeNx: 84976
sortKey: 0
