aabbMax:
  X: 0.3462750017642975
  Y: 1.518399953842163
  Z: 0.36768099665641785
aabbMin:
  X: -0.323186993598938
  Y: -0.002785000018775463
  Z: -0.2527430057525635
boundingForTraverse: 1.521185040473938
bugMask: 3
cursorOffsetY: 0.3499999940395355
instSizeCafe: 529708
instSizeNx: -1
sortKey: 0
