aabbMax:
  X: 0.42105400562286377
  Y: 2.1598000526428223
  Z: 0.31002798676490784
aabbMin:
  X: -0.40155598521232605
  Y: -0.004207999911159277
  Z: -0.37280499935150146
boundingForTraverse: 2.1640079021453857
bugMask: 3
cursorOffsetY: 0.30000001192092896
instSizeCafe: 315164
instSizeNx: 546120
sortKey: 3
