aabbMax:
  X: 0.3638319969177246
  Y: 1.7794100046157837
  Z: 0.6834350228309631
aabbMin:
  X: -0.543071985244751
  Y: -0.00035700001171790063
  Z: -0.21848399937152863
boundingForTraverse: 1.7797670364379883
bugMask: 3
cursorOffsetY: 0.30000001192092896
instSizeCafe: -1
instSizeNx: 1135864
sortKey: -3
