aabbMax:
  X: 0.34641799330711365
  Y: 1.5184999704360962
  Z: 0.36768099665641785
aabbMin:
  X: -0.3233189880847931
  Y: -0.00292899995110929
  Z: -0.25274398922920227
boundingForTraverse: 1.5214289426803589
bugMask: 3
cursorOffsetY: 0.3499999940395355
instSizeCafe: 529708
instSizeNx: 935160
sortKey: 0
