aabbMax:
  X: 0.6348289847373962
  Y: 2.377239942550659
  Z: 1.0305900573730469
aabbMin:
  X: -0.6367449760437012
  Y: -0.0011230000527575612
  Z: -1.6789900064468384
boundingForTraverse: 2.378361940383911
bugMask: 3
cursorOffsetY: 0.4000000059604645
instSizeCafe: 325932
instSizeNx: 537848
sortKey: -31
