aabbMax:
  X: 0.34627100825309753
  Y: 1.5200999975204468
  Z: 0.36768099665641785
aabbMin:
  X: -0.3240729868412018
  Y: -0.0025510000996291637
  Z: -0.2527430057525635
boundingForTraverse: 1.522650957107544
bugMask: 3
cursorOffsetY: 0.3499999940395355
instSizeCafe: 504604
instSizeNx: -1
sortKey: 0
