aabbMax:
  X: 0.5478379726409912
  Y: 1.4227700233459473
  Z: 0.7353910207748413
aabbMin:
  X: -0.5436829924583435
  Y: -0.002858000108972192
  Z: -0.512607991695404
boundingForTraverse: 1.4256279468536377
bugMask: 3
cursorOffsetY: 0.6000000238418579
instSizeCafe: 365872
instSizeNx: -1
sortKey: 5
