aabbMax:
  X: 0.6918280124664307
  Y: 1.477929949760437
  Z: 0.7204399704933167
aabbMin:
  X: -0.7670950293540955
  Y: -0.04627599939703941
  Z: -0.9209259748458862
boundingForTraverse: 1.5242060422897339
bugMask: 3
cursorOffsetY: 0.5
instSizeCafe: 204028
instSizeNx: -1
lookAtOffsetY: 0.15000000596046448
rigidBodyCenterY: 0.75
sortKey: 0
