aabbMax:
  X: 5.3748698234558105
  Y: 9.280509948730469
  Z: 5.668710231781006
aabbMin:
  X: -3.5012800693511963
  Y: -12.519499778747559
  Z: -4.611219882965088
boundingForTraverse: 21.800010681152344
bugMask: 3
instSizeCafe: 262488
instSizeNx: 442304
sortKey: -5
