aabbMax:
  X: 0.43687400221824646
  Y: 1.7426600456237793
  Z: 0.34849199652671814
aabbMin:
  X: -0.2584010064601898
  Y: -0.0063240001909434795
  Z: -0.4575839936733246
boundingForTraverse: 1.7489839792251587
bugMask: 0
cursorOffsetY: 0.5
instSizeCafe: -1
instSizeNx: 107488
rigidBodyCenterY: 0.7531880140304565
sortKey: 0
variationMatAnim: Picture_Pattern
variationMatAnimFrame: 11
