aabbMax:
  X: 0.3678709864616394
  Y: 1.5831700563430786
  Z: 0.7020940184593201
aabbMin:
  X: -0.5041199922561646
  Y: -0.006353999953716993
  Z: -0.2527430057525635
boundingForTraverse: 1.5895240306854248
bugMask: 3
cursorOffsetY: 0.30000001192092896
instSizeCafe: 568496
instSizeNx: -1
sortKey: 0
