aabbMax:
  X: 5.372759819030762
  Y: 9.27847957611084
  Z: 5.665339946746826
aabbMin:
  X: -3.4997498989105225
  Y: -12.51830005645752
  Z: -4.607729911804199
boundingForTraverse: 21.79677963256836
bugMask: 3
instSizeCafe: 262476
instSizeNx: -1
sortKey: -5
