aabbMax:
  X: 0.6920710206031799
  Y: 1.4782899618148804
  Z: 0.720641016960144
aabbMin:
  X: -0.7673439979553223
  Y: -0.04633000120520592
  Z: -0.9212340116500854
boundingForTraverse: 1.5246200561523438
bugMask: 3
cursorOffsetY: 0.5
instSizeCafe: -1
instSizeNx: 326400
lookAtOffsetY: 0.15000000596046448
rigidBodyCenterY: 0.75
sortKey: 0
