aabbMax:
  X: 0.476175993680954
  Y: 2.492959976196289
  Z: 0.29114601016044617
aabbMin:
  X: -0.48995599150657654
  Y: -0.008244999684393406
  Z: -0.7928169965744019
boundingForTraverse: 2.501204013824463
bugMask: 3
cursorOffsetY: 0.5
instSizeCafe: 436092
instSizeNx: -1
sortKey: -19
