aabbMax:
  X: 0.303737998008728
  Y: 1.357509970664978
  Z: 0.23226000368595123
aabbMin:
  X: -0.3042910099029541
  Y: -0.00028199999360367656
  Z: -0.41093701124191284
boundingForTraverse: 1.3577920198440552
bugMask: 3
cursorOffsetY: 0.3499999940395355
instSizeCafe: 508588
instSizeNx: 906488
sortKey: -11
