aabbMax:
  X: 0.39662501215934753
  Y: 0.7054640054702759
  Z: 0.3679879903793335
aabbMin:
  X: -0.21267899870872498
  Y: -7.899999764049426e-05
  Z: -0.18434299528598785
boundingForTraverse: 0.7055429816246033
bugMask: 3
cursorOffsetY: 0.3499999940395355
instSizeCafe: -1
instSizeNx: 881912
sortKey: 11
