aabbMax:
  X: 0.44822001457214355
  Y: 0.741316020488739
  Z: 0.3679879903793335
aabbMin:
  X: -0.2185859978199005
  Y: 7.000000096013537e-06
  Z: -0.22524699568748474
boundingForTraverse: 0.7413089871406555
bugMask: 3
cursorOffsetY: 0.3499999940395355
instSizeCafe: 555696
instSizeNx: -1
sortKey: 4
