aabbMax:
  X: 0.5264880061149597
  Y: 2.411829948425293
  Z: 0.3005560040473938
aabbMin:
  X: -0.5634409785270691
  Y: -0.0032240001019090414
  Z: -0.33064401149749756
boundingForTraverse: 2.4150540828704834
bugMask: 3
cursorOffsetY: 0.4000000059604645
instSizeCafe: 312496
instSizeNx: -1
sortKey: -3
