aabbMax:
  X: 0.3649519979953766
  Y: 1.8131699562072754
  Z: 0.6834350228309631
aabbMin:
  X: -0.543071985244751
  Y: -0.001740999985486269
  Z: -0.21848399937152863
boundingForTraverse: 1.8149110078811646
bugMask: 3
cursorOffsetY: 0.30000001192092896
instSizeCafe: -1
instSizeNx: 1062360
sortKey: 2
traverseDist: 200.0
