aabbMax:
  X: 0.363988995552063
  Y: 1.5779199600219727
  Z: 0.7020930051803589
aabbMin:
  X: -0.5041199922561646
  Y: -0.0024530000519007444
  Z: -0.25274398922920227
boundingForTraverse: 1.5803730487823486
bugMask: 3
cursorOffsetY: 0.30000001192092896
instSizeCafe: 556460
instSizeNx: 976120
sortKey: -1
