aabbMax:
  X: 0.3523559868335724
  Y: 1.5837899446487427
  Z: 0.7020940184593201
aabbMin:
  X: -0.5041199922561646
  Y: -0.0034149999264627695
  Z: -0.2527430057525635
boundingForTraverse: 1.5872050523757935
bugMask: 3
cursorOffsetY: 0.30000001192092896
instSizeCafe: 588444
instSizeNx: -1
sortKey: -16
traverseDist: 200.0
