aabbMax:
  X: 0.40481698513031006
  Y: 2.298840045928955
  Z: 0.7261639833450317
aabbMin:
  X: -0.5378959774971008
  Y: -0.010594000108540058
  Z: -0.14765499532222748
boundingForTraverse: 2.309433937072754
bugMask: 3
cursorOffsetY: 0.4000000059604645
instSizeCafe: -1
instSizeNx: 775416
sortKey: 41
