aabbMax:
  X: 1.603369951248169
  Y: 3.359179973602295
  Z: 1.466189980506897
aabbMin:
  X: -1.6507699489593506
  Y: -0.017457999289035797
  Z: -1.6607199907302856
boundingForTraverse: 3.3766379356384277
bugMask: 3
cursorOffsetY: 0.15000000596046448
instSizeCafe: 315764
instSizeNx: 533808
sortKey: -19
