aabbMax:
  X: 1.56358003616333
  Y: 0.2419459968805313
  Z: 2.498579978942871
aabbMin:
  X: -1.56358003616333
  Y: -0.2419459968805313
  Z: -0.9810469746589661
boundingForTraverse: 0.4838919937610626
bugMask: 3
cursorOffsetY: 0.5
instSizeCafe: 27220
instSizeNx: -1
sortKey: -1
