aabbMax:
  X: 5.3748698234558105
  Y: 9.069000244140625
  Z: 5.668580055236816
aabbMin:
  X: -3.4925999641418457
  Y: -12.519499778747559
  Z: -3.681950092315674
boundingForTraverse: 21.5885009765625
bugMask: 3
instSizeCafe: -1
instSizeNx: 438688
sortKey: -2
