aabbMax:
  X: 0.02413400076329708
  Y: 0.028829000890254974
  Z: 0.07625100016593933
aabbMin:
  X: -0.02413400076329708
  Y: -0.028829000890254974
  Z: -0.11512500047683716
boundingForTraverse: 0.05765800178050995
bugMask: 1
cursorOffsetY: 0.5
instSizeCafe: 29124
instSizeNx: -1
sortKey: 0
