aabbMax:
  X: 0.35966598987579346
  Y: 1.5530099868774414
  Z: 0.36768099665641785
aabbMin:
  X: -0.3374690115451813
  Y: -0.001053999993018806
  Z: -0.2527430057525635
boundingForTraverse: 1.5540640354156494
bugMask: 3
cursorOffsetY: 0.3499999940395355
instSizeCafe: 504364
instSizeNx: -1
sortKey: 0
