aabbMax:
  X: 0.3036780059337616
  Y: 1.3574299812316895
  Z: 0.2322620004415512
aabbMin:
  X: -0.30423200130462646
  Y: -0.00011600000289035961
  Z: -0.4108029901981354
boundingForTraverse: 1.3575459718704224
bugMask: 3
cursorOffsetY: 0.3499999940395355
instSizeCafe: 503148
instSizeNx: -1
sortKey: -14
