aabbMax:
  X: 0.3717850148677826
  Y: 1.70346999168396
  Z: 0.4041909873485565
aabbMin:
  X: -0.3871760070323944
  Y: -0.00035700001171790063
  Z: -0.31093698740005493
boundingForTraverse: 1.7038270235061646
bugMask: 3
cursorOffsetY: 0.30000001192092896
instSizeCafe: 562860
instSizeNx: 1017080
sortKey: 23
