aabbMax:
  X: 0.4047220051288605
  Y: 2.2985498905181885
  Z: 0.7261139750480652
aabbMin:
  X: -0.5378649830818176
  Y: -0.010227999649941921
  Z: -0.1476369947195053
boundingForTraverse: 2.3087780475616455
bugMask: 3
cursorOffsetY: 0.4000000059604645
instSizeCafe: 431020
instSizeNx: -1
sortKey: 2
traverseDist: 200.0
