aabbMax:
  X: 0.3678709864616394
  Y: 1.5831700563430786
  Z: 0.36768099665641785
aabbMin:
  X: -0.35568898916244507
  Y: -0.006353999953716993
  Z: -0.2527430057525635
boundingForTraverse: 1.5895240306854248
bugMask: 3
cursorOffsetY: 0.3499999940395355
instSizeCafe: 490352
instSizeNx: -1
sortKey: 0
