aabbMax:
  X: 0.49614301323890686
  Y: 2.8143699169158936
  Z: 0.34056800603866577
aabbMin:
  X: -0.4814249873161316
  Y: 0.0001250000059371814
  Z: -0.25558799505233765
boundingForTraverse: 2.8142449855804443
bugMask: 3
cursorOffsetY: 0.4000000059604645
instSizeCafe: 326320
instSizeNx: -1
sortKey: 8
