aabbMax:
  X: 0.467835009098053
  Y: 1.1995999813079834
  Z: 0.9756209850311279
aabbMin:
  X: -0.2900890111923218
  Y: -0.001986999996006489
  Z: -0.4020000100135803
boundingForTraverse: 1.2015869617462158
bugMask: 3
cursorOffsetY: 0.6000000238418579
instSizeCafe: 203184
instSizeNx: -1
sortKey: 0
