aabbMax:
  X: 0.40425699949264526
  Y: 1.7714099884033203
  Z: 0.4041909873485565
aabbMin:
  X: -0.3959519863128662
  Y: -0.000375000003259629
  Z: -0.21848399937152863
boundingForTraverse: 1.771785020828247
bugMask: 3
cursorOffsetY: 0.30000001192092896
instSizeCafe: 563244
instSizeNx: 1012984
sortKey: -3
