aabbMax:
  X: 0.4360710084438324
  Y: 2.4693899154663086
  Z: 0.31988000869750977
aabbMin:
  X: -0.4229489862918854
  Y: -0.008709999732673168
  Z: -0.2542150020599365
boundingForTraverse: 2.478100061416626
bugMask: 3
cursorOffsetY: 0.4000000059604645
instSizeCafe: 355916
instSizeNx: 607912
sortKey: -8
