aabbMax:
  X: 1.7427799701690674
  Y: 3.495529890060425
  Z: 2.2690000534057617
aabbMin:
  X: -1.6980799436569214
  Y: -6.0999998822808266e-05
  Z: -1.1751600503921509
boundingForTraverse: 3.495590925216675
bugMask: 3
cursorOffsetY: 0.8999999761581421
instSizeCafe: -1
instSizeNx: 623864
sortKey: 3
