aabbMax:
  X: 0.4383789896965027
  Y: 1.7714099884033203
  Z: 0.6834350228309631
aabbMin:
  X: -0.543071985244751
  Y: -0.0031500000040978193
  Z: -0.2439579963684082
boundingForTraverse: 1.7745599746704102
bugMask: 3
cursorOffsetY: 0.30000001192092896
instSizeCafe: -1
instSizeNx: 1021176
sortKey: 11
