aabbMax:
  X: 0.464383989572525
  Y: 1.677459955215454
  Z: 0.36768099665641785
aabbMin:
  X: -0.3957599997520447
  Y: -0.0021009999327361584
  Z: -0.2628979980945587
boundingForTraverse: 1.6795610189437866
bugMask: 3
cursorOffsetY: 0.3499999940395355
instSizeCafe: 525996
instSizeNx: -1
sortKey: 20
traverseDist: 500.0
