aabbMax:
  X: 3.6955199241638184
  Y: 0.31581100821495056
  Z: 94.75250244140625
aabbMin:
  X: -0.14311100542545319
  Y: -8.465780258178711
  Z: 38.48609924316406
boundingForTraverse: 8.781591415405273
bugMask: 1
cursorOffsetY: 0.5
instSizeCafe: -1
instSizeNx: 128696
sortKey: -5
traverseDist: 200.0
