aabbMax:
  X: 0.35981500148773193
  Y: 1.5531100034713745
  Z: 0.36768099665641785
aabbMin:
  X: -0.3376089930534363
  Y: -0.0012410000199452043
  Z: -0.25274398922920227
boundingForTraverse: 1.5543509721755981
bugMask: 3
cursorOffsetY: 0.3499999940395355
instSizeCafe: 504364
instSizeNx: 869624
sortKey: 0
