aabbMax:
  X: 0.4459260106086731
  Y: 2.3865699768066406
  Z: 0.262719988822937
aabbMin:
  X: -0.48599299788475037
  Y: -0.003043999895453453
  Z: -0.5478690266609192
boundingForTraverse: 2.389612913131714
bugMask: 3
cursorOffsetY: 0.3499999940395355
instSizeCafe: -1
instSizeNx: 574712
sortKey: 21
