aabbMax:
  X: 0.45111900568008423
  Y: 0.7862309813499451
  Z: 0.3679879903793335
aabbMin:
  X: -0.2622950077056885
  Y: -0.0028299998957663774
  Z: -0.1983020007610321
boundingForTraverse: 0.7890610098838806
bugMask: 3
cursorOffsetY: 0.3499999940395355
instSizeCafe: 501100
instSizeNx: -1
sortKey: 10
