aabbMax:
  X: 0.8693490028381348
  Y: 3.741879940032959
  Z: 0.5579109787940979
aabbMin:
  X: -0.9100499749183655
  Y: -0.007930000312626362
  Z: -0.8775950074195862
boundingForTraverse: 3.749809980392456
bugMask: 3
cursorOffsetY: 0.5
instSizeCafe: 380204
instSizeNx: 623864
sortKey: -32
