aabbMax:
  X: 0.47672298550605774
  Y: 2.423069953918457
  Z: 0.38422900438308716
aabbMin:
  X: -0.512615978717804
  Y: -0.00494399992749095
  Z: -0.23783600330352783
boundingForTraverse: 2.428014039993286
bugMask: 3
cursorOffsetY: 0.550000011920929
instSizeCafe: 367088
instSizeNx: -1
sortKey: -20
