aabbMax:
  X: 2.449700117111206
  Y: 5.9031901359558105
  Z: 1.7338800430297852
aabbMin:
  X: -1.715880036354065
  Y: -0.011063000187277794
  Z: -1.647670030593872
boundingForTraverse: 5.914253234863281
bugMask: 3
cursorOffsetY: 1.7999999523162842
instSizeCafe: -1
instSizeNx: 402736
lookAtOffsetY: 0.20000000298023224
sortKey: -1
