aabbMax:
  X: 0.34744301438331604
  Y: 1.5438200235366821
  Z: 0.36768099665641785
aabbMin:
  X: -0.3395540118217468
  Y: -0.00018600000475998968
  Z: -0.25274398922920227
boundingForTraverse: 1.5440059900283813
bugMask: 3
cursorOffsetY: 0.3499999940395355
instSizeCafe: 517276
instSizeNx: 914904
sortKey: 1
traverseDist: 200.0
