aabbMax:
  X: 0.34730198979377747
  Y: 1.543720006942749
  Z: 0.36768099665641785
aabbMin:
  X: -0.33942198753356934
  Y: 0.0
  Z: -0.2527430057525635
boundingForTraverse: 1.543720006942749
bugMask: 3
cursorOffsetY: 0.3499999940395355
instSizeCafe: 502700
instSizeNx: -1
sortKey: 9
