aabbMax:
  X: 2.4490599632263184
  Y: 5.902160167694092
  Z: 1.7333500385284424
aabbMin:
  X: -1.7156100273132324
  Y: -0.01092700008302927
  Z: -1.6471199989318848
boundingForTraverse: 5.913086891174316
bugMask: 3
cursorOffsetY: 1.7999999523162842
instSizeCafe: 215476
instSizeNx: -1
lookAtOffsetY: 0.20000000298023224
sortKey: 0
traverseDist: 200.0
