aabbMax:
  X: 0.21964600682258606
  Y: 1.248710036277771
  Z: 0.3942500054836273
aabbMin:
  X: -0.21058200299739838
  Y: 0.00020700000459328294
  Z: -0.10686500370502472
boundingForTraverse: 1.2485029697418213
bugMask: 3
cursorOffsetY: 0.30000001192092896
instSizeCafe: -1
instSizeNx: 619824
sortKey: -8
