aabbMax:
  X: 0.28324300050735474
  Y: 0.28386399149894714
  Z: 0.14193199574947357
aabbMin:
  X: -0.28324300050735474
  Y: 0.0
  Z: -0.14193199574947357
boundingForTraverse: 0.28386399149894714
bugMask: 1
cursorOffsetY: 0.5
instSizeCafe: 47296
instSizeNx: 130088
sortKey: -4
