aabbMax:
  X: 0.47630399465560913
  Y: 2.493350028991699
  Z: 0.29118600487709045
aabbMin:
  X: -0.4900810122489929
  Y: -0.008609999902546406
  Z: -0.793163001537323
boundingForTraverse: 2.501960039138794
bugMask: 3
cursorOffsetY: 0.5
instSizeCafe: -1
instSizeNx: 821272
sortKey: -19
