aabbMax:
  X: 0.3473759889602661
  Y: 1.588539958000183
  Z: 0.7020930051803589
aabbMin:
  X: -0.5041199922561646
  Y: -0.002853000070899725
  Z: -0.25274398922920227
boundingForTraverse: 1.591392993927002
bugMask: 3
cursorOffsetY: 0.30000001192092896
instSizeCafe: 586908
instSizeNx: 1037784
sortKey: -13
traverseDist: 200.0
