aabbMax:
  X: 0.3512150049209595
  Y: 1.7713199853897095
  Z: 0.4041909873485565
aabbMin:
  X: -0.3857490122318268
  Y: -0.00292899995110929
  Z: -0.21848399937152863
boundingForTraverse: 1.7742489576339722
bugMask: 3
cursorOffsetY: 0.30000001192092896
instSizeCafe: 530672
instSizeNx: -1
sortKey: -2
