aabbMax:
  X: 0.22970500588417053
  Y: 1.1608099937438965
  Z: 0.24490700662136078
aabbMin:
  X: -0.24319200217723846
  Y: -0.002145000034943223
  Z: -0.2159149944782257
boundingForTraverse: 1.1629550457000732
bugMask: 3
cursorOffsetY: 0.4000000059604645
instSizeCafe: 292588
instSizeNx: 496888
sortKey: -10
