aabbMax:
  X: 0.4383789896965027
  Y: 1.7713199853897095
  Z: 0.6834350228309631
aabbMin:
  X: -0.543071985244751
  Y: -0.00292899995110929
  Z: -0.2439579963684082
boundingForTraverse: 1.7742489576339722
bugMask: 3
cursorOffsetY: 0.30000001192092896
instSizeCafe: 576560
instSizeNx: -1
sortKey: 11
