aabbMax:
  X: 0.46790000796318054
  Y: 1.199779987335205
  Z: 0.5975090265274048
aabbMin:
  X: -0.40770798921585083
  Y: -0.0020200000144541264
  Z: -0.17336900532245636
boundingForTraverse: 1.201799988746643
bugMask: 3
cursorOffsetY: 0.6000000238418579
instSizeCafe: -1
instSizeNx: 341296
sortKey: 0
