aabbMax:
  X: 0.33031201362609863
  Y: 1.7627099752426147
  Z: 0.6834350228309631
aabbMin:
  X: -0.543071985244751
  Y: -0.0017559999832883477
  Z: -0.21848399937152863
boundingForTraverse: 1.7644660472869873
bugMask: 3
cursorOffsetY: 0.30000001192092896
instSizeCafe: 603980
instSizeNx: -1
sortKey: 3
traverseDist: 200.0
