aabbMax:
  X: 0.3638400137424469
  Y: 1.5778100490570068
  Z: 0.7020940184593201
aabbMin:
  X: -0.5041199922561646
  Y: -0.0022640000097453594
  Z: -0.2527430057525635
boundingForTraverse: 1.5800750255584717
bugMask: 3
cursorOffsetY: 0.30000001192092896
instSizeCafe: 556396
instSizeNx: -1
sortKey: -1
