aabbMax:
  X: 0.34641799330711365
  Y: 1.5067700147628784
  Z: 0.36768099665641785
aabbMin:
  X: -0.36829400062561035
  Y: -0.00190100003965199
  Z: -0.25274398922920227
boundingForTraverse: 1.5086710453033447
bugMask: 3
cursorOffsetY: 0.3499999940395355
instSizeCafe: -1
instSizeNx: 910584
sortKey: 0
