aabbMax:
  X: 0.4624190032482147
  Y: 1.49235999584198
  Z: 0.2322620004415512
aabbMin:
  X: -0.3917660117149353
  Y: 9.7999996796716e-05
  Z: -0.4108029901981354
boundingForTraverse: 1.4922620058059692
bugMask: 3
cursorOffsetY: 0.3499999940395355
instSizeCafe: 513068
instSizeNx: -1
sortKey: 16
