aabbMax:
  X: 0.34536299109458923
  Y: 1.7034000158309937
  Z: 0.6834350228309631
aabbMin:
  X: -0.543071985244751
  Y: -0.00013000000035390258
  Z: -0.21848399937152863
boundingForTraverse: 1.703529953956604
bugMask: 3
cursorOffsetY: 0.30000001192092896
instSizeCafe: 601308
instSizeNx: -1
sortKey: 4
traverseDist: 200.0
