aabbMax:
  X: 0.13266299664974213
  Y: 0.018769999966025352
  Z: 0.19328099489212036
aabbMin:
  X: -0.13266299664974213
  Y: -0.01799600012600422
  Z: -0.19465400278568268
boundingForTraverse: 0.03676600009202957
bugMask: 1
cursorOffsetY: 0.5
instSizeCafe: 25240
instSizeNx: -1
sortKey: 0
