aabbMax:
  X: 1.1547399759292603
  Y: 1.116170048713684
  Z: 1.4244500398635864
aabbMin:
  X: -1.2179900407791138
  Y: -0.4359390139579773
  Z: -1.4087899923324585
boundingForTraverse: 1.5521090030670166
bugMask: 2
cursorOffsetY: 0.5
instSizeCafe: 23252
instSizeNx: -1
sortKey: 0
