aabbMax:
  X: 23.116100311279297
  Y: 27.827199935913086
  Z: 23.288700103759766
aabbMin:
  X: -26.333999633789062
  Y: -8.472530364990234
  Z: -23.36240005493164
boundingForTraverse: 36.29972839355469
bugMask: 0
cursorOffsetY: 0.5
instSizeCafe: 30292
instSizeNx: -1
sortKey: 1
traverseDist: 567.9826049804688
