aabbMax:
  X: 5.208179950714111
  Y: 10.428899765014648
  Z: 4.601729869842529
aabbMin:
  X: -6.199610233306885
  Y: -1.7056599855422974
  Z: -4.645229816436768
boundingForTraverse: 12.134559631347656
bugMask: 3
cursorOffsetY: 0.5
instSizeCafe: -1
instSizeNx: 386384
rigidBodyCenterY: 3.325000047683716
sortKey: -1
traverseDist: 150.0
