aabbMax:
  X: 14.260100364685059
  Y: 5.091020107269287
  Z: 4.349780082702637
aabbMin:
  X: -14.464300155639648
  Y: -3.949860095977783
  Z: -2.8747200965881348
boundingForTraverse: 9.04088020324707
bugMask: 0
cursorOffsetY: 0.5
instSizeCafe: 17456
instSizeNx: -1
sortKey: 0
traverseDist: 400.0
