aabbMax:
  X: 3.375339984893799
  Y: 9.05321979522705
  Z: 4.9671502113342285
aabbMin:
  X: -3.9019699096679688
  Y: -1.2498799562454224
  Z: -3.7870800495147705
boundingForTraverse: 10.303099632263184
bugMask: 3
instSizeCafe: -1
instSizeNx: 361808
rigidBodyCenterY: 2.9000000953674316
sortKey: 0
traverseDist: 150.0
