aabbMax:
  X: 1.2139500379562378
  Y: 3.3518099784851074
  Z: 0.7195640206336975
aabbMin:
  X: -1.485509991645813
  Y: -0.06966599822044373
  Z: -0.29739299416542053
boundingForTraverse: 3.421475887298584
bugMask: 2
instSizeCafe: 44696
instSizeNx: -1
rigidBodyCenterY: 1.5412299633026123
sortKey: -22
