aabbMax:
  X: 4.239990234375
  Y: 19.887100219726562
  Z: 4.570409774780273
aabbMin:
  X: -4.470489978790283
  Y: -2.070810079574585
  Z: -4.840519905090332
boundingForTraverse: 21.957910537719727
bugMask: 1
instSizeCafe: -1
instSizeNx: 256288
locators:
- pos_x: -0.40950000286102295
  pos_y: 1.7200000286102295
  pos_z: 0.17239999771118164
  rot_x: -89.31999969482422
  rot_y: 112.84500122070312
  rot_z: 0.0
  type: Trunk
lookAtOffsetY: 1.100000023841858
rigidBodyCenterY: 4.367949962615967
sortKey: -6
traverseDist: 150.0
