aabbMax:
  X: 4.610420227050781
  Y: 20.510900497436523
  Z: 4.294579982757568
aabbMin:
  X: -4.563889980316162
  Y: -2.070810079574585
  Z: -4.438079833984375
boundingForTraverse: 22.581710815429688
bugMask: 1
instSizeCafe: 122896
instSizeNx: -1
locators:
- pos_x: -0.40950000286102295
  pos_y: 1.7200000286102295
  pos_z: 0.17239999771118164
  rot_x: -89.31999969482422
  rot_y: 112.84500122070312
  rot_z: 0.0
  type: Trunk
lookAtOffsetY: 1.100000023841858
rigidBodyCenterY: 4.367949962615967
sortKey: -12
traverseDist: 150.0
