aabbMax:
  X: 0.13426999747753143
  Y: 0.3791719973087311
  Z: 0.20311899483203888
aabbMin:
  X: -0.1198979988694191
  Y: 0.17983399331569672
  Z: -0.20793600380420685
boundingForTraverse: 0.19933800399303436
bugMask: 1
cursorOffsetY: 0.30000001192092896
instSizeCafe: 24176
instSizeNx: 84248
lookAtOffsetY: 0.20000000298023224
sortKey: 21380
