aabbMax:
  X: 1.7899399995803833
  Y: 1.7584500312805176
  Z: 1.7130299806594849
aabbMin:
  X: -1.4826699495315552
  Y: -0.2009039968252182
  Z: -1.568660020828247
boundingForTraverse: 1.959354043006897
bugMask: 2
instSizeCafe: 24256
instSizeNx: -1
sortKey: 0
