aabbMax:
  X: 4.341030120849609
  Y: 5.29010009765625
  Z: 4.678229808807373
aabbMin:
  X: -4.305009841918945
  Y: -2.1989400386810303
  Z: -4.179780006408691
boundingForTraverse: 7.489039897918701
bugMask: 0
cursorOffsetY: 0.5
instSizeCafe: 70792
instSizeNx: -1
sortKey: 0
traverseDist: 500.0
