aabbMax:
  X: 0.7926430106163025
  Y: 3.789030075073242
  Z: 1.6127300262451172
aabbMin:
  X: -1.769919991493225
  Y: -0.49609801173210144
  Z: -1.4691799879074097
boundingForTraverse: 4.285128116607666
bugMask: 2
instSizeCafe: 23564
instSizeNx: 84984
lookAtOffsetY: 1.100000023841858
rigidBodyCenterY: 0.9627280235290527
sortKey: 7
traverseDist: 150.0
