aabbMax:
  X: 0.2554610073566437
  Y: 0.2628360092639923
  Z: 0.25633201003074646
aabbMin:
  X: -0.25567498803138733
  Y: -0.3502179980278015
  Z: -0.25633201003074646
boundingForTraverse: 0.6130539774894714
bugMask: 0
cursorOffsetY: 0.5
instSizeCafe: 18016
instSizeNx: 75808
sortKey: 52013
