aabbMax:
  X: 5.208179950714111
  Y: 10.428899765014648
  Z: 4.601729869842529
aabbMin:
  X: -6.199610233306885
  Y: -1.7056599855422974
  Z: -4.645229816436768
boundingForTraverse: 12.134559631347656
bugMask: 1
instSizeCafe: -1
instSizeNx: 268584
locators:
- pos_x: 0.07999999821186066
  pos_y: 1.5
  pos_z: 0.6000000238418579
  rot_x: 90.0
  rot_y: 0.0
  rot_z: -180.0
  type: Trunk
- pos_x: -0.4000000059604645
  pos_y: 5.75
  pos_z: -0.30000001192092896
  rot_x: 0.0
  rot_y: 0.0
  rot_z: 0.0
  type: Branch
lookAtOffsetY: 1.100000023841858
rigidBodyCenterY: 2.727799892425537
sortKey: 0
traverseDist: 150.0
