aabbMax:
  X: 6.399270057678223
  Y: 27.236299514770508
  Z: 6.021480083465576
aabbMin:
  X: -5.631810188293457
  Y: -2.4240000247955322
  Z: -6.399209976196289
boundingForTraverse: 29.66029930114746
bugMask: 1
instSizeCafe: 109416
instSizeNx: -1
lookAtOffsetY: 1.100000023841858
rigidBodyCenterY: 0.05000000074505806
sortKey: -4
traverseDist: 150.0
