aabbMax:
  X: 1.1015199422836304
  Y: 0.4310910105705261
  Z: 0.6310790181159973
aabbMin:
  X: -0.8874220252037048
  Y: -0.385998010635376
  Z: -1.0026099681854248
boundingForTraverse: 0.8170890212059021
bugMask: 2
instSizeCafe: -1
instSizeNx: 80704
sortKey: -1
