aabbMax:
  X: 1.0257099866867065
  Y: 3.3710200786590576
  Z: 0.9958829879760742
aabbMin:
  X: -0.9401350021362305
  Y: -0.14369399845600128
  Z: -0.6548640131950378
boundingForTraverse: 3.514714002609253
bugMask: 2
instSizeCafe: -1
instSizeNx: 82504
sortKey: -3
