aabbMax:
  X: 30.66699981689453
  Y: 3.486649990081787
  Z: 19.33139991760254
aabbMin:
  X: -0.7751880288124084
  Y: -16.755699157714844
  Z: -2.360140085220337
boundingForTraverse: 20.24234962463379
bugMask: 0
cursorOffsetY: 0.5
instSizeCafe: 17136
instSizeNx: -1
sortKey: 0
