aabbMax:
  X: 4.280350208282471
  Y: 4.203139781951904
  Z: 4.249670028686523
aabbMin:
  X: -4.432829856872559
  Y: -0.4293299913406372
  Z: -3.4483399391174316
boundingForTraverse: 4.63247013092041
bugMask: 0
cursorOffsetY: 0.5
instSizeCafe: 17644
instSizeNx: -1
sortKey: 0
terrainTextures:
- !u 0xffff1e12
traverseDist: 200.0
