aabbMax:
  X: 1.7690099477767944
  Y: 1.0208799839019775
  Z: 1.3763500452041626
aabbMin:
  X: -2.019439935684204
  Y: -0.2601439952850342
  Z: -2.2692999839782715
boundingForTraverse: 1.2810239791870117
bugMask: 2
cursorOffsetY: 0.5
instSizeCafe: 24148
instSizeNx: -1
sortKey: 0
