aabbMax:
  X: 0.6118080019950867
  Y: 0.5840029716491699
  Z: 0.9492130279541016
aabbMin:
  X: -0.6471269726753235
  Y: -0.055886998772621155
  Z: -1.3321199417114258
boundingForTraverse: 0.6398900151252747
bugMask: 2
cursorOffsetY: 0.5
instSizeCafe: -1
instSizeNx: 82536
sortKey: -1
