aabbMax:
  X: 9.619000434875488
  Y: 46.34859848022461
  Z: 9.605030059814453
aabbMin:
  X: -9.905570030212402
  Y: -2.4240000247955322
  Z: -10.122400283813477
boundingForTraverse: 48.77259826660156
bugMask: 3
cursorOffsetY: 0.5
instSizeCafe: -1
instSizeNx: 410960
rigidBodyCenterY: 16.899999618530273
sortKey: 4
traverseDist: 150.0
