aabbMax:
  X: 2.6299901008605957
  Y: 10.21560001373291
  Z: 2.8227500915527344
aabbMin:
  X: -2.333329916000366
  Y: -1.5391499996185303
  Z: -2.5800399780273438
boundingForTraverse: 11.75475025177002
bugMask: 3
cursorOffsetY: 0.5
instSizeCafe: 117272
instSizeNx: -1
rigidBodyCenterY: 5.599999904632568
sortKey: 1
traverseDist: 150.0
