aabbMax:
  X: 1.0176399946212769
  Y: 0.5924460291862488
  Z: 1.1132299900054932
aabbMin:
  X: -1.182979941368103
  Y: -0.03728099912405014
  Z: -1.0573500394821167
boundingForTraverse: 0.6297270059585571
bugMask: 2
cursorOffsetY: 0.5
instSizeCafe: 23232
instSizeNx: -1
sortKey: 0
