aabbMax:
  X: 1.3251299858093262
  Y: 4.28764009475708
  Z: 0.7195640206336975
aabbMin:
  X: -1.4962300062179565
  Y: -0.06966599822044373
  Z: -0.2992349863052368
boundingForTraverse: 4.357306003570557
bugMask: 2
instSizeCafe: 44860
instSizeNx: -1
rigidBodyCenterY: 2.0027999877929688
sortKey: -21
