aabbMax:
  X: 1.5670000314712524
  Y: 1.316640019416809
  Z: 1.7802400588989258
aabbMin:
  X: -1.5580699443817139
  Y: -0.15088500082492828
  Z: -1.419700026512146
boundingForTraverse: 1.4675250053405762
bugMask: 2
cursorOffsetY: 0.5
instSizeCafe: -1
instSizeNx: 82480
sortKey: -2
