aabbMax:
  X: 0.800462007522583
  Y: 0.5948960185050964
  Z: 0.38556599617004395
aabbMin:
  X: -0.7328119874000549
  Y: -0.04734399914741516
  Z: -0.3740530014038086
boundingForTraverse: 0.6422399878501892
bugMask: 3
cursorOffsetY: 0.4000000059604645
instSizeCafe: 39604
instSizeNx: -1
rigidBodyCenterY: 0.2983730137348175
sortKey: 36010
