aabbMax:
  X: 2.819819927215576
  Y: 5.405990123748779
  Z: 0.716609001159668
aabbMin:
  X: -2.4968199729919434
  Y: 0.0
  Z: -0.8264099955558777
boundingForTraverse: 5.405990123748779
bugMask: 0
cursorOffsetY: 0.5
instSizeCafe: -1
instSizeNx: 145368
sortKey: 0
terrainTextures:
- !u 0xff4c1f00
traverseDist: 300.0
