aabbMax:
  X: 9.611169815063477
  Y: 12.722200393676758
  Z: 8.665300369262695
aabbMin:
  X: -8.694939613342285
  Y: -4.200699806213379
  Z: -10.115400314331055
boundingForTraverse: 16.922901153564453
bugMask: 0
cursorOffsetY: 0.5
instSizeCafe: 29552
instSizeNx: -1
sortKey: 0
traverseDist: 500.0
