aabbMax:
  X: 3.7084600925445557
  Y: 13.27869987487793
  Z: 3.6244099140167236
aabbMin:
  X: -3.710390090942383
  Y: -1.5891300439834595
  Z: -3.6244099140167236
boundingForTraverse: 14.867830276489258
bugMask: 1
instSizeCafe: 102920
instSizeNx: 237208
locators:
- pos_x: 0.0
  pos_y: 1.100000023841858
  pos_z: 0.5
  rot_x: 90.0
  rot_y: 0.0
  rot_z: -180.0
  type: Trunk
- pos_x: -0.10000000149011612
  pos_y: 0.800000011920929
  pos_z: -0.5
  rot_x: -90.0
  rot_y: 0.0
  rot_z: 0.0
  type: Trunk
lookAtOffsetY: 1.100000023841858
rigidBodyCenterY: 11.847700119018555
sortKey: -2
terrainTextures:
- !u 0xffffff4d
traverseDist: 150.0
