aabbMax:
  X: 2.395659923553467
  Y: 4.177609920501709
  Z: 2.1677699089050293
aabbMin:
  X: -1.9345200061798096
  Y: -0.09407699853181839
  Z: -1.856660008430481
boundingForTraverse: 4.271687030792236
bugMask: 2
cursorOffsetY: 0.5
instSizeCafe: 34060
instSizeNx: 105224
rigidBodyCenterY: 0.8220340013504028
sortKey: -1
traverseDist: 150.0
