aabbMax:
  X: 3.602560043334961
  Y: 3.7665998935699463
  Z: 0.8305659890174866
aabbMin:
  X: -3.6939098834991455
  Y: -3.4618799686431885
  Z: -1.8954800367355347
boundingForTraverse: 7.228479862213135
bugMask: 0
cursorOffsetY: 0.5
instSizeCafe: 24260
instSizeNx: -1
sortKey: 0
traverseDist: 1000.0
