aabbMax:
  X: 2.6299901008605957
  Y: 14.872300148010254
  Z: 2.8227500915527344
aabbMin:
  X: -2.333329916000366
  Y: -1.5391499996185303
  Z: -2.5800399780273438
boundingForTraverse: 16.411449432373047
bugMask: 1
instSizeCafe: -1
instSizeNx: 183952
locators:
- pos_x: 0.0
  pos_y: 1.100000023841858
  pos_z: 0.30000001192092896
  rot_x: 90.0
  rot_y: 0.0
  rot_z: -180.0
  type: Trunk
lookAtOffsetY: 1.100000023841858
rigidBodyCenterY: 5.999579906463623
sortKey: -4
traverseDist: 150.0
