aabbMax:
  X: 0.7373049855232239
  Y: 1.3473399877548218
  Z: 0.6912720203399658
aabbMin:
  X: -0.6489279866218567
  Y: -0.3448689877986908
  Z: -0.8309109807014465
boundingForTraverse: 1.692209005355835
bugMask: 2
cursorOffsetY: 0.5
instSizeCafe: 23232
instSizeNx: -1
sortKey: 0
