aabbMax:
  X: 0.7459890246391296
  Y: 0.9431149959564209
  Z: 0.7955809831619263
aabbMin:
  X: -0.9138399958610535
  Y: -0.39963299036026
  Z: -0.9110289812088013
boundingForTraverse: 1.3427480459213257
bugMask: 2
cursorOffsetY: 0.5
instSizeCafe: 23252
instSizeNx: 82480
sortKey: -1
