aabbMax:
  X: 14.883399963378906
  Y: 18.1914005279541
  Z: 25.600799560546875
aabbMin:
  X: -16.04330062866211
  Y: -1.0158100128173828
  Z: -15.833600044250488
boundingForTraverse: 19.207210540771484
bugMask: 3
cursorOffsetY: 0.5
instSizeCafe: 72996
instSizeNx: -1
rigidBodyCenterY: 7.345379829406738
sortKey: -43
traverseDist: 1500.0
