aabbMax:
  X: 6.622010231018066
  Y: 2.893320083618164
  Z: 4.34935998916626
aabbMin:
  X: -6.033870220184326
  Y: -1.8522000312805176
  Z: -4.545310020446777
boundingForTraverse: 12.655879974365234
bugMask: 0
cursorOffsetY: 0.5
instSizeCafe: 28272
instSizeNx: -1
sortKey: -2
terrainTextures:
- !u 0xff1e1204
