aabbMax:
  X: 14.222000122070312
  Y: 26.949800491333008
  Z: 13.669099807739258
aabbMin:
  X: -14.08899974822998
  Y: -3.322119951248169
  Z: -13.76990032196045
boundingForTraverse: 30.271921157836914
bugMask: 0
cursorOffsetY: 0.5
instSizeCafe: 39796
instSizeNx: -1
locators:
- pos_x: 0.0
  pos_y: 4.400000095367432
  pos_z: 1.5199999809265137
  rot_x: 91.0
  rot_y: 10.0
  rot_z: -180.0
  type: Trunk
- pos_x: -0.5199999809265137
  pos_y: 1.399999976158142
  pos_z: -1.649999976158142
  rot_x: -80.0
  rot_y: 10.5
  rot_z: 0.0
  type: Trunk
sortKey: -1
terrainTextures:
- !u 0xffffff4d
traverseDist: 500.0
