aabbMax:
  X: 6.116690158843994
  Y: 1.2239099740982056
  Z: 6.034999847412109
aabbMin:
  X: -6.096449851989746
  Y: -1.4055900573730469
  Z: -8.846879959106445
boundingForTraverse: 2.629499912261963
bugMask: 0
cursorOffsetY: 0.5
instSizeCafe: -1
instSizeNx: 75656
sortKey: 0
traverseDist: 1000.0
