aabbMax:
  X: 0.16356399655342102
  Y: 0.11471299827098846
  Z: 0.5597890019416809
aabbMin:
  X: -0.17964699864387512
  Y: -0.14677800238132477
  Z: -0.6091219782829285
boundingForTraverse: 0.26149100065231323
bugMask: 3
cursorOffsetY: 0.20000000298023224
instSizeCafe: 40584
instSizeNx: 111752
sortKey: 42
