aabbMax:
  X: 1.1088999509811401
  Y: 2.9928500652313232
  Z: 0.989126980304718
aabbMin:
  X: -1.0408999919891357
  Y: -0.11089199781417847
  Z: -1.2033300399780273
boundingForTraverse: 3.1037418842315674
bugMask: 2
cursorOffsetY: 0.5
instSizeCafe: 34816
instSizeNx: -1
rigidBodyCenterY: 0.7505339980125427
sortKey: -1
traverseDist: 150.0
