aabbMax:
  X: 2.6299901008605957
  Y: 18.392099380493164
  Z: 2.2455499172210693
aabbMin:
  X: -2.333329916000366
  Y: -1.5391499996185303
  Z: -2.5922300815582275
boundingForTraverse: 19.931249618530273
bugMask: 1
instSizeCafe: 97388
instSizeNx: -1
lookAtOffsetY: 1.100000023841858
rigidBodyCenterY: 0.05000000074505806
sortKey: 6
traverseDist: 150.0
