aabbMax:
  X: 17.999900817871094
  Y: 19.72249984741211
  Z: 11.934000015258789
aabbMin:
  X: -10.510199546813965
  Y: -6.634029865264893
  Z: -16.952899932861328
boundingForTraverse: 26.356529235839844
bugMask: 1
instSizeCafe: 176116
instSizeNx: -1
locators:
- pos_x: 0.5
  pos_y: 3.299999952316284
  pos_z: 1.7000000476837158
  rot_x: 90.0
  rot_y: 0.0
  rot_z: -180.0
  type: Trunk
- pos_x: 3.9000000953674316
  pos_y: 9.0
  pos_z: -0.03999999910593033
  rot_x: 0.0
  rot_y: 0.0
  rot_z: 0.0
  type: Branch
- pos_x: 1.899999976158142
  pos_y: 9.800000190734863
  pos_z: -0.03999999910593033
  rot_x: 0.0
  rot_y: 0.0
  rot_z: 0.0
  type: OnTree
lookAtOffsetY: 1.100000023841858
sortKey: 0
traverseDist: 500.0
