aabbMax:
  X: 3.6864500045776367
  Y: 3.5020599365234375
  Z: 0.8305659890174866
aabbMin:
  X: -3.539139986038208
  Y: -3.7123498916625977
  Z: -2.1072099208831787
boundingForTraverse: 7.214409828186035
bugMask: 0
cursorOffsetY: 0.5
instSizeCafe: 24000
instSizeNx: -1
sortKey: 0
traverseDist: 1000.0
