aabbMax:
  X: 29.374000549316406
  Y: 3.1004700660705566
  Z: 26.980300903320312
aabbMin:
  X: -14.478400230407715
  Y: -31.43589973449707
  Z: -37.75659942626953
boundingForTraverse: 34.53636932373047
bugMask: 0
cursorOffsetY: 0.5
instSizeCafe: -1
instSizeNx: 75656
sortKey: 0
terrainTextures:
- !u 0xffffff32
