aabbMax:
  X: 24.865100860595703
  Y: 26.35409927368164
  Z: 26.76759910583496
aabbMin:
  X: -23.341400146484375
  Y: -26.748699188232422
  Z: -25.930099487304688
boundingForTraverse: 53.10279846191406
bugMask: 0
cursorOffsetY: 0.5
instSizeCafe: 29168
instSizeNx: -1
sortKey: 0
