aabbMax:
  X: 0.16356399655342102
  Y: 0.11471600085496902
  Z: 0.5723599791526794
aabbMin:
  X: -0.1796949952840805
  Y: -0.14675000309944153
  Z: -0.609112024307251
boundingForTraverse: 0.26146599650382996
bugMask: 3
cursorOffsetY: 0.20000000298023224
instSizeCafe: 40580
instSizeNx: -1
sortKey: 31
