aabbMax:
  X: 0.3944830000400543
  Y: 0.8163959980010986
  Z: 0.18400199711322784
aabbMin:
  X: -0.39448198676109314
  Y: 0.1300009936094284
  Z: -0.18165600299835205
boundingForTraverse: 0.686394989490509
bugMask: 3
cursorOffsetY: 0.5
instSizeCafe: -1
instSizeNx: 100128
lookAtOffsetY: 0.10000000149011612
rigidBodyCenterY: 0.3353320062160492
sortKey: 50026
traverseDist: 100.0
