aabbMax:
  X: 4.430490016937256
  Y: 16.259199142456055
  Z: 4.244999885559082
aabbMin:
  X: -5.804910182952881
  Y: -3.9278500080108643
  Z: -4.021460056304932
boundingForTraverse: 20.187049865722656
bugMask: 3
instSizeCafe: -1
instSizeNx: 296272
rigidBodyCenterY: 5.138790130615234
sortKey: 0
traverseDist: 150.0
