aabbMax:
  X: 1.0629500150680542
  Y: 1.172629952430725
  Z: 0.7225019931793213
aabbMin:
  X: -0.7064899802207947
  Y: -0.13598200678825378
  Z: -0.7242010235786438
boundingForTraverse: 1.3086119890213013
bugMask: 2
cursorOffsetY: 0.5
instSizeCafe: -1
instSizeNx: 82512
sortKey: -1
traverseDist: 100.0
