aabbMax:
  X: 6.036009788513184
  Y: 1.143030047416687
  Z: 5.937119960784912
aabbMin:
  X: -6.041510105133057
  Y: -1.3883700370788574
  Z: -8.76455020904541
boundingForTraverse: 2.531399965286255
bugMask: 0
cursorOffsetY: 0.5
instSizeCafe: 38580
instSizeNx: -1
sortKey: 1
traverseDist: 519.0264282226562
