aabbMax:
  X: 1.3679399490356445
  Y: 1.9278299808502197
  Z: 1.434540033340454
aabbMin:
  X: -1.4461300373077393
  Y: -0.16383400559425354
  Z: -1.5323799848556519
boundingForTraverse: 2.0916640758514404
bugMask: 2
cursorOffsetY: 0.5
instSizeCafe: -1
instSizeNx: 82512
sortKey: 0
traverseDist: 100.0
