aabbMax:
  X: 8.727490425109863
  Y: 20.53019905090332
  Z: 9.394169807434082
aabbMin:
  X: -7.489610195159912
  Y: -1.2622499465942383
  Z: -9.074270248413086
boundingForTraverse: 21.792449951171875
bugMask: 3
instSizeCafe: -1
instSizeNx: 357712
rigidBodyCenterY: 5.056139945983887
sortKey: 0
traverseDist: 150.0
