aabbMax:
  X: 13.630599975585938
  Y: 6.366079807281494
  Z: 7.225580215454102
aabbMin:
  X: -15.059700012207031
  Y: -2.402060031890869
  Z: -9.962510108947754
boundingForTraverse: 8.768139839172363
bugMask: 0
cursorOffsetY: 0.5
instSizeCafe: -1
instSizeNx: 165880
sortKey: 2
