aabbMax:
  X: 0.5573430061340332
  Y: 0.6662290096282959
  Z: 0.8612480163574219
aabbMin:
  X: -0.5273119807243347
  Y: -0.3671559989452362
  Z: -0.9224039912223816
boundingForTraverse: 1.0333850383758545
bugMask: 3
instSizeCafe: -1
instSizeNx: 109976
rigidBodyCenterY: 0.09779000282287598
sortKey: 0
