aabbMax:
  X: 0.8855829834938049
  Y: 3.3084399700164795
  Z: 0.6478379964828491
aabbMin:
  X: -0.5517240166664124
  Y: -0.40882501006126404
  Z: -0.5369409918785095
boundingForTraverse: 3.7172648906707764
bugMask: 2
cursorOffsetY: 0.5
instSizeCafe: -1
instSizeNx: 109320
rigidBodyCenterY: 2.066770076751709
sortKey: -5
traverseDist: 150.0
