aabbMax:
  X: 61.61389923095703
  Y: 72.08940124511719
  Z: 100.70500183105469
aabbMin:
  X: -31.89229965209961
  Y: -37.036598205566406
  Z: -42.53300094604492
boundingForTraverse: 109.1259994506836
bugMask: 0
cursorOffsetY: 0.5
instSizeCafe: 18796
instSizeNx: -1
sortKey: 0
terrainTextures:
- !u 0xffffff3e
traverseDist: 4000.0
