aabbMax:
  X: 0.6378089785575867
  Y: 0.8227229714393616
  Z: 0.6413469910621643
aabbMin:
  X: -0.6692150235176086
  Y: -0.33926400542259216
  Z: -0.5252150297164917
boundingForTraverse: 1.1619869470596313
bugMask: 2
cursorOffsetY: 0.5
instSizeCafe: 23252
instSizeNx: 82480
sortKey: 0
