aabbMax:
  X: 6.956600189208984
  Y: 6.216750144958496
  Z: 46.06449890136719
aabbMin:
  X: -6.370090007781982
  Y: -4.572669982910156
  Z: -1.6003999710083008
boundingForTraverse: 10.789420127868652
bugMask: 0
cursorOffsetY: 0.5
instSizeCafe: 18796
instSizeNx: -1
sortKey: 0
traverseDist: 500.0
