aabbMax:
  X: 19.5487003326416
  Y: 8.579850196838379
  Z: 17.898399353027344
aabbMin:
  X: -17.15089988708496
  Y: -0.819599986076355
  Z: -16.993499755859375
boundingForTraverse: 9.399450302124023
bugMask: 0
instSizeCafe: 38580
instSizeNx: -1
sortKey: 0
terrainTextures:
- !u 0xff4c1f00
