aabbMax:
  X: 8.656909942626953
  Y: 33.240699768066406
  Z: 8.820130348205566
aabbMin:
  X: -8.561519622802734
  Y: -2.4240000247955322
  Z: -8.978099822998047
boundingForTraverse: 35.66469955444336
bugMask: 3
instSizeCafe: 166908
instSizeNx: -1
rigidBodyCenterY: 11.149999618530273
sortKey: 0
traverseDist: 150.0
