aabbMax:
  X: 0.8929380178451538
  Y: 0.8792499899864197
  Z: 1.2497199773788452
aabbMin:
  X: -1.2072399854660034
  Y: -0.33398398756980896
  Z: -0.9133960008621216
boundingForTraverse: 1.2132339477539062
bugMask: 2
cursorOffsetY: 0.5
instSizeCafe: 23252
instSizeNx: 82480
sortKey: -1
