aabbMax:
  X: 2.0653700828552246
  Y: 0.14590099453926086
  Z: 2.0649499893188477
aabbMin:
  X: -1.5
  Y: -0.0061610001139342785
  Z: -1.7046300172805786
boundingForTraverse: 0.15206199884414673
bugMask: 2
instSizeCafe: 32664
instSizeNx: -1
sortKey: 0
