aabbMax:
  X: 4.842259883880615
  Y: 10.902899742126465
  Z: 6.083940029144287
aabbMin:
  X: -4.713719844818115
  Y: -0.75
  Z: -4.263710021972656
boundingForTraverse: 11.652899742126465
bugMask: 1
instSizeCafe: -1
instSizeNx: 245392
locators:
- pos_x: 0.45399999618530273
  pos_y: 1.7380000352859497
  pos_z: 0.15000000596046448
  rot_x: 95.4000015258789
  rot_y: -78.0
  rot_z: -174.10000610351562
  type: Trunk
- pos_x: -0.16699999570846558
  pos_y: 6.190000057220459
  pos_z: 1.0
  rot_x: 0.0
  rot_y: 86.0
  rot_z: 0.0
  type: Branch
lookAtOffsetY: 1.100000023841858
rigidBodyCenterY: 4.106669902801514
sortKey: 0
traverseDist: 150.0
