aabbMax:
  X: 16.343299865722656
  Y: 5.297120094299316
  Z: 8.82861042022705
aabbMin:
  X: -15.882399559020996
  Y: -2.0718600749969482
  Z: -12.804100036621094
boundingForTraverse: 7.3689799308776855
bugMask: 0
cursorOffsetY: 0.5
instSizeCafe: -1
instSizeNx: 75656
sortKey: -4
terrainTextures:
- !u 0xffffff37
