aabbMax:
  X: 0.29057300090789795
  Y: 0.6740469932556152
  Z: 0.32190001010894775
aabbMin:
  X: -0.3080329895019531
  Y: -0.10332600027322769
  Z: -0.3054789900779724
boundingForTraverse: 0.7773730158805847
bugMask: 3
cursorOffsetY: 0.5
instSizeCafe: 40448
instSizeNx: -1
rigidBodyCenterY: 0.29149898886680603
sortKey: -36
traverseDist: 100.0
