aabbMax:
  X: 4.022299766540527
  Y: 8.909480094909668
  Z: 3.559720039367676
aabbMin:
  X: -5.163549900054932
  Y: -1.0208200216293335
  Z: -3.9625699520111084
boundingForTraverse: 9.930299758911133
bugMask: 3
cursorOffsetY: 0.5
instSizeCafe: 129788
instSizeNx: -1
rigidBodyCenterY: 2.848099946975708
sortKey: -9
traverseDist: 150.0
