aabbMax:
  X: 3.381279945373535
  Y: 14.823699951171875
  Z: 3.2141799926757812
aabbMin:
  X: -4.837870121002197
  Y: -1.6702200174331665
  Z: -5.265729904174805
boundingForTraverse: 16.493919372558594
bugMask: 1
instSizeCafe: 139536
instSizeNx: -1
locators:
- pos_x: 0.25
  pos_y: 1.2580000162124634
  pos_z: -0.019999999552965164
  rot_x: -90.0
  rot_y: 281.0
  rot_z: 0.0
  type: Trunk
lookAtOffsetY: 1.100000023841858
rigidBodyCenterY: 6.814879894256592
sortKey: 13
traverseDist: 150.0
