aabbMax:
  X: 9.661970138549805
  Y: 22.216699600219727
  Z: 7.194230079650879
aabbMin:
  X: -6.657670021057129
  Y: -2.8161299228668213
  Z: -8.870409965515137
boundingForTraverse: 25.03282928466797
bugMask: 0
cursorOffsetY: 0.5
instSizeCafe: 17396
instSizeNx: -1
sortKey: 0
terrainTextures:
- !u 0xff1e1204
traverseDist: 300.0
