aabbMax:
  X: 16.769699096679688
  Y: 20.312700271606445
  Z: 16.173900604248047
aabbMin:
  X: -16.864700317382812
  Y: -1.7864799499511719
  Z: -14.506600379943848
boundingForTraverse: 22.099180221557617
bugMask: 1
instSizeCafe: -1
instSizeNx: 272232
locators:
- pos_x: -0.8999999761581421
  pos_y: 2.1700000762939453
  pos_z: 5.150000095367432
  rot_x: -68.0
  rot_y: 158.0
  rot_z: -2.0
  type: Trunk
- pos_x: 1.5299999713897705
  pos_y: 3.799999952316284
  pos_z: -4.550000190734863
  rot_x: -100.0
  rot_y: 0.0
  rot_z: 50.0
  type: Trunk
- pos_x: 4.150000095367432
  pos_y: 5.0
  pos_z: -1.4500000476837158
  rot_x: -65.0
  rot_y: -90.0
  rot_z: 0.0
  type: Trunk
- pos_x: -5.329999923706055
  pos_y: 8.09000015258789
  pos_z: 2.0
  rot_x: 0.0
  rot_y: 0.0
  rot_z: -20.0
  type: Branch
- pos_x: -3.4100000858306885
  pos_y: 8.880000114440918
  pos_z: -5.550000190734863
  rot_x: 0.0
  rot_y: -40.0
  rot_z: -31.0
  type: Branch
- pos_x: -0.10000000149011612
  pos_y: 7.550000190734863
  pos_z: 0.10000000149011612
  rot_x: 0.0
  rot_y: 0.0
  rot_z: 0.0
  type: OnTree
lookAtOffsetY: 1.100000023841858
sortKey: 0
traverseDist: 500.0
