aabbMax:
  X: 1.0726499557495117
  Y: 2.0973000526428223
  Z: 1.1134099960327148
aabbMin:
  X: -1.0934699773788452
  Y: 0.00989999994635582
  Z: -1.0813100337982178
boundingForTraverse: 2.087399959564209
bugMask: 3
instSizeCafe: 35064
instSizeNx: -1
rigidBodyCenterY: 1.0
sortKey: -25
