aabbMax:
  X: 0.7451710104942322
  Y: 1.416849970817566
  Z: 0.844622015953064
aabbMin:
  X: -0.7005869746208191
  Y: -0.5822650194168091
  Z: -0.668569028377533
boundingForTraverse: 1.999114990234375
bugMask: 2
instSizeCafe: 23492
instSizeNx: -1
sortKey: 0
