aabbMax:
  X: 2.2776999473571777
  Y: 1.1016499996185303
  Z: 0.5963060259819031
aabbMin:
  X: -2.199049949645996
  Y: -0.27460500597953796
  Z: -0.8727049827575684
boundingForTraverse: 1.3762550354003906
bugMask: 0
cursorOffsetY: 0.5
instSizeCafe: 49408
instSizeNx: 145368
sortKey: -2
