aabbMax:
  X: 1.7491300106048584
  Y: 0.0785439983010292
  Z: 1.9052799940109253
aabbMin:
  X: -2.2133901119232178
  Y: 0.007000000216066837
  Z: -1.8671599626541138
boundingForTraverse: 0.07154399901628494
bugMask: 2
instSizeCafe: -1
instSizeNx: 80688
sortKey: 0
