aabbMax:
  X: 0.27669399976730347
  Y: 0.3282789885997772
  Z: 0.2772189974784851
aabbMin:
  X: -0.27669399976730347
  Y: 0.1359180063009262
  Z: -0.3123970031738281
boundingForTraverse: 0.1923609972000122
bugMask: 1
cursorOffsetY: 0.30000001192092896
instSizeCafe: 35156
instSizeNx: 104752
lookAtOffsetY: 0.20000000298023224
sortKey: 21330
