aabbMax:
  X: 1.1015199422836304
  Y: 0.43108999729156494
  Z: 0.6310790181159973
aabbMin:
  X: -0.8874210119247437
  Y: -0.3859969973564148
  Z: -1.0026099681854248
boundingForTraverse: 0.8170869946479797
bugMask: 2
instSizeCafe: 22436
instSizeNx: -1
sortKey: -2
