aabbMax:
  X: 2.4124600887298584
  Y: 0.8428580164909363
  Z: 2.7057600021362305
aabbMin:
  X: -1.9680299758911133
  Y: -0.265949010848999
  Z: -2.817929983139038
boundingForTraverse: 1.1088069677352905
bugMask: 0
cursorOffsetY: 0.5
instSizeCafe: 17136
instSizeNx: -1
sortKey: 0
