aabbMax:
  X: 10.979900360107422
  Y: 17.702499389648438
  Z: 11.375300407409668
aabbMin:
  X: -11.59850025177002
  Y: -1.7298200130462646
  Z: -11.186400413513184
boundingForTraverse: 19.43231964111328
bugMask: 1
cursorOffsetY: 0.5
instSizeCafe: -1
instSizeNx: 153368
locators:
- pos_x: 0.15000000596046448
  pos_y: 2.0199999809265137
  pos_z: 1.850000023841858
  rot_x: 95.4000015258789
  rot_y: -3.630000114440918
  rot_z: 172.0
  type: Trunk
- pos_x: -0.019999999552965164
  pos_y: 7.349999904632568
  pos_z: -0.47999998927116394
  rot_x: 0.0
  rot_y: 0.0
  rot_z: 0.0
  type: OnTree
sortKey: -1
traverseDist: 500.0
