aabbMax:
  X: 7.4828200340271
  Y: 3.1728599071502686
  Z: 4.334859848022461
aabbMin:
  X: -5.86352014541626
  Y: -0.8441749811172485
  Z: -4.3151397705078125
boundingForTraverse: 4.017035007476807
bugMask: 0
cursorOffsetY: 0.5
instSizeCafe: -1
instSizeNx: 75656
sortKey: -3
terrainTextures:
- !u 0xffffff37
