aabbMax:
  X: 10.53030014038086
  Y: 54.18629837036133
  Z: 5.643340110778809
aabbMin:
  X: -10.662400245666504
  Y: 0.0
  Z: -15.227399826049805
boundingForTraverse: 54.18629837036133
bugMask: 0
cursorOffsetY: 0.5
instSizeCafe: 83016
instSizeNx: -1
sortKey: 0
terrainTextures:
- !u 0xffffff47
traverseDist: 500.0
