aabbMax:
  X: 0.6087409853935242
  Y: 0.7678020000457764
  Z: 0.7127559781074524
aabbMin:
  X: -0.6478080153465271
  Y: -0.4372119903564453
  Z: -0.7494310140609741
boundingForTraverse: 1.2050139904022217
bugMask: 2
cursorOffsetY: 0.5
instSizeCafe: 23492
instSizeNx: -1
sortKey: 0
