aabbMax:
  X: 4.784649848937988
  Y: 18.20439910888672
  Z: 4.668630123138428
aabbMin:
  X: -4.4634599685668945
  Y: -1.07846999168396
  Z: -4.877709865570068
boundingForTraverse: 19.282869338989258
bugMask: 1
instSizeCafe: 97868
instSizeNx: -1
locators:
- pos_x: -0.20000000298023224
  pos_y: 1.7000000476837158
  pos_z: 0.5
  rot_x: -84.0
  rot_y: 150.0
  rot_z: 4.0
  type: Trunk
lookAtOffsetY: 1.100000023841858
rigidBodyCenterY: 6.313819885253906
sortKey: -1
traverseDist: 500.0
