aabbMax:
  X: 19.533899307250977
  Y: 8.914050102233887
  Z: 18.732099533081055
aabbMin:
  X: -17.556900024414062
  Y: -0.819599986076355
  Z: -16.497699737548828
boundingForTraverse: 9.733650207519531
bugMask: 0
cursorOffsetY: 0.5
instSizeCafe: 60132
instSizeNx: 165880
sortKey: 2
