aabbMax:
  X: 0.6118080019950867
  Y: 0.5840029716491699
  Z: 0.8644739985466003
aabbMin:
  X: -0.6880120038986206
  Y: -0.055886998772621155
  Z: -0.6989579796791077
boundingForTraverse: 0.6398900151252747
bugMask: 2
instSizeCafe: 23620
instSizeNx: 82568
sortKey: -1
