aabbMax:
  X: 2.7885899543762207
  Y: 5.471199989318848
  Z: 2.3676600456237793
aabbMin:
  X: -2.2240099906921387
  Y: -0.8121730089187622
  Z: -2.558350086212158
boundingForTraverse: 6.28337287902832
bugMask: 2
instSizeCafe: -1
instSizeNx: 121520
sortKey: -2
traverseDist: 150.0
