aabbMax:
  X: 3.508039951324463
  Y: 4.882050037384033
  Z: 3.2112300395965576
aabbMin:
  X: -3.3866899013519287
  Y: -0.10000099986791611
  Z: -3.6638600826263428
boundingForTraverse: 4.982050895690918
bugMask: 2
cursorOffsetY: 0.5
instSizeCafe: 35084
instSizeNx: 105224
rigidBodyCenterY: 0.9716150164604187
sortKey: 0
traverseDist: 150.0
