aabbMax:
  X: 8.303799629211426
  Y: 7.6634202003479
  Z: 8.016599655151367
aabbMin:
  X: -6.558229923248291
  Y: -2.01665997505188
  Z: -6.009459972381592
boundingForTraverse: 9.68008041381836
bugMask: 0
instSizeCafe: -1
instSizeNx: 165880
sortKey: 0
terrainTextures:
- !u 0xff4c1f00
