aabbMax:
  X: 0.9453020095825195
  Y: 1.4379600286483765
  Z: 1.0510599613189697
aabbMin:
  X: -1.021690011024475
  Y: -0.45760300755500793
  Z: -0.9660549759864807
boundingForTraverse: 1.895563006401062
bugMask: 2
instSizeCafe: 24148
instSizeNx: -1
sortKey: 0
