aabbMax:
  X: 5.8277997970581055
  Y: 10.30150032043457
  Z: 5.521120071411133
aabbMin:
  X: -6.063439846038818
  Y: -1.3188300132751465
  Z: -5.432779788970947
boundingForTraverse: 11.620330810546875
bugMask: 3
instSizeCafe: 141088
instSizeNx: -1
rigidBodyCenterY: 3.422300100326538
sortKey: 0
traverseDist: 150.0
