aabbMax:
  X: 5.02455997467041
  Y: 4.446979999542236
  Z: 4.0907697677612305
aabbMin:
  X: -3.93900990486145
  Y: -2.9938299655914307
  Z: -2.896320104598999
boundingForTraverse: 7.440810203552246
bugMask: 0
instSizeCafe: -1
instSizeNx: 96160
sortKey: -2
traverseDist: 150.0
