aabbMax:
  X: 0.8163110017776489
  Y: 1.1770999431610107
  Z: 0.8445410132408142
aabbMin:
  X: -0.8058189749717712
  Y: -0.3470200002193451
  Z: -0.7059260010719299
boundingForTraverse: 1.5241199731826782
bugMask: 2
instSizeCafe: 23252
instSizeNx: -1
sortKey: 0
