aabbMax:
  X: 0.11080200225114822
  Y: 0.3577289879322052
  Z: 0.21084600687026978
aabbMin:
  X: -0.12233400344848633
  Y: 0.17298699915409088
  Z: -0.14744099974632263
boundingForTraverse: 0.1847420036792755
bugMask: 1
cursorOffsetY: 0.30000001192092896
instSizeCafe: -1
instSizeNx: 84248
lookAtOffsetY: 0.20000000298023224
sortKey: 21370
