aabbMax:
  X: 2.6299901008605957
  Y: 14.872300148010254
  Z: 2.8227500915527344
aabbMin:
  X: -2.333329916000366
  Y: -1.5391499996185303
  Z: -2.5800399780273438
boundingForTraverse: 16.411449432373047
bugMask: 3
cursorOffsetY: 0.5
instSizeCafe: -1
instSizeNx: 271696
rigidBodyCenterY: 7.849999904632568
sortKey: -3
traverseDist: 150.0
