aabbMax:
  X: 17.786300659179688
  Y: 6.709710121154785
  Z: 24.361000061035156
aabbMin:
  X: -17.464500427246094
  Y: -6.8014302253723145
  Z: -24.934499740600586
boundingForTraverse: 13.511140823364258
bugMask: 0
cursorOffsetY: 0.5
instSizeCafe: 17396
instSizeNx: 75656
sortKey: -2
terrainTextures:
- !u 0xffffff37
