aabbMax:
  X: 0.7007420063018799
  Y: 1.2052899599075317
  Z: 0.5803020000457764
aabbMin:
  X: -0.45915400981903076
  Y: -0.15086600184440613
  Z: -0.639519989490509
boundingForTraverse: 1.3561559915542603
bugMask: 2
instSizeCafe: 23240
instSizeNx: -1
sortKey: 0
