aabbMax:
  X: 0.7426559925079346
  Y: 1.0728299617767334
  Z: 0.7716770172119141
aabbMin:
  X: -0.7795550227165222
  Y: -0.0037150001153349876
  Z: -0.5638260245323181
boundingForTraverse: 1.076545000076294
bugMask: 2
instSizeCafe: 23232
instSizeNx: -1
sortKey: 0
