aabbMax:
  X: 4.842259883880615
  Y: 10.827899932861328
  Z: 6.083940029144287
aabbMin:
  X: -4.677070140838623
  Y: -0.75
  Z: -4.263710021972656
boundingForTraverse: 11.577899932861328
bugMask: 1
cursorOffsetY: 0.5
instSizeCafe: 84076
instSizeNx: 217616
rigidBodyCenterY: 0.550000011920929
sortKey: -1
traverseDist: 150.0
