aabbMax:
  X: 1.3883299827575684
  Y: 1.2921799421310425
  Z: 0.9522169828414917
aabbMin:
  X: -1.1770000457763672
  Y: -0.3674379885196686
  Z: -0.992995023727417
boundingForTraverse: 1.6596180200576782
bugMask: 3
cursorOffsetY: 0.5
instSizeCafe: 46592
instSizeNx: -1
rigidBodyCenterY: 0.4133169949054718
sortKey: -3
