aabbMax:
  X: 1.0381799936294556
  Y: 2.637120008468628
  Z: 1.129289984703064
aabbMin:
  X: -0.8860669732093811
  Y: -0.25604501366615295
  Z: -0.8253499865531921
boundingForTraverse: 2.893165111541748
bugMask: 3
cursorOffsetY: 1.5
farModelCulling:
  center:
    X: 0.0
    Y: 1.350000023841858
    Z: 0.0
  height: 1.350000023841858
  radius: 1.2000000476837158
homeArea:
- name: EldinCanyon
- name: EastHateru
- name: GerudoHighlands
instSizeCafe: 48504
instSizeNx: -1
locators:
- pos_x: 0.14000000059604645
  pos_y: 1.399999976158142
  pos_z: 0.9900000095367432
  rot_x: 90.0
  rot_y: 0.0
  rot_z: 180.0
  type: Trunk
rigidBodyCenterY: 1.0749499797821045
sortKey: 71002
traverseDist: 400.0
