aabbMax:
  X: 2.158989906311035
  Y: 2.7292098999023438
  Z: 2.6894800662994385
aabbMin:
  X: -2.158989906311035
  Y: 0.0
  Z: -2.8482799530029297
boundingForTraverse: 2.7292098999023438
bugMask: 0
cursorOffsetY: 0.5
instSizeCafe: -1
instSizeNx: 120768
sortKey: -2
