aabbMax:
  X: 3.3341898918151855
  Y: 10.599100112915039
  Z: 1.810960054397583
aabbMin:
  X: -2.955899953842163
  Y: -1.5921000242233276
  Z: -2.1651198863983154
boundingForTraverse: 12.191200256347656
bugMask: 3
cursorOffsetY: 0.5
instSizeCafe: 183292
instSizeNx: -1
rigidBodyCenterY: 4.630640029907227
sortKey: 1
traverseDist: 150.0
