aabbMax:
  X: 2.0653700828552246
  Y: 0.0190420001745224
  Z: 2.0649499893188477
aabbMin:
  X: -1.5
  Y: 0.015829000622034073
  Z: -1.7046300172805786
boundingForTraverse: 0.0032130000181496143
bugMask: 2
instSizeCafe: 22156
instSizeNx: -1
sortKey: 0
