aabbMax:
  X: 61.53200149536133
  Y: 71.27799987792969
  Z: 100.50299835205078
aabbMin:
  X: -32.179100036621094
  Y: -36.867000579833984
  Z: -42.53219985961914
boundingForTraverse: 108.14500427246094
bugMask: 0
cursorOffsetY: 0.5
instSizeCafe: 28756
instSizeNx: -1
sortKey: -2
terrainTextures:
- !u 0xffffff3e
traverseDist: 670.99951171875
