aabbMax:
  X: 8.399629592895508
  Y: 21.000499725341797
  Z: 11.180800437927246
aabbMin:
  X: -11.965999603271484
  Y: -1.7327200174331665
  Z: -7.657159805297852
boundingForTraverse: 22.733219146728516
bugMask: 1
instSizeCafe: 76596
instSizeNx: 157464
locators:
- pos_x: -0.8999999761581421
  pos_y: 2.799999952316284
  pos_z: 3.450000047683716
  rot_x: 90.0
  rot_y: 6.0
  rot_z: -180.0
  type: Trunk
- pos_x: -0.30000001192092896
  pos_y: 3.200000047683716
  pos_z: -2.619999885559082
  rot_x: -90.0
  rot_y: -0.5
  rot_z: 0.0
  type: Trunk
- pos_x: -2.5
  pos_y: 15.729999542236328
  pos_z: 0.3700000047683716
  rot_x: -5.0
  rot_y: 0.0
  rot_z: 0.0
  type: Branch
- pos_x: -0.029999999329447746
  pos_y: 15.609999656677246
  pos_z: 0.4000000059604645
  rot_x: -3.5
  rot_y: 0.20000000298023224
  rot_z: 12.0
  type: OnTree
sortKey: 0
traverseDist: 500.0
