aabbMax:
  X: 1.936959981918335
  Y: 1.5142600536346436
  Z: 1.188330054283142
aabbMin:
  X: -1.4465700387954712
  Y: -0.5047060251235962
  Z: -1.4437799453735352
boundingForTraverse: 2.01896595954895
bugMask: 2
instSizeCafe: 23252
instSizeNx: 82480
sortKey: 0
