aabbMax:
  X: 54.92279815673828
  Y: 3.555609941482544
  Z: 19.903200149536133
aabbMin:
  X: -3.270659923553467
  Y: -15.858400344848633
  Z: -2.373610019683838
boundingForTraverse: 19.414011001586914
bugMask: 0
cursorOffsetY: 0.5
instSizeCafe: 60128
instSizeNx: -1
sortKey: 0
traverseDist: 562.3115844726562
