aabbMax:
  X: 2.0653700828552246
  Y: 0.19848500192165375
  Z: 2.0649499893188477
aabbMin:
  X: -1.5
  Y: -0.007701999973505735
  Z: -1.7046300172805786
boundingForTraverse: 0.20618699491024017
bugMask: 2
instSizeCafe: 32664
instSizeNx: -1
sortKey: 0
