aabbMax:
  X: 10.549400329589844
  Y: 1.5522199869155884
  Z: 10.741000175476074
aabbMin:
  X: -10.21720027923584
  Y: -4.123700141906738
  Z: -10.33080005645752
boundingForTraverse: 5.675920009613037
bugMask: 0
instSizeCafe: 28760
instSizeNx: 96160
sortKey: 0
terrainTextures:
- !u 0xff4c1f00
traverseDist: 529.5850219726562
