aabbMax:
  X: 0.6986470222473145
  Y: 0.8232669830322266
  Z: 0.7651020288467407
aabbMin:
  X: -0.8649230003356934
  Y: -0.13926400244235992
  Z: -0.9317560195922852
boundingForTraverse: 0.9625309705734253
bugMask: 2
cursorOffsetY: 0.5
instSizeCafe: -1
instSizeNx: 82480
sortKey: 0
