aabbMax:
  X: 2.492690086364746
  Y: 5.034420013427734
  Z: 2.8532400131225586
aabbMin:
  X: -2.4427199363708496
  Y: -0.5023660063743591
  Z: -2.6139299869537354
boundingForTraverse: 5.536786079406738
bugMask: 2
cursorOffsetY: 0.5
instSizeCafe: -1
instSizeNx: 105224
rigidBodyCenterY: 1.257290005683899
sortKey: -1
traverseDist: 150.0
