aabbMax:
  X: 2.6299901008605957
  Y: 18.392099380493164
  Z: 2.2455499172210693
aabbMin:
  X: -2.333329916000366
  Y: -1.5391499996185303
  Z: -2.5922300815582275
boundingForTraverse: 19.931249618530273
bugMask: 3
instSizeCafe: 163360
instSizeNx: 410960
rigidBodyCenterY: 8.784210205078125
sortKey: 5
traverseDist: 150.0
