aabbMax:
  X: 10.424599647521973
  Y: 1.5262999534606934
  Z: 10.863900184631348
aabbMin:
  X: -10.11870002746582
  Y: -4.384429931640625
  Z: -10.489800453186035
boundingForTraverse: 5.910729885101318
bugMask: 0
instSizeCafe: -1
instSizeNx: 96160
sortKey: 0
terrainTextures:
- !u 0xff4c1f00
traverseDist: 1000.0
