aabbMax:
  X: 0.6920689940452576
  Y: 1.1868499517440796
  Z: 0.6638200283050537
aabbMin:
  X: -0.5484820008277893
  Y: -0.10514499992132187
  Z: -0.6055330038070679
boundingForTraverse: 1.2919950485229492
bugMask: 2
instSizeCafe: 23252
instSizeNx: -1
sortKey: 0
