aabbMax:
  X: 4.842259883880615
  Y: 10.902899742126465
  Z: 6.083940029144287
aabbMin:
  X: -4.713719844818115
  Y: -0.75
  Z: -4.263710021972656
boundingForTraverse: 11.652899742126465
bugMask: 3
cursorOffsetY: 0.5
instSizeCafe: 140064
instSizeNx: 357712
rigidBodyCenterY: 3.156860113143921
sortKey: 0
traverseDist: 150.0
