aabbMax:
  X: 1.3268699645996094
  Y: 1.302649974822998
  Z: 1.1314400434494019
aabbMin:
  X: -1.1124600172042847
  Y: -0.27586400508880615
  Z: -1.036139965057373
boundingForTraverse: 1.5785139799118042
bugMask: 2
instSizeCafe: 24192
instSizeNx: 82544
sortKey: 0
traverseDist: 100.0
