aabbMax:
  X: 0.5816389918327332
  Y: 0.9132069945335388
  Z: 0.7508630156517029
aabbMin:
  X: -0.9285780191421509
  Y: -0.14737099409103394
  Z: -0.9447810053825378
boundingForTraverse: 1.0605779886245728
bugMask: 2
cursorOffsetY: 0.5
instSizeCafe: 23252
instSizeNx: 82480
sortKey: -1
