aabbMax:
  X: 0.7046070098876953
  Y: 1.2142000198364258
  Z: 0.5803020000457764
aabbMin:
  X: -0.45915400981903076
  Y: -0.15086600184440613
  Z: -0.639519989490509
boundingForTraverse: 1.3650660514831543
bugMask: 2
instSizeCafe: 23252
instSizeNx: -1
sortKey: 0
