aabbMax:
  X: 1.6100800037384033
  Y: 0.33507201075553894
  Z: 1.773800015449524
aabbMin:
  X: -2.072619915008545
  Y: -0.18976399302482605
  Z: -1.5814100503921509
boundingForTraverse: 0.524836003780365
bugMask: 2
cursorOffsetY: 0.5
instSizeCafe: 21912
instSizeNx: -1
sortKey: 0
