aabbMax:
  X: 2.564189910888672
  Y: 2.9447600841522217
  Z: 1.957610011100769
aabbMin:
  X: -2.2938499450683594
  Y: -1.108780026435852
  Z: -2.6338300704956055
boundingForTraverse: 4.053540229797363
bugMask: 2
cursorOffsetY: 0.5
instSizeCafe: 21244
instSizeNx: 80592
sortKey: 0
traverseDist: 150.0
