aabbMax:
  X: 3.3699800968170166
  Y: 13.05049991607666
  Z: 3.6901800632476807
aabbMin:
  X: -4.07358980178833
  Y: -2.0765600204467773
  Z: -4.367730140686035
boundingForTraverse: 15.127059936523438
bugMask: 3
instSizeCafe: 176664
instSizeNx: -1
rigidBodyCenterY: 5.38677978515625
sortKey: 17
traverseDist: 150.0
