aabbMax:
  X: 1.5724200010299683
  Y: 5.405320167541504
  Z: 1.7457200288772583
aabbMin:
  X: -1.7047200202941895
  Y: -0.19903099536895752
  Z: -1.4835699796676636
boundingForTraverse: 5.604351043701172
bugMask: 2
cursorOffsetY: 0.5
instSizeCafe: -1
instSizeNx: 128440
rigidBodyCenterY: 2.0861198902130127
sortKey: -2
traverseDist: 150.0
