aabbMax:
  X: 11.153900146484375
  Y: 9.23939037322998
  Z: 5.307509899139404
aabbMin:
  X: -4.3371100425720215
  Y: -1.4394099712371826
  Z: -4.927810192108154
boundingForTraverse: 10.678800582885742
bugMask: 0
cursorOffsetY: 0.5
instSizeCafe: 18796
instSizeNx: -1
sortKey: 2
terrainTextures:
- !u 0xffffff3e
