aabbMax:
  X: 3.520430088043213
  Y: 2.6200599670410156
  Z: 2.241689920425415
aabbMin:
  X: -2.757580041885376
  Y: -0.40463098883628845
  Z: -2.0450100898742676
boundingForTraverse: 3.024691104888916
bugMask: 0
instSizeCafe: -1
instSizeNx: 96160
sortKey: 0
terrainTextures:
- !u 0xffffff04
