aabbMax:
  X: 1.7162200212478638
  Y: 0.22996599972248077
  Z: 1.674090027809143
aabbMin:
  X: -1.4603099822998047
  Y: -0.8729869723320007
  Z: -3.1475799083709717
boundingForTraverse: 1.1029529571533203
bugMask: 0
instSizeCafe: 17460
instSizeNx: -1
sortKey: -2
traverseDist: 150.0
