aabbMax:
  X: 3.375339984893799
  Y: 9.05321979522705
  Z: 4.9671502113342285
aabbMin:
  X: -3.9019699096679688
  Y: -1.2498799562454224
  Z: -3.7870800495147705
boundingForTraverse: 10.303099632263184
bugMask: 1
instSizeCafe: 86120
instSizeNx: -1
lookAtOffsetY: 1.100000023841858
rigidBodyCenterY: 0.550000011920929
sortKey: 0
traverseDist: 150.0
