aabbMax:
  X: 0.7900390028953552
  Y: 1.0129400491714478
  Z: 0.9835569858551025
aabbMin:
  X: -1.0217100381851196
  Y: -3.007460117340088
  Z: -1.104349970817566
boundingForTraverse: 4.020400047302246
bugMask: 2
instSizeCafe: -1
instSizeNx: 80560
sortKey: -1
