aabbMax:
  X: 0.9488869905471802
  Y: 0.948885977268219
  Z: 0.0
aabbMin:
  X: -0.948885977268219
  Y: -0.9488869905471802
  Z: 0.0
boundingForTraverse: 1.897773027420044
bugMask: 1
instSizeCafe: -1
instSizeNx: 113400
sortKey: 0
