aabbMax:
  X: 0.17567099630832672
  Y: 0.058097999542951584
  Z: 0.1064160019159317
aabbMin:
  X: -0.19432899355888367
  Y: -0.5835750102996826
  Z: -0.10564900189638138
boundingForTraverse: 0.6416730284690857
bugMask: 1
instSizeCafe: -1
instSizeNx: 101576
sortKey: 0
