aabbMax:
  X: 8.90818977355957
  Y: 16.051000595092773
  Z: 24.531600952148438
aabbMin:
  X: -9.560879707336426
  Y: -2.391050100326538
  Z: -25.880800247192383
boundingForTraverse: 18.44205093383789
bugMask: 0
instSizeCafe: 51200
instSizeNx: 145368
sortKey: 0
traverseDist: 800.0
