aabbMax:
  X: 0.10040999948978424
  Y: 0.04704499989748001
  Z: 1.0615099668502808
aabbMin:
  X: -0.10040999948978424
  Y: -0.04705100134015083
  Z: -0.08547800034284592
boundingForTraverse: 0.09409599751234055
bugMask: 3
cursorOffsetY: 0.20000000298023224
instSizeCafe: 41932
instSizeNx: 114728
sortKey: 40
traverseDist: 150.0
