aabbMax:
  X: 0.8139330148696899
  Y: 1.407349944114685
  Z: 0.7696110010147095
aabbMin:
  X: -0.8712400197982788
  Y: -0.12547799944877625
  Z: -1.012220025062561
boundingForTraverse: 1.5328279733657837
bugMask: 2
cursorOffsetY: 0.5
instSizeCafe: 23232
instSizeNx: -1
sortKey: 0
