aabbMax:
  X: 5.021669864654541
  Y: 11.017399787902832
  Z: 7.441229820251465
aabbMin:
  X: -7.002079963684082
  Y: -0.5542799830436707
  Z: -8.193349838256836
boundingForTraverse: 11.571680068969727
bugMask: 3
instSizeCafe: 161056
instSizeNx: 406864
rigidBodyCenterY: 4.20028018951416
sortKey: 0
traverseDist: 150.0
