aabbMax:
  X: 0.9590229988098145
  Y: 1.0392400026321411
  Z: 1.0052200555801392
aabbMin:
  X: -1.0438599586486816
  Y: -0.4640119969844818
  Z: -0.8471199870109558
boundingForTraverse: 1.5032520294189453
bugMask: 2
cursorOffsetY: 0.5
instSizeCafe: -1
instSizeNx: 82448
sortKey: -1
