aabbMax:
  X: 4.239990234375
  Y: 19.887100219726562
  Z: 4.570409774780273
aabbMin:
  X: -4.470489978790283
  Y: -2.070810079574585
  Z: -4.840519905090332
boundingForTraverse: 21.957910537719727
bugMask: 3
instSizeCafe: 155388
instSizeNx: -1
rigidBodyCenterY: 8.824060440063477
sortKey: -4
traverseDist: 150.0
