aabbMax:
  X: 3.381279945373535
  Y: 14.823699951171875
  Z: 3.2141799926757812
aabbMin:
  X: -4.837870121002197
  Y: -1.6702200174331665
  Z: -5.265729904174805
boundingForTraverse: 16.493919372558594
bugMask: 3
instSizeCafe: 176160
instSizeNx: -1
rigidBodyCenterY: 6.009960174560547
sortKey: 14
traverseDist: 150.0
