aabbMax:
  X: 19.934600830078125
  Y: 6.709710121154785
  Z: 23.717100143432617
aabbMin:
  X: -15.316100120544434
  Y: -6.8014302253723145
  Z: -25.578500747680664
boundingForTraverse: 13.511140823364258
bugMask: 0
cursorOffsetY: 0.5
instSizeCafe: 18544
instSizeNx: -1
sortKey: 2
terrainTextures:
- !u 0xffffff3e
