aabbMax:
  X: 4.280350208282471
  Y: 4.294179916381836
  Z: 4.249670028686523
aabbMin:
  X: -4.432829856872559
  Y: -0.3052229881286621
  Z: -3.4411299228668213
boundingForTraverse: 4.599402904510498
bugMask: 0
instSizeCafe: 18796
instSizeNx: -1
sortKey: 0
terrainTextures:
- !u 0xffffff03
