aabbMax:
  X: 0.667527973651886
  Y: 1.0838799476623535
  Z: 0.5677130222320557
aabbMin:
  X: -0.5484820008277893
  Y: -0.1553650051355362
  Z: -0.535256028175354
boundingForTraverse: 1.239245057106018
bugMask: 2
cursorOffsetY: 0.5
instSizeCafe: -1
instSizeNx: 82448
sortKey: 0
