aabbMax:
  X: 0.131400004029274
  Y: 0.023753000423312187
  Z: 0.07919999957084656
aabbMin:
  X: -0.13199999928474426
  Y: -0.02230300009250641
  Z: -0.07874400168657303
boundingForTraverse: 0.04605700075626373
bugMask: 3
instSizeCafe: 70792
instSizeNx: 173304
sortKey: 1
