aabbMax:
  X: 20.991100311279297
  Y: 26.27280044555664
  Z: 20.721900939941406
aabbMin:
  X: -22.899099349975586
  Y: -7.353940010070801
  Z: -23.441600799560547
boundingForTraverse: 33.626739501953125
bugMask: 0
cursorOffsetY: 0.5
instSizeCafe: 52352
instSizeNx: 145368
sortKey: 2
traverseDist: 562.263671875
