aabbMax:
  X: 7.408840179443359
  Y: 3.343169927597046
  Z: 4.334859848022461
aabbMin:
  X: -5.688720226287842
  Y: -0.8441749811172485
  Z: -4.3238701820373535
boundingForTraverse: 4.187345027923584
bugMask: 1
cursorOffsetY: 0.5
instSizeCafe: 18572
instSizeNx: 75704
sortKey: -3
