aabbMax:
  X: 5.94612979888916
  Y: 0.8483020067214966
  Z: 3.909019947052002
aabbMin:
  X: -6.11322021484375
  Y: -1.2917300462722778
  Z: -5.851200103759766
boundingForTraverse: 2.1400320529937744
bugMask: 0
cursorOffsetY: 0.5
instSizeCafe: -1
instSizeNx: 79096
sortKey: 12
terrainTextures:
- !u 0xffffff32
traverseDist: 200.0
