aabbMax:
  X: 0.8828690052032471
  Y: 0.8378490209579468
  Z: 0.7896559834480286
aabbMin:
  X: -1.3409600257873535
  Y: -0.5314779877662659
  Z: -1.1484400033950806
boundingForTraverse: 1.3693269491195679
bugMask: 2
cursorOffsetY: 0.5
instSizeCafe: 23492
instSizeNx: -1
sortKey: 0
