aabbMax:
  X: 13.300399780273438
  Y: 5.717249870300293
  Z: 6.660289764404297
aabbMin:
  X: -14.833600044250488
  Y: -2.6407699584960938
  Z: -9.847220420837402
boundingForTraverse: 8.358019828796387
bugMask: 0
instSizeCafe: 27604
instSizeNx: -1
sortKey: 0
terrainTextures:
- !u 0xff4c1f00
traverseDist: 500.0
