aabbMax:
  X: 0.5342689752578735
  Y: 1.1117199659347534
  Z: 0.6303920149803162
aabbMin:
  X: -0.5298799872398376
  Y: -0.005231999792158604
  Z: -0.5125759840011597
boundingForTraverse: 1.1169509887695312
bugMask: 3
cursorOffsetY: 0.5
instSizeCafe: -1
instSizeNx: 155912
rigidBodyCenterY: 0.5132480263710022
sortKey: -2
