aabbMax:
  X: 6.349400043487549
  Y: 8.213919639587402
  Z: 5.70334005355835
aabbMin:
  X: -6.206049919128418
  Y: -0.6967999935150146
  Z: -5.508540153503418
boundingForTraverse: 8.910719871520996
bugMask: 1
instSizeCafe: -1
instSizeNx: 217616
locators:
- pos_x: 0.05000000074505806
  pos_y: 1.100000023841858
  pos_z: 0.5
  rot_x: 90.0
  rot_y: 0.0
  rot_z: -180.0
  type: Trunk
lookAtOffsetY: 1.100000023841858
rigidBodyCenterY: 0.3192479908466339
sortKey: 0
traverseDist: 150.0
