aabbMax:
  X: 1.0433100461959839
  Y: 6.277130126953125
  Z: 1.1842800378799438
aabbMin:
  X: -1.6310100555419922
  Y: -1.9681999683380127
  Z: -1.1118600368499756
boundingForTraverse: 8.245329856872559
bugMask: 1
instSizeCafe: 116488
instSizeNx: -1
locators:
- pos_x: 0.0
  pos_y: 1.7000000476837158
  pos_z: 0.699999988079071
  rot_x: -90.0
  rot_y: 180.0
  rot_z: 0.0
  type: Trunk
lookAtOffsetY: 1.100000023841858
rigidBodyCenterY: 3.376070022583008
sortKey: 0
traverseDist: 150.0
