aabbMax:
  X: 21.05660057067871
  Y: 39.98320007324219
  Z: 19.94179916381836
aabbMin:
  X: -19.4689998626709
  Y: -2.9307000637054443
  Z: -21.254100799560547
boundingForTraverse: 42.91389846801758
bugMask: 1
cursorOffsetY: 0.5
instSizeCafe: 89592
instSizeNx: 196408
locators:
- pos_x: 0.7200000286102295
  pos_y: 3.0999999046325684
  pos_z: -2.21589994430542
  rot_x: 90.0
  rot_y: -168.6999969482422
  rot_z: 180.0
  type: Trunk
- pos_x: -2.115000009536743
  pos_y: 12.020000457763672
  pos_z: 0.19059999287128448
  rot_x: 270.0
  rot_y: 102.30000305175781
  rot_z: 8.0
  type: Trunk
- pos_x: 0.3569999933242798
  pos_y: 8.050000190734863
  pos_z: 1.8044999837875366
  rot_x: -90.0
  rot_y: 192.5
  rot_z: 0.0
  type: Trunk
- pos_x: -1.0549999475479126
  pos_y: 6.008999824523926
  pos_z: -1.5570000410079956
  rot_x: -89.0
  rot_y: 33.5
  rot_z: 0.0
  type: Trunk
lookAtOffsetY: 1.100000023841858
sortKey: 0
