aabbMax:
  X: 0.5445830225944519
  Y: 1.109969973564148
  Z: 0.5755770206451416
aabbMin:
  X: -0.5876569747924805
  Y: -0.2618339955806732
  Z: -0.5328540205955505
boundingForTraverse: 1.3718039989471436
bugMask: 2
instSizeCafe: 23232
instSizeNx: -1
sortKey: 0
