aabbMax:
  X: 6.858339786529541
  Y: 13.534700393676758
  Z: 5.394390106201172
aabbMin:
  X: -6.781109809875488
  Y: -1.7056599855422974
  Z: -6.601510047912598
boundingForTraverse: 15.240360260009766
bugMask: 3
cursorOffsetY: 0.5
instSizeCafe: 142368
instSizeNx: 361808
rigidBodyCenterY: 3.5906898975372314
sortKey: -10
traverseDist: 150.0
