aabbMax:
  X: 5.021669864654541
  Y: 11.017399787902832
  Z: 7.441229820251465
aabbMin:
  X: -7.002079963684082
  Y: -0.5542799830436707
  Z: -8.193349838256836
boundingForTraverse: 11.571680068969727
bugMask: 1
instSizeCafe: 94312
instSizeNx: -1
locators:
- pos_x: 0.0
  pos_y: 1.600000023841858
  pos_z: 0.5
  rot_x: 90.0
  rot_y: 0.0
  rot_z: -180.0
  type: Trunk
lookAtOffsetY: 1.100000023841858
rigidBodyCenterY: -0.23540599644184113
sortKey: 0
traverseDist: 150.0
