aabbMax:
  X: 91.20899963378906
  Y: 13.336400032043457
  Z: 69.91419982910156
aabbMin:
  X: -87.76129913330078
  Y: -8.09846019744873
  Z: -70.93229675292969
boundingForTraverse: 21.434860229492188
bugMask: 0
cursorOffsetY: 0.5
instSizeCafe: 38044
instSizeNx: -1
sortKey: 0
terrainTextures:
- !u 0xff373108
traverseDist: 1000.0
