aabbMax:
  X: 2.023099899291992
  Y: 3.5755300521850586
  Z: 1.257889986038208
aabbMin:
  X: -0.629173994064331
  Y: -0.0996989980340004
  Z: -1.088170051574707
boundingForTraverse: 3.675229072570801
bugMask: 2
cursorOffsetY: 0.5
instSizeCafe: 34836
instSizeNx: 105248
rigidBodyCenterY: 0.7760469913482666
sortKey: 0
traverseDist: 150.0
