aabbMax:
  X: 1.7102899551391602
  Y: 1.8307900428771973
  Z: 1.6869900226593018
aabbMin:
  X: -2.0463099479675293
  Y: -0.26740700006484985
  Z: -1.6530499458312988
boundingForTraverse: 2.0981969833374023
bugMask: 2
instSizeCafe: 24192
instSizeNx: -1
sortKey: -1
traverseDist: 100.0
