aabbMax:
  X: 3.382230043411255
  Y: 3.201859951019287
  Z: 4.2421698570251465
aabbMin:
  X: -4.57889986038208
  Y: -1.4306600093841553
  Z: -4.3966898918151855
boundingForTraverse: 4.6325201988220215
bugMask: 1
cursorOffsetY: 0.5
instSizeCafe: 18572
instSizeNx: -1
sortKey: 2
terrainTextures:
- !u 0xffffff3e
