aabbMax:
  X: 5.5476298332214355
  Y: 5.134130001068115
  Z: 3.7369799613952637
aabbMin:
  X: -3.6039299964904785
  Y: -0.30081701278686523
  Z: -3.3632500171661377
boundingForTraverse: 5.4349470138549805
bugMask: 0
cursorOffsetY: 0.5
instSizeCafe: 18548
instSizeNx: -1
sortKey: -6
terrainTextures:
- !u 0xffffff3e
