aabbMax:
  X: 0.6437199711799622
  Y: 0.6330580115318298
  Z: 0.40822699666023254
aabbMin:
  X: -0.5230699777603149
  Y: -0.649304986000061
  Z: -0.4682050049304962
boundingForTraverse: 1.2823630571365356
bugMask: 0
cursorOffsetY: 0.5
instSizeCafe: 18844
instSizeNx: -1
sortKey: 52014
