aabbMax:
  X: 0.29272499680519104
  Y: 0.060210999101400375
  Z: 0.2095949947834015
aabbMin:
  X: -0.29272499680519104
  Y: -0.0003499999875202775
  Z: -0.2095949947834015
boundingForTraverse: 0.06056100130081177
bugMask: 1
cursorOffsetY: 0.30000001192092896
instSizeCafe: 45336
instSizeNx: 122072
sortKey: -18
