aabbMax:
  X: 11.353799819946289
  Y: 22.779800415039062
  Z: 7.636340141296387
aabbMin:
  X: -7.030720233917236
  Y: -2.6779301166534424
  Z: -9.310250282287598
boundingForTraverse: 25.457731246948242
bugMask: 0
instSizeCafe: -1
instSizeNx: 75656
sortKey: 0
terrainTextures:
- !u 0xffffff04
