aabbMax:
  X: 1.3764899969100952
  Y: 1.3218499422073364
  Z: 1.306570053100586
aabbMin:
  X: -1.6251300573349
  Y: -0.9352689981460571
  Z: -1.1236799955368042
boundingForTraverse: 2.2571189403533936
bugMask: 0
cursorOffsetY: 0.5
instSizeCafe: 39092
instSizeNx: -1
sortKey: -1
traverseDist: 150.0
