aabbMax:
  X: 0.8005599975585938
  Y: 1.0183900594711304
  Z: 0.9120500087738037
aabbMin:
  X: -0.9254580140113831
  Y: -0.24350400269031525
  Z: -0.5870220065116882
boundingForTraverse: 1.2618939876556396
bugMask: 2
instSizeCafe: 23252
instSizeNx: -1
sortKey: 0
