aabbMax:
  X: 0.8290079832077026
  Y: 1.511080026626587
  Z: 0.7786250114440918
aabbMin:
  X: -0.7315179705619812
  Y: -0.19635699689388275
  Z: -0.8655019998550415
boundingForTraverse: 1.7074370384216309
bugMask: 2
cursorOffsetY: 0.5
instSizeCafe: -1
instSizeNx: 82448
sortKey: 0
