aabbMax:
  X: 0.8734899759292603
  Y: 1.3627599477767944
  Z: 0.9151650071144104
aabbMin:
  X: -1.0139199495315552
  Y: -0.09901999682188034
  Z: -0.7823070287704468
boundingForTraverse: 1.4617799520492554
bugMask: 2
instSizeCafe: 23240
instSizeNx: -1
sortKey: 0
