aabbMax:
  X: 9.254630088806152
  Y: 4.654880046844482
  Z: 8.867520332336426
aabbMin:
  X: -8.092559814453125
  Y: -2.233609914779663
  Z: -7.2283101081848145
boundingForTraverse: 6.888490200042725
bugMask: 0
cursorOffsetY: 0.5
instSizeCafe: 17392
instSizeNx: -1
sortKey: 3
terrainTextures:
- !u 0xffffff32
