aabbMax:
  X: 4.862539768218994
  Y: 17.71489906311035
  Z: 5.811659812927246
aabbMin:
  X: -5.635270118713379
  Y: -3.175339937210083
  Z: -4.032899856567383
boundingForTraverse: 20.890239715576172
bugMask: 3
instSizeCafe: 166876
instSizeNx: -1
rigidBodyCenterY: 5.138790130615234
sortKey: 0
traverseDist: 150.0
