aabbMax:
  X: 54.44139862060547
  Y: 3.5162599086761475
  Z: 19.437999725341797
aabbMin:
  X: -3.164489984512329
  Y: -12.826700210571289
  Z: 2.5198400020599365
boundingForTraverse: 16.342960357666016
bugMask: 0
instSizeCafe: -1
instSizeNx: 116672
sortKey: 0
terrainTextures:
- !u 0xff4c1f00
