aabbMax:
  X: 3.7084600925445557
  Y: 13.27869987487793
  Z: 3.6244099140167236
aabbMin:
  X: -3.710390090942383
  Y: -1.5891300439834595
  Z: -3.6244099140167236
boundingForTraverse: 14.867830276489258
bugMask: 1
cursorOffsetY: 0.5
instSizeCafe: 84780
instSizeNx: -1
rigidBodyCenterY: -0.24004100263118744
sortKey: -4
terrainTextures:
- !u 0xffffff4d
traverseDist: 150.0
