aabbMax:
  X: 0.7539550065994263
  Y: 0.9431149959564209
  Z: 0.7925429940223694
aabbMin:
  X: -0.9138399958610535
  Y: -0.490449994802475
  Z: -0.9110289812088013
boundingForTraverse: 1.4335650205612183
bugMask: 2
instSizeCafe: 23232
instSizeNx: -1
sortKey: -1
