aabbMax:
  X: 2.6299901008605957
  Y: 18.339500427246094
  Z: 2.2455499172210693
aabbMin:
  X: -2.333329916000366
  Y: -1.5391499996185303
  Z: -2.5922300815582275
boundingForTraverse: 19.878650665283203
bugMask: 1
instSizeCafe: 87852
instSizeNx: -1
locators:
- pos_x: 0.0
  pos_y: 1.2999999523162842
  pos_z: 0.30000001192092896
  rot_x: 90.0
  rot_y: 0.0
  rot_z: -180.0
  type: Trunk
lookAtOffsetY: 1.100000023841858
rigidBodyCenterY: 0.05000000074505806
sortKey: -6
traverseDist: 150.0
