aabbMax:
  X: 11.6875
  Y: 12.659299850463867
  Z: 11.035499572753906
aabbMin:
  X: -9.618709564208984
  Y: -0.9539870023727417
  Z: -9.667240142822266
boundingForTraverse: 13.613286972045898
bugMask: 0
instSizeCafe: 49664
instSizeNx: 145368
sortKey: 0
terrainTextures:
- !u 0xff4c1f00
