aabbMax:
  X: 1.500100016593933
  Y: 1.6526299715042114
  Z: 1.2516000270843506
aabbMin:
  X: -1.2771999835968018
  Y: 0.0
  Z: -1.5575200319290161
boundingForTraverse: 1.6526299715042114
bugMask: 0
cursorOffsetY: 0.5
instSizeCafe: -1
instSizeNx: 116672
sortKey: -3
