aabbMax:
  X: 0.3975070118904114
  Y: 0.266525000333786
  Z: 0.3924970030784607
aabbMin:
  X: -0.38704198598861694
  Y: -0.030904000625014305
  Z: -0.39447900652885437
boundingForTraverse: 0.29742899537086487
bugMask: 0
cursorOffsetY: 0.5
instSizeCafe: -1
instSizeNx: 75920
sortKey: 0
