aabbMax:
  X: 1.3149199485778809
  Y: 0.5617089867591858
  Z: 1.0476000308990479
aabbMin:
  X: -1.0430999994277954
  Y: -0.36093300580978394
  Z: -1.0556999444961548
boundingForTraverse: 0.9226419925689697
bugMask: 2
instSizeCafe: 22428
instSizeNx: -1
sortKey: -1
