aabbMax:
  X: 14.34589958190918
  Y: 16.908300399780273
  Z: 10.203100204467773
aabbMin:
  X: -11.850799560546875
  Y: -1.7298200130462646
  Z: -11.614299774169922
boundingForTraverse: 18.638120651245117
bugMask: 1
instSizeCafe: 85920
instSizeNx: -1
locators:
- pos_x: 0.15000000596046448
  pos_y: 4.070000171661377
  pos_z: 1.600000023841858
  rot_x: 0.0
  rot_y: 0.0
  rot_z: 0.0
  type: Branch
- pos_x: -1.034000039100647
  pos_y: 1.7899999618530273
  pos_z: 1.5700000524520874
  rot_x: 97.44999694824219
  rot_y: 29.0
  rot_z: 182.0
  type: Trunk
- pos_x: -0.26499998569488525
  pos_y: 1.9700000286102295
  pos_z: -1.4950000047683716
  rot_x: -90.0
  rot_y: 0.0
  rot_z: 0.0
  type: Trunk
- pos_x: 0.4099999964237213
  pos_y: 8.039999961853027
  pos_z: -0.28999999165534973
  rot_x: 0.0
  rot_y: 0.0
  rot_z: 0.0
  type: OnTree
lookAtOffsetY: 1.100000023841858
sortKey: -2
traverseDist: 500.0
