aabbMax:
  X: 0.6143310070037842
  Y: 0.9865189790725708
  Z: 0.8778910040855408
aabbMin:
  X: -0.46852898597717285
  Y: -0.21674099564552307
  Z: -0.6518869996070862
boundingForTraverse: 1.2032599449157715
bugMask: 2
cursorOffsetY: 0.5
instSizeCafe: 23252
instSizeNx: -1
sortKey: 0
