aabbMax:
  X: 3.3699800968170166
  Y: 13.05049991607666
  Z: 3.6901800632476807
aabbMin:
  X: -4.07358980178833
  Y: -2.0765600204467773
  Z: -4.367730140686035
boundingForTraverse: 15.127059936523438
bugMask: 1
instSizeCafe: 120684
instSizeNx: -1
locators:
- pos_x: 0.0
  pos_y: 1.7000000476837158
  pos_z: 0.27000001072883606
  rot_x: -90.0
  rot_y: 180.0
  rot_z: 0.0
  type: Trunk
lookAtOffsetY: 1.100000023841858
rigidBodyCenterY: 0.05000000074505806
sortKey: 18
traverseDist: 150.0
