aabbMax:
  X: 0.8547019958496094
  Y: 0.8451859951019287
  Z: 0.816120982170105
aabbMin:
  X: -1.461940050125122
  Y: 0.003280000062659383
  Z: -0.9462239742279053
boundingForTraverse: 0.8419060111045837
bugMask: 0
cursorOffsetY: 0.5
instSizeCafe: -1
instSizeNx: 75656
sortKey: 2
