aabbMax:
  X: 12.255800247192383
  Y: 37.480899810791016
  Z: 15.152000427246094
aabbMin:
  X: -16.33609962463379
  Y: -2.208750009536743
  Z: -17.500999450683594
boundingForTraverse: 39.68965148925781
bugMask: 1
instSizeCafe: 80448
instSizeNx: -1
locators:
- pos_x: -1.0
  pos_y: 3.799999952316284
  pos_z: 1.781000018119812
  rot_x: 90.83399963378906
  rot_y: -5.835999965667725
  rot_z: -180.0
  type: Trunk
- pos_x: 2.0999999046325684
  pos_y: 5.502999782562256
  pos_z: -5.327099800109863
  rot_x: -81.98200225830078
  rot_y: 0.0
  rot_z: 0.0
  type: Trunk
- pos_x: 0.8669999837875366
  pos_y: 7.960999965667725
  pos_z: 2.700000047683716
  rot_x: 89.25599670410156
  rot_y: -1.0260000228881836
  rot_z: -180.0
  type: Trunk
- pos_x: -0.20000000298023224
  pos_y: 29.600000381469727
  pos_z: -3.0999999046325684
  rot_x: 0.0
  rot_y: 0.0
  rot_z: 0.0
  type: Branch
- pos_x: -1.0
  pos_y: 29.200000762939453
  pos_z: -0.30000001192092896
  rot_x: 0.0
  rot_y: 0.0
  rot_z: 0.0
  type: OnTree
sortKey: 0
traverseDist: 500.0
