aabbMax:
  X: 13.497200012207031
  Y: 9.186200141906738
  Z: 9.705960273742676
aabbMin:
  X: -15.020700454711914
  Y: -9.126850128173828
  Z: -8.491029739379883
boundingForTraverse: 18.31304931640625
bugMask: 0
cursorOffsetY: 0.5
instSizeCafe: 17136
instSizeNx: -1
sortKey: 0
terrainTextures:
- !u 0xffffff37
