aabbMax:
  X: 13.092700004577637
  Y: 6.788980007171631
  Z: 8.308670043945312
aabbMin:
  X: -6.617539882659912
  Y: -2.1734299659729004
  Z: -8.026740074157715
boundingForTraverse: 8.962409973144531
bugMask: 0
cursorOffsetY: 0.5
instSizeCafe: 18796
instSizeNx: -1
sortKey: 2
terrainTextures:
- !u 0xffffff3e
