aabbMax:
  X: 2.3030600547790527
  Y: 0.1413320004940033
  Z: 2.4702799320220947
aabbMin:
  X: -2.330859899520874
  Y: -0.15120600163936615
  Z: -1.9096800088882446
boundingForTraverse: 4.633920192718506
bugMask: 0
instSizeCafe: 17396
instSizeNx: -1
sortKey: 0
