aabbMax:
  X: 8.15192985534668
  Y: 12.680999755859375
  Z: 9.135720252990723
aabbMin:
  X: -11.192999839782715
  Y: -0.8195819854736328
  Z: -9.563170433044434
boundingForTraverse: 13.500581741333008
bugMask: 0
instSizeCafe: 38040
instSizeNx: -1
sortKey: 0
terrainTextures:
- !u 0xff4c1f00
