aabbMax:
  X: 1.294819951057434
  Y: 5.154789924621582
  Z: 0.7239099740982056
aabbMin:
  X: -1.4894599914550781
  Y: -0.07357499748468399
  Z: -0.2999669909477234
boundingForTraverse: 5.228364944458008
bugMask: 2
cursorOffsetY: 0.5
instSizeCafe: 57208
instSizeNx: -1
rigidBodyCenterY: 2.359339952468872
sortKey: 0
