aabbMax:
  X: 3.941659927368164
  Y: 16.743200302124023
  Z: 3.859369993209839
aabbMin:
  X: -3.7881200313568115
  Y: -2.518280029296875
  Z: -3.964709997177124
boundingForTraverse: 19.2614803314209
bugMask: 3
instSizeCafe: -1
instSizeNx: 410960
rigidBodyCenterY: 5.881219863891602
sortKey: -13
traverseDist: 150.0
