aabbMax:
  X: 2.197700023651123
  Y: 2.524930000305176
  Z: 1.7291200160980225
aabbMin:
  X: -2.416879892349243
  Y: -0.2221129983663559
  Z: -1.678189992904663
boundingForTraverse: 2.7470428943634033
bugMask: 2
instSizeCafe: -1
instSizeNx: 82536
sortKey: 0
traverseDist: 100.0
