aabbMax:
  X: 24.11479949951172
  Y: 9.457090377807617
  Z: 18.269399642944336
aabbMin:
  X: -19.517799377441406
  Y: -0.20000000298023224
  Z: -18.510400772094727
boundingForTraverse: 9.657090187072754
bugMask: 0
instSizeCafe: 82952
instSizeNx: -1
sortKey: 0
terrainTextures:
- !u 0xff4c1f00
traverseDist: 500.0
