aabbMax:
  X: 2.6077699661254883
  Y: 2.4604198932647705
  Z: 1.488700032234192
aabbMin:
  X: -2.360840082168579
  Y: -0.4885979890823364
  Z: -1.935670018196106
boundingForTraverse: 2.9490180015563965
bugMask: 2
cursorOffsetY: 0.5
instSizeCafe: 24192
instSizeNx: 82544
sortKey: -2
traverseDist: 100.0
