aabbMax:
  X: 1.3747800588607788
  Y: 1.5734000205993652
  Z: 1.6087199449539185
aabbMin:
  X: -1.2699600458145142
  Y: -0.6175270080566406
  Z: -1.3283400535583496
boundingForTraverse: 2.190927028656006
bugMask: 2
cursorOffsetY: 0.5
instSizeCafe: 23240
instSizeNx: -1
sortKey: 0
