aabbMax:
  X: 4.842259883880615
  Y: 10.827899932861328
  Z: 6.083940029144287
aabbMin:
  X: -4.677070140838623
  Y: -0.75
  Z: -4.263710021972656
boundingForTraverse: 11.577899932861328
bugMask: 1
instSizeCafe: -1
instSizeNx: 245400
locators:
- pos_x: -0.10000000149011612
  pos_y: 1.600000023841858
  pos_z: 0.6000000238418579
  rot_x: 90.0
  rot_y: 0.0
  rot_z: -180.0
  type: Trunk
- pos_x: -0.4000000059604645
  pos_y: 6.199999809265137
  pos_z: 0.5
  rot_x: 0.0
  rot_y: 0.0
  rot_z: 0.0
  type: Branch
lookAtOffsetY: 1.100000023841858
rigidBodyCenterY: 4.106669902801514
sortKey: -2
traverseDist: 150.0
