aabbMax:
  X: 0.6947420239448547
  Y: 0.9436129927635193
  Z: 0.7218909859657288
aabbMin:
  X: -0.7292609810829163
  Y: -0.06347600370645523
  Z: -0.5274500250816345
boundingForTraverse: 1.0070890188217163
bugMask: 2
instSizeCafe: 23252
instSizeNx: 82480
sortKey: 0
