aabbMax:
  X: 23.5044002532959
  Y: 24.407100677490234
  Z: 16.289600372314453
aabbMin:
  X: -13.173500061035156
  Y: -8.256139755249023
  Z: -20.61590003967285
boundingForTraverse: 32.663238525390625
bugMask: 1
instSizeCafe: 133548
instSizeNx: 264096
locators:
- pos_x: 0.7789999842643738
  pos_y: 3.0490000247955322
  pos_z: 2.13700008392334
  rot_x: 93.0
  rot_y: -11.0
  rot_z: -168.0
  type: Trunk
- pos_x: -1.4900000095367432
  pos_y: 1.600000023841858
  pos_z: -1.399999976158142
  rot_x: -85.58000183105469
  rot_y: 25.0
  rot_z: 0.0
  type: Trunk
- pos_x: 6.699999809265137
  pos_y: 11.369999885559082
  pos_z: -0.23000000417232513
  rot_x: 0.0
  rot_y: 0.0
  rot_z: 0.0
  type: Branch
- pos_x: 2.3399999141693115
  pos_y: 12.399999618530273
  pos_z: 0.23000000417232513
  rot_x: 0.0
  rot_y: 0.0
  rot_z: 0.0
  type: OnTree
lookAtOffsetY: 1.100000023841858
sortKey: 0
traverseDist: 500.0
