aabbMax:
  X: 0.912056028842926
  Y: 1.2380399703979492
  Z: 1.054550051689148
aabbMin:
  X: -0.8137670159339905
  Y: -0.24869400262832642
  Z: -0.7507230043411255
boundingForTraverse: 1.4867340326309204
bugMask: 2
cursorOffsetY: 0.5
instSizeCafe: 23252
instSizeNx: -1
sortKey: -1
