aabbMax:
  X: 1.3149199485778809
  Y: 0.5617089867591858
  Z: 1.0446900129318237
aabbMin:
  X: -1.0430999994277954
  Y: -0.36093300580978394
  Z: -1.058609962463379
boundingForTraverse: 0.9226419925689697
bugMask: 2
cursorOffsetY: 0.5
instSizeCafe: 22428
instSizeNx: -1
sortKey: -1
