aabbMax:
  X: 1.056820034980774
  Y: 1.7024799585342407
  Z: 0.721917986869812
aabbMin:
  X: -0.7760319709777832
  Y: -0.17865000665187836
  Z: -1.0603100061416626
boundingForTraverse: 1.8811299800872803
bugMask: 2
cursorOffsetY: 0.5
instSizeCafe: 23240
instSizeNx: -1
sortKey: 0
