aabbMax:
  X: 5.6864800453186035
  Y: 15.647700309753418
  Z: 5.211309909820557
aabbMin:
  X: -5.507880210876465
  Y: -0.9996640086174011
  Z: -5.114699840545654
boundingForTraverse: 16.647363662719727
bugMask: 3
cursorOffsetY: 0.5
instSizeCafe: -1
instSizeNx: 337224
rigidBodyCenterY: 4.75
sortKey: 0
traverseDist: 150.0
