aabbMax:
  X: 4.022299766540527
  Y: 8.909480094909668
  Z: 3.559720039367676
aabbMin:
  X: -5.163549900054932
  Y: -1.0208200216293335
  Z: -3.9625699520111084
boundingForTraverse: 9.930299758911133
bugMask: 1
instSizeCafe: 84480
instSizeNx: -1
locators:
- pos_x: 0.0
  pos_y: 1.0
  pos_z: 0.4000000059604645
  rot_x: 90.0
  rot_y: 0.0
  rot_z: -180.0
  type: Trunk
- pos_x: -0.10109999775886536
  pos_y: 4.6803998947143555
  pos_z: 0.26589998602867126
  rot_x: 0.0
  rot_y: 0.0
  rot_z: 0.0
  type: Branch
lookAtOffsetY: 1.100000023841858
rigidBodyCenterY: 2.976530075073242
sortKey: -10
traverseDist: 150.0
