aabbMax:
  X: 0.16329999268054962
  Y: 0.11471500247716904
  Z: 0.4425410032272339
aabbMin:
  X: -0.17969399690628052
  Y: -0.14675100147724152
  Z: -0.609112024307251
boundingForTraverse: 0.26146599650382996
bugMask: 3
cursorOffsetY: 0.20000000298023224
instSizeCafe: 29028
instSizeNx: -1
sortKey: 53
