aabbMax:
  X: 0.5040000081062317
  Y: 0.2626799941062927
  Z: 0.3808879852294922
aabbMin:
  X: -0.5040000081062317
  Y: 0.0
  Z: -0.3808879852294922
boundingForTraverse: 0.2626799941062927
bugMask: 0
cursorOffsetY: 0.5
instSizeCafe: 17136
instSizeNx: -1
sortKey: -33
