aabbMax:
  X: 0.7915440201759338
  Y: 1.4592700004577637
  Z: 0.4129610061645508
aabbMin:
  X: -0.39277198910713196
  Y: -0.6432089805603027
  Z: -0.2984730005264282
boundingForTraverse: 2.1024789810180664
bugMask: 3
cursorOffsetY: 0.5
instSizeCafe: 40616
instSizeNx: -1
sortKey: -7
traverseDist: 100.0
