aabbMax:
  X: 0.8194230198860168
  Y: 0.8217080235481262
  Z: 0.8404459953308105
aabbMin:
  X: -1.1301499605178833
  Y: -0.4957199990749359
  Z: -0.941340982913971
boundingForTraverse: 1.3174279928207397
bugMask: 2
cursorOffsetY: 0.5
instSizeCafe: 23240
instSizeNx: -1
sortKey: 0
