aabbMax:
  X: 0.9903910160064697
  Y: 0.9579529762268066
  Z: 1.3412100076675415
aabbMin:
  X: -1.3841899633407593
  Y: -0.5508109927177429
  Z: -1.1177599430084229
boundingForTraverse: 1.5087640285491943
bugMask: 2
cursorOffsetY: 0.5
instSizeCafe: -1
instSizeNx: 82448
sortKey: 0
