aabbMax:
  X: 3.3699800968170166
  Y: 13.05049991607666
  Z: 3.6901800632476807
aabbMin:
  X: -4.07358980178833
  Y: -2.0765600204467773
  Z: -4.367730140686035
boundingForTraverse: 15.127059936523438
bugMask: 1
instSizeCafe: 138572
instSizeNx: -1
locators:
- pos_x: -0.05999999865889549
  pos_y: 1.6984000205993652
  pos_z: 0.257999986410141
  rot_x: -79.23999786376953
  rot_y: 165.10000610351562
  rot_z: 0.0
  type: Trunk
lookAtOffsetY: 1.100000023841858
rigidBodyCenterY: 4.907830238342285
sortKey: 16
traverseDist: 150.0
