aabbMax:
  X: 4.805580139160156
  Y: 6.361120223999023
  Z: 4.332650184631348
aabbMin:
  X: -4.347469806671143
  Y: -2.1003499031066895
  Z: -5.05771017074585
boundingForTraverse: 8.461469650268555
bugMask: 0
cursorOffsetY: 0.5
instSizeCafe: 39196
instSizeNx: -1
sortKey: 0
traverseDist: 500.0
