aabbMax:
  X: 4.55702018737793
  Y: 1.909890055656433
  Z: 3.178770065307617
aabbMin:
  X: -4.457009792327881
  Y: -2.424690008163452
  Z: -3.223680019378662
boundingForTraverse: 4.334579944610596
bugMask: 0
cursorOffsetY: 0.5
instSizeCafe: 27608
instSizeNx: -1
sortKey: -16
terrainTextures:
- !u 0xffffff37
