aabbMax:
  X: 23.18239974975586
  Y: 23.451400756835938
  Z: 24.91990089416504
aabbMin:
  X: -20.223800659179688
  Y: -26.67889976501465
  Z: -26.370500564575195
boundingForTraverse: 50.13030242919922
bugMask: 0
cursorOffsetY: 0.5
instSizeCafe: -1
instSizeNx: 96160
sortKey: -14
traverseDist: 567.1922607421875
