aabbMax:
  X: 1.7690099477767944
  Y: 0.7466729879379272
  Z: 1.3763500452041626
aabbMin:
  X: -2.019439935684204
  Y: -0.21950200200080872
  Z: -2.2692999839782715
boundingForTraverse: 0.9661750197410583
bugMask: 2
cursorOffsetY: 0.5
instSizeCafe: -1
instSizeNx: 82448
sortKey: 0
