aabbMax:
  X: 6.055459976196289
  Y: 1.6007800102233887
  Z: 13.013799667358398
aabbMin:
  X: -16.300800323486328
  Y: -6.601940155029297
  Z: -1.407189965248108
boundingForTraverse: 8.202720642089844
bugMask: 0
cursorOffsetY: 0.5
instSizeCafe: 18796
instSizeNx: -1
sortKey: 0
traverseDist: 500.0
