aabbMax:
  X: 7.2971601486206055
  Y: 13.19320011138916
  Z: 6.219870090484619
aabbMin:
  X: -6.4568400382995605
  Y: -0.825855016708374
  Z: -5.676179885864258
boundingForTraverse: 14.019055366516113
bugMask: 1
instSizeCafe: -1
instSizeNx: 217616
lookAtOffsetY: 1.100000023841858
rigidBodyCenterY: -0.016829000785946846
sortKey: 0
traverseDist: 150.0
