aabbMax:
  X: 0.2540139853954315
  Y: 0.32332301139831543
  Z: 0.2614920139312744
aabbMin:
  X: -0.26438701152801514
  Y: 0.11595699936151505
  Z: -0.3126850128173828
boundingForTraverse: 0.2073660045862198
bugMask: 1
cursorOffsetY: 0.30000001192092896
instSizeCafe: 35156
instSizeNx: -1
lookAtOffsetY: 0.20000000298023224
sortKey: 21350
