aabbMax:
  X: 6.92618989944458
  Y: 9.30031967163086
  Z: 6.535329818725586
aabbMin:
  X: -4.535240173339844
  Y: -0.4243130087852478
  Z: -5.864610195159912
boundingForTraverse: 9.724632263183594
bugMask: 0
instSizeCafe: -1
instSizeNx: 186384
sortKey: 0
terrainTextures:
- !u 0xff4c1f00
