aabbMax:
  X: 0.4962790012359619
  Y: 1.3527300357818604
  Z: 0.5500789880752563
aabbMin:
  X: -0.6209269762039185
  Y: -0.16975200176239014
  Z: -0.6040160059928894
boundingForTraverse: 1.5224820375442505
bugMask: 2
instSizeCafe: -1
instSizeNx: 82480
sortKey: 0
