aabbMax:
  X: 2.438800096511841
  Y: 5.209080219268799
  Z: 2.381309986114502
aabbMin:
  X: -2.6925899982452393
  Y: -0.576537013053894
  Z: -1.9469799995422363
boundingForTraverse: 5.785616874694824
bugMask: 2
cursorOffsetY: 0.5
instSizeCafe: 49508
instSizeNx: -1
rigidBodyCenterY: 0.8459519743919373
sortKey: 0
traverseDist: 150.0
