aabbMax:
  X: 7.329730033874512
  Y: 2.3562800884246826
  Z: 12.403400421142578
aabbMin:
  X: -10.369099617004395
  Y: -17.887300491333008
  Z: -5.765419960021973
boundingForTraverse: 20.243579864501953
bugMask: 0
cursorOffsetY: 0.5
instSizeCafe: 18544
instSizeNx: -1
sortKey: 0
traverseDist: 500.0
