aabbMax:
  X: 3.941659927368164
  Y: 16.743200302124023
  Z: 3.859369993209839
aabbMin:
  X: -3.7881200313568115
  Y: -2.518280029296875
  Z: -3.964709997177124
boundingForTraverse: 19.2614803314209
bugMask: 1
instSizeCafe: -1
instSizeNx: 262672
locators:
- pos_x: 0.0
  pos_y: 1.7000000476837158
  pos_z: 0.27000001072883606
  rot_x: -90.0
  rot_y: 180.0
  rot_z: 0.0
  type: Trunk
lookAtOffsetY: 1.100000023841858
rigidBodyCenterY: 0.05000000074505806
sortKey: -15
traverseDist: 150.0
