aabbMax:
  X: 4.247260093688965
  Y: 9.334939956665039
  Z: 5.187709808349609
aabbMin:
  X: -5.080719947814941
  Y: -0.5
  Z: -3.3379199504852295
boundingForTraverse: 9.834939956665039
bugMask: 3
cursorOffsetY: 0.5
instSizeCafe: 128536
instSizeNx: -1
rigidBodyCenterY: 2.992079973220825
sortKey: 0
traverseDist: 150.0
