aabbMax:
  X: 1.4895600080490112
  Y: 1.440459966659546
  Z: 1.6922500133514404
aabbMin:
  X: -1.4810700416564941
  Y: -0.5052989721298218
  Z: -1.3495399951934814
boundingForTraverse: 1.9457590579986572
bugMask: 2
cursorOffsetY: 0.5
instSizeCafe: -1
instSizeNx: 82480
sortKey: -1
