aabbMax:
  X: 0.6317309737205505
  Y: 0.6195480227470398
  Z: 0.6549630165100098
aabbMin:
  X: -0.5279359817504883
  Y: -0.28995299339294434
  Z: -0.7187529802322388
boundingForTraverse: 0.9095010161399841
bugMask: 3
cursorOffsetY: 0.5
instSizeCafe: -1
instSizeNx: 112680
rigidBodyCenterY: 0.09779000282287598
sortKey: 0
terrainTextures:
- !u 0xffffff22
