aabbMax:
  X: 1.2990200519561768
  Y: 1.4060200452804565
  Z: 2.253619909286499
aabbMin:
  X: -1.436269998550415
  Y: -0.27755799889564514
  Z: -2.0847599506378174
boundingForTraverse: 1.6835780143737793
bugMask: 0
cursorOffsetY: 0.5
instSizeCafe: -1
instSizeNx: 75656
sortKey: -2
terrainTextures:
- !u 0xffff1e12
