aabbMax:
  X: 4.217820167541504
  Y: 9.861669540405273
  Z: 3.8157100677490234
aabbMin:
  X: -5.100979804992676
  Y: -0.9821379780769348
  Z: -5.183129787445068
boundingForTraverse: 10.843807220458984
bugMask: 3
cursorOffsetY: 0.5
instSizeCafe: -1
instSizeNx: 357704
rigidBodyCenterY: 3.3339600563049316
sortKey: -1
traverseDist: 150.0
