aabbMax:
  X: 0.9534260034561157
  Y: 1.3684300184249878
  Z: 0.8945469856262207
aabbMin:
  X: -0.947613000869751
  Y: -0.05065000057220459
  Z: -1.0575200319290161
boundingForTraverse: 1.4190800189971924
bugMask: 2
cursorOffsetY: 0.5
instSizeCafe: 24256
instSizeNx: -1
sortKey: -4
