aabbMax:
  X: 5.654200077056885
  Y: 5.913710117340088
  Z: 5.9753499031066895
aabbMin:
  X: -6.187039852142334
  Y: -0.4000000059604645
  Z: -6.170300006866455
boundingForTraverse: 6.3137102127075195
bugMask: 0
cursorOffsetY: 0.5
instSizeCafe: 49532
instSizeNx: -1
sortKey: 1
