aabbMax:
  X: 1.3347899913787842
  Y: 0.7099949717521667
  Z: 0.7224410176277161
aabbMin:
  X: -1.0355499982833862
  Y: -0.6327130198478699
  Z: -1.1267199516296387
boundingForTraverse: 1.3427079916000366
bugMask: 2
instSizeCafe: 23240
instSizeNx: -1
sortKey: 0
