aabbMax:
  X: 2.305619955062866
  Y: 3.604330062866211
  Z: 2.8014400005340576
aabbMin:
  X: -2.286360025405884
  Y: -0.7516899704933167
  Z: -2.2507400512695312
boundingForTraverse: 4.356019973754883
bugMask: 2
cursorOffsetY: 0.5
instSizeCafe: 34572
instSizeNx: -1
rigidBodyCenterY: 0.3917970061302185
sortKey: -1
traverseDist: 150.0
