aabbMax:
  X: 3.4582700729370117
  Y: 5.768620014190674
  Z: 3.304419994354248
aabbMin:
  X: -3.1871299743652344
  Y: -0.9602220058441162
  Z: -3.34414005279541
boundingForTraverse: 6.728841781616211
bugMask: 2
cursorOffsetY: 0.5
instSizeCafe: 34424
instSizeNx: -1
rigidBodyCenterY: 0.45912599563598633
sortKey: 0
traverseDist: 150.0
