aabbMax:
  X: 2.1464099884033203
  Y: 0.20000000298023224
  Z: 2.395509958267212
aabbMin:
  X: -2.1824100017547607
  Y: -0.15120600163936615
  Z: -1.761620044708252
boundingForTraverse: 4.32882022857666
bugMask: 0
instSizeCafe: 17140
instSizeNx: 75656
sortKey: 0
