aabbMax:
  X: 4.217820167541504
  Y: 9.861669540405273
  Z: 3.8157100677490234
aabbMin:
  X: -5.100979804992676
  Y: -0.9821379780769348
  Z: -5.183129787445068
boundingForTraverse: 10.843807220458984
bugMask: 1
instSizeCafe: 115728
instSizeNx: -1
lookAtOffsetY: 1.100000023841858
rigidBodyCenterY: 5.010009765625
sortKey: 0
traverseDist: 150.0
