aabbMax:
  X: 3.0253000259399414
  Y: 0.3977630138397217
  Z: 3.4565699100494385
aabbMin:
  X: -2.580859899520874
  Y: -0.25822898745536804
  Z: -3.411829948425293
boundingForTraverse: 0.6559919714927673
bugMask: 0
cursorOffsetY: 0.5
instSizeCafe: 17136
instSizeNx: -1
sortKey: 0
