aabbMax:
  X: 3.3341898918151855
  Y: 10.599100112915039
  Z: 1.810960054397583
aabbMin:
  X: -2.955899953842163
  Y: -1.5921000242233276
  Z: -2.1651198863983154
boundingForTraverse: 12.191200256347656
bugMask: 1
instSizeCafe: 114440
instSizeNx: -1
locators:
- pos_x: 0.0
  pos_y: 2.799999952316284
  pos_z: -0.5
  rot_x: -90.0
  rot_y: 0.0
  rot_z: 0.0
  type: Trunk
- pos_x: 0.20000000298023224
  pos_y: 1.2699999809265137
  pos_z: 0.6589999794960022
  rot_x: 94.0
  rot_y: 0.0
  rot_z: -180.0
  type: Trunk
lookAtOffsetY: 1.100000023841858
rigidBodyCenterY: 3.911180019378662
sortKey: 0
traverseDist: 150.0
