aabbMax:
  X: 10.53030014038086
  Y: 54.18629837036133
  Z: 5.643340110778809
aabbMin:
  X: -10.662400245666504
  Y: 0.0
  Z: -9.40431022644043
boundingForTraverse: 54.18629837036133
bugMask: 0
cursorOffsetY: 0.5
instSizeCafe: 98576
instSizeNx: -1
sortKey: -2
terrainTextures:
- !u 0xffffff47
traverseDist: 525.9915771484375
