aabbMax:
  X: 5.714000225067139
  Y: 17.547100067138672
  Z: 5.283820152282715
aabbMin:
  X: -6.751339912414551
  Y: -3.9278500080108643
  Z: -4.356860160827637
boundingForTraverse: 21.474950790405273
bugMask: 1
instSizeCafe: 98860
instSizeNx: -1
locators:
- pos_x: 0.0
  pos_y: 1.7000000476837158
  pos_z: 0.4699999988079071
  rot_x: -90.0
  rot_y: 180.0
  rot_z: 0.0
  type: Trunk
lookAtOffsetY: 1.100000023841858
rigidBodyCenterY: 0.05000000074505806
sortKey: 0
traverseDist: 150.0
