aabbMax:
  X: 0.6378089785575867
  Y: 0.9144560098648071
  Z: 0.6413469910621643
aabbMin:
  X: -0.6692150235176086
  Y: -0.24753199517726898
  Z: -0.5252150297164917
boundingForTraverse: 1.1619880199432373
bugMask: 2
instSizeCafe: 23232
instSizeNx: -1
sortKey: 0
