aabbMax:
  X: 2.040070056915283
  Y: 0.3850879967212677
  Z: 4.040070056915283
aabbMin:
  X: -2.1515300273895264
  Y: -0.08508799970149994
  Z: -4.045090198516846
boundingForTraverse: 0.47017601132392883
bugMask: 2
cursorOffsetY: 0.5
instSizeCafe: 30460
instSizeNx: -1
rigidBodyCenterY: 0.15000000596046448
sortKey: 0
traverseDist: 200.0
