aabbMax:
  X: 6.399270057678223
  Y: 27.236299514770508
  Z: 6.021480083465576
aabbMin:
  X: -5.631810188293457
  Y: -2.4240000247955322
  Z: -6.399209976196289
boundingForTraverse: 29.66029930114746
bugMask: 1
instSizeCafe: -1
instSizeNx: 280872
locators:
- pos_x: 0.0
  pos_y: 1.7000000476837158
  pos_z: 0.6349999904632568
  rot_x: -90.0
  rot_y: 180.0
  rot_z: 0.0
  type: Trunk
lookAtOffsetY: 1.100000023841858
rigidBodyCenterY: 6.606150150299072
sortKey: -5
traverseDist: 150.0
