aabbMax:
  X: 0.2484399974346161
  Y: 0.21671800315380096
  Z: 0.30295100808143616
aabbMin:
  X: -0.25106799602508545
  Y: 0.013340000063180923
  Z: -0.3804529905319214
boundingForTraverse: 0.20337800681591034
bugMask: 1
cursorOffsetY: 0.30000001192092896
instSizeCafe: 35220
instSizeNx: -1
lookAtOffsetY: 0.20000000298023224
sortKey: 21340
