aabbMax:
  X: 0.5985620021820068
  Y: 1.9536099433898926
  Z: 0.5927079916000366
aabbMin:
  X: -0.5985620021820068
  Y: -0.2125989943742752
  Z: -0.5612170100212097
boundingForTraverse: 2.1662089824676514
bugMask: 3
cursorOffsetY: 0.5
instSizeCafe: 36288
instSizeNx: -1
rigidBodyCenterY: 0.7519239783287048
sortKey: -9
