aabbMax:
  X: 61.409400939941406
  Y: 13.074899673461914
  Z: 64.43399810791016
aabbMin:
  X: -61.409400939941406
  Y: -13.074899673461914
  Z: -64.43399810791016
boundingForTraverse: 26.149799346923828
bugMask: 0
cursorOffsetY: 0.5
instSizeCafe: 48256
instSizeNx: -1
sortKey: 12
terrainTextures:
- !u 0xff373108
traverseDist: 678.0208129882812
