aabbMax:
  X: 5.714000225067139
  Y: 17.547100067138672
  Z: 5.283820152282715
aabbMin:
  X: -6.751339912414551
  Y: -3.9278500080108643
  Z: -4.356860160827637
boundingForTraverse: 21.474950790405273
bugMask: 3
instSizeCafe: -1
instSizeNx: 382280
rigidBodyCenterY: 5.138790130615234
sortKey: 0
traverseDist: 150.0
