aabbMax:
  X: 0.962926983833313
  Y: 0.9749169945716858
  Z: 1.1662299633026123
aabbMin:
  X: -1.1265499591827393
  Y: -0.3837150037288666
  Z: -1.1605000495910645
boundingForTraverse: 1.35863196849823
bugMask: 2
instSizeCafe: -1
instSizeNx: 82448
sortKey: -1
