aabbMax:
  X: 3.6712899208068848
  Y: 2.0819900035858154
  Z: 9.921070098876953
aabbMin:
  X: -1.6577600240707397
  Y: -20.452199935913086
  Z: -5.766679763793945
boundingForTraverse: 22.534189224243164
bugMask: 0
cursorOffsetY: 0.5
instSizeCafe: 18548
instSizeNx: 75656
sortKey: 0
traverseDist: 500.0
