aabbMax:
  X: 0.8057910203933716
  Y: 1.3519400358200073
  Z: 1.0850800275802612
aabbMin:
  X: -1.2431000471115112
  Y: -0.21308299899101257
  Z: -1.160599946975708
boundingForTraverse: 1.5650229454040527
bugMask: 2
instSizeCafe: 23492
instSizeNx: -1
sortKey: 0
