aabbMax:
  X: 1.7690099477767944
  Y: 0.7466729879379272
  Z: 1.3763500452041626
aabbMin:
  X: -1.9597300291061401
  Y: -0.21950200200080872
  Z: -2.2837700843811035
boundingForTraverse: 0.9661750197410583
bugMask: 2
instSizeCafe: -1
instSizeNx: 82480
sortKey: 0
