aabbMax:
  X: 0.7249699831008911
  Y: 9.0700101852417
  Z: 0.8039950132369995
aabbMin:
  X: -0.797478973865509
  Y: 1.024649977684021
  Z: -0.6246110200881958
boundingForTraverse: 8.045360565185547
bugMask: 3
cursorOffsetY: 0.5
instSizeCafe: -1
instSizeNx: 181584
rigidBodyCenterY: 5.056139945983887
sortKey: 0
traverseDist: 150.0
