aabbMax:
  X: 6.858339786529541
  Y: 13.534700393676758
  Z: 5.394390106201172
aabbMin:
  X: -6.781109809875488
  Y: -1.7056599855422974
  Z: -6.601510047912598
boundingForTraverse: 15.240360260009766
bugMask: 1
instSizeCafe: -1
instSizeNx: 248104
locators:
- pos_x: 0.0
  pos_y: 1.7000000476837158
  pos_z: 0.7400000095367432
  rot_x: -90.0
  rot_y: 180.0
  rot_z: 0.0
  type: Trunk
- pos_x: 1.2400000095367432
  pos_y: 6.163000106811523
  pos_z: 0.0
  rot_x: 0.0
  rot_y: 32.0
  rot_z: 0.0
  type: Branch
lookAtOffsetY: 1.100000023841858
rigidBodyCenterY: 5.985179901123047
sortKey: -3
traverseDist: 400.0
