aabbMax:
  X: 16.83139991760254
  Y: 15.768500328063965
  Z: 13.089099884033203
aabbMin:
  X: -12.621500015258789
  Y: -1.7013800144195557
  Z: -12.089300155639648
boundingForTraverse: 17.469881057739258
bugMask: 1
instSizeCafe: 96888
instSizeNx: -1
locators:
- pos_x: -0.5550000071525574
  pos_y: 2.5
  pos_z: 1.2899999618530273
  rot_x: 99.62000274658203
  rot_y: 16.625
  rot_z: -192.27499389648438
  type: Trunk
- pos_x: -0.6340000033378601
  pos_y: 2.3540000915527344
  pos_z: -1.5
  rot_x: -88.9000015258789
  rot_y: 17.43000030517578
  rot_z: 3.0
  type: Trunk
- pos_x: 1.9579999446868896
  pos_y: 5.679999828338623
  pos_z: -0.6650000214576721
  rot_x: 0.0
  rot_y: 3.0
  rot_z: 0.0
  type: Branch
- pos_x: 0.30000001192092896
  pos_y: 6.099999904632568
  pos_z: -0.20000000298023224
  rot_x: 0.0
  rot_y: 0.0
  rot_z: 0.0
  type: OnTree
lookAtOffsetY: 1.100000023841858
sortKey: 0
traverseDist: 500.0
