aabbMax:
  X: 8.342610359191895
  Y: 14.271200180053711
  Z: 8.741080284118652
aabbMin:
  X: -11.097999572753906
  Y: -1.683359980583191
  Z: -12.884900093078613
boundingForTraverse: 15.954560279846191
bugMask: 1
instSizeCafe: -1
instSizeNx: 157440
locators:
- pos_x: 0.18799999356269836
  pos_y: 1.253999948501587
  pos_z: 2.4679999351501465
  rot_x: 94.4000015258789
  rot_y: -5.659999847412109
  rot_z: -180.5
  type: Trunk
- pos_x: -0.12800000607967377
  pos_y: 2.134999990463257
  pos_z: -3.4200000762939453
  rot_x: -78.62000274658203
  rot_y: -11.609999656677246
  rot_z: -0.7429999709129333
  type: Trunk
- pos_x: -0.5759999752044678
  pos_y: 7.210999965667725
  pos_z: -0.6114000082015991
  rot_x: 0.0
  rot_y: 0.0
  rot_z: 0.0
  type: OnTree
sortKey: 0
traverseDist: 500.0
