aabbMax:
  X: 1.257699966430664
  Y: 1.6920299530029297
  Z: 1.379390001296997
aabbMin:
  X: -0.9623289704322815
  Y: -0.5597490072250366
  Z: -1.3632899522781372
boundingForTraverse: 2.251779079437256
bugMask: 2
instSizeCafe: 23252
instSizeNx: 82480
sortKey: 0
