aabbMax:
  X: 1.0381799936294556
  Y: 2.9134600162506104
  Z: 1.2429800033569336
aabbMin:
  X: -0.9019050002098083
  Y: -0.25604501366615295
  Z: -1.0024299621582031
boundingForTraverse: 3.1695048809051514
bugMask: 3
cursorOffsetY: 1.5
farModelCulling:
  center:
    X: 0.0
    Y: 1.5
    Z: 0.0
  height: 1.5
  radius: 1.2999999523162842
homeArea:
- name: EldinCanyon
- name: EastHateru
- name: HeburaMountains
instSizeCafe: 47096
instSizeNx: -1
rigidBodyCenterY: 1.0509300231933594
sortKey: 71001
