aabbMax:
  X: 6.349400043487549
  Y: 8.213919639587402
  Z: 5.70334005355835
aabbMin:
  X: -6.206049919128418
  Y: -0.6967999935150146
  Z: -5.508540153503418
boundingForTraverse: 8.910719871520996
bugMask: 3
instSizeCafe: 140576
instSizeNx: -1
rigidBodyCenterY: 3.248110055923462
sortKey: 0
traverseDist: 150.0
