aabbMax:
  X: 2.3698599338531494
  Y: 3.611259937286377
  Z: 2.569920063018799
aabbMin:
  X: -2.2427899837493896
  Y: -0.7516899704933167
  Z: -2.2903499603271484
boundingForTraverse: 4.362949848175049
bugMask: 2
cursorOffsetY: 0.5
instSizeCafe: 34552
instSizeNx: -1
rigidBodyCenterY: 0.3917970061302185
sortKey: -1
traverseDist: 150.0
