aabbMax:
  X: 1.2537000179290771
  Y: 2.4616899490356445
  Z: 1.2537000179290771
aabbMin:
  X: -1.2537000179290771
  Y: 0.0
  Z: -1.2537000179290771
boundingForTraverse: 2.4616899490356445
bugMask: 3
instSizeCafe: 40412
instSizeNx: -1
rigidBodyCenterY: 1.2000000476837158
sortKey: -14
