aabbMax:
  X: 8.254449844360352
  Y: 8.428509712219238
  Z: 7.423379898071289
aabbMin:
  X: -8.302410125732422
  Y: -7.991849899291992
  Z: -6.513050079345703
boundingForTraverse: 16.420360565185547
bugMask: 0
instSizeCafe: 29140
instSizeNx: -1
sortKey: 0
traverseDist: 800.0
