aabbMax:
  X: 6.842619895935059
  Y: 0.49116599559783936
  Z: 4.003459930419922
aabbMin:
  X: -6.089079856872559
  Y: -0.22943300008773804
  Z: -4.916250228881836
boundingForTraverse: 0.7205989956855774
bugMask: 3
cursorOffsetY: 0.5
instSizeCafe: -1
instSizeNx: 176808
rigidBodyCenterY: -0.11999999731779099
sortKey: -5
traverseDist: 200.0
