aabbMax:
  X: 5.8127899169921875
  Y: 0.6115319728851318
  Z: 5.053319931030273
aabbMin:
  X: -5.3660101890563965
  Y: 0.02010899968445301
  Z: -5.604360103607178
boundingForTraverse: 0.591422975063324
bugMask: 1
cursorOffsetY: 0.20000000298023224
instSizeCafe: -1
instSizeNx: 104832
lookAtOffsetY: 1.5
sortKey: -4
traverseDist: 2000.0
