aabbMax:
  X: 5.341770172119141
  Y: 1.2978999614715576
  Z: 13.300100326538086
aabbMin:
  X: -7.396430015563965
  Y: -0.07704000174999237
  Z: -7.2416300773620605
boundingForTraverse: 1.37493896484375
bugMask: 0
cursorOffsetY: 0.5
farModelCulling:
  center:
    X: 0.0
    Y: 0.0
    Z: 0.0
  height: 2.0
  radius: 8.0
instSizeCafe: 53824
instSizeNx: -1
rigidBodyCenterY: 0.49970000982284546
sortKey: -32
traverseDist: 300.0
