aabbMax:
  X: 3.3341898918151855
  Y: 10.599100112915039
  Z: 1.810960054397583
aabbMin:
  X: -2.955899953842163
  Y: -1.5921000242233276
  Z: -2.1651198863983154
boundingForTraverse: 12.191200256347656
bugMask: 1
cursorOffsetY: 0.5
instSizeCafe: -1
instSizeNx: 267496
rigidBodyCenterY: 0.550000011920929
sortKey: 2
traverseDist: 150.0
