aabbMax:
  X: 4.519440174102783
  Y: 0.4751119911670685
  Z: 3.0048599243164062
aabbMin:
  X: -3.8159101009368896
  Y: -0.41837701201438904
  Z: -3.0924699306488037
boundingForTraverse: 0.8934890031814575
bugMask: 0
instSizeCafe: 44580
instSizeNx: -1
sortKey: -8
