aabbMax:
  X: 0.9012280106544495
  Y: 1.3155800104141235
  Z: 0.9670130014419556
aabbMin:
  X: -1.1044600009918213
  Y: -0.14944100379943848
  Z: -0.9005240201950073
boundingForTraverse: 1.465021014213562
bugMask: 2
cursorOffsetY: 0.5
instSizeCafe: 24560
instSizeNx: -1
sortKey: 0
traverseDist: 100.0
