aabbMax:
  X: 0.6540889739990234
  Y: 1.3768199682235718
  Z: 0.36883899569511414
aabbMin:
  X: -0.4352709949016571
  Y: -0.6432089805603027
  Z: -0.26459598541259766
boundingForTraverse: 2.020029067993164
bugMask: 3
cursorOffsetY: 0.5
instSizeCafe: 40420
instSizeNx: -1
sortKey: -7
traverseDist: 100.0
