aabbMax:
  X: 3.603909969329834
  Y: 7.591410160064697
  Z: 0.5000010132789612
aabbMin:
  X: -3.603909969329834
  Y: 0.10019499808549881
  Z: -0.7857419848442078
boundingForTraverse: 7.491215229034424
bugMask: 3
cursorOffsetY: 0.5
instSizeCafe: -1
instSizeNx: 121992
rigidBodyCenterY: 4.2463698387146
sortKey: 0
