aabbMax:
  X: 0.6527169942855835
  Y: 0.7586870193481445
  Z: 0.5650420188903809
aabbMin:
  X: -0.6246169805526733
  Y: -0.1699810028076172
  Z: -0.6928399801254272
boundingForTraverse: 0.9286680221557617
bugMask: 2
instSizeCafe: 33588
instSizeNx: -1
sortKey: 0
