aabbMax:
  X: 3.7084600925445557
  Y: 13.27869987487793
  Z: 3.6244099140167236
aabbMin:
  X: -3.710390090942383
  Y: -10.663399696350098
  Z: -3.6244099140167236
boundingForTraverse: 23.942100524902344
bugMask: 0
cursorOffsetY: 0.5
instSizeCafe: 53500
instSizeNx: -1
sortKey: -1
terrainTextures:
- !u 0xffffff4d
traverseDist: 500.0
