aabbMax:
  X: 1.7213900089263916
  Y: 1.673449993133545
  Z: 1.8522599935531616
aabbMin:
  X: -1.542389988899231
  Y: -0.19133800268173218
  Z: -1.8348400592803955
boundingForTraverse: 1.8647880554199219
bugMask: 0
cursorOffsetY: 0.5
instSizeCafe: 17140
instSizeNx: 75656
sortKey: -2
terrainTextures:
- !u 0xffff1e12
