aabbMax:
  X: 54.44139862060547
  Y: 3.521209955215454
  Z: 19.798200607299805
aabbMin:
  X: -3.234189987182617
  Y: -12.826700210571289
  Z: 2.5198400020599365
boundingForTraverse: 16.347909927368164
bugMask: 0
instSizeCafe: 71880
instSizeNx: 186384
sortKey: 0
terrainTextures:
- !u 0xff4c1f00
traverseDist: 560.2081298828125
