aabbMax:
  X: 14.218799591064453
  Y: 20.821500778198242
  Z: 10.201700210571289
aabbMin:
  X: -10.124600410461426
  Y: -2.959549903869629
  Z: -12.63659954071045
boundingForTraverse: 23.781051635742188
bugMask: 1
instSizeCafe: 103044
instSizeNx: 210792
locators:
- pos_x: 0.949999988079071
  pos_y: 1.7000000476837158
  pos_z: 1.5399999618530273
  rot_x: -90.0
  rot_y: 230.0
  rot_z: 0.0
  type: Trunk
- pos_x: 2.190000057220459
  pos_y: 10.670000076293945
  pos_z: -0.8460000157356262
  rot_x: 0.0
  rot_y: 25.0
  rot_z: 0.0
  type: Branch
- pos_x: -0.10000000149011612
  pos_y: 7.550000190734863
  pos_z: -0.10000000149011612
  rot_x: 0.0
  rot_y: 0.0
  rot_z: 0.0
  type: OnTree
lookAtOffsetY: 1.100000023841858
sortKey: -2
traverseDist: 500.0
