aabbMax:
  X: 1.124150037765503
  Y: 0.9425789713859558
  Z: 1.1196600198745728
aabbMin:
  X: -0.971153974533081
  Y: -3.023250102996826
  Z: -0.9657930135726929
boundingForTraverse: 3.9658288955688477
bugMask: 2
instSizeCafe: 21920
instSizeNx: -1
sortKey: 0
