aabbMax:
  X: 3.576359987258911
  Y: 5.792240142822266
  Z: 3.4735100269317627
aabbMin:
  X: -3.748810052871704
  Y: -0.06680499762296677
  Z: -4.116419792175293
boundingForTraverse: 5.85904598236084
bugMask: 2
instSizeCafe: 54004
instSizeNx: -1
rigidBodyCenterY: 1.927150011062622
sortKey: -18
traverseDist: 200.0
