aabbMax:
  X: 0.7713500261306763
  Y: 0.8858910202980042
  Z: 0.7517309784889221
aabbMin:
  X: -0.47510701417922974
  Y: -0.12119700014591217
  Z: -0.5160560011863708
boundingForTraverse: 1.0070879459381104
bugMask: 2
instSizeCafe: -1
instSizeNx: 82480
sortKey: 0
