aabbMax:
  X: 9.661970138549805
  Y: 22.718900680541992
  Z: 7.617889881134033
aabbMin:
  X: -7.216650009155273
  Y: -4.554369926452637
  Z: -8.758620262145996
boundingForTraverse: 27.273269653320312
bugMask: 0
instSizeCafe: 19436
instSizeNx: -1
sortKey: 0
terrainTextures:
- !u 0xffffff03
traverseDist: 200.0
