aabbMax:
  X: 0.16379399597644806
  Y: 0.11616499722003937
  Z: 0.43406999111175537
aabbMin:
  X: -0.17995400726795197
  Y: -0.14690199494361877
  Z: -0.6100379824638367
boundingForTraverse: 0.26306700706481934
bugMask: 3
cursorOffsetY: 0.20000000298023224
instSizeCafe: -1
instSizeNx: 91248
sortKey: 11
