aabbMax:
  X: 9.619000434875488
  Y: 46.34859848022461
  Z: 9.605030059814453
aabbMin:
  X: -9.905570030212402
  Y: -2.4240000247955322
  Z: -10.122400283813477
boundingForTraverse: 48.77259826660156
bugMask: 1
instSizeCafe: -1
instSizeNx: 276776
locators:
- pos_x: 0.0
  pos_y: 1.7000000476837158
  pos_z: 0.6349999904632568
  rot_x: -90.0
  rot_y: 180.0
  rot_z: 0.0
  type: Trunk
lookAtOffsetY: 1.100000023841858
rigidBodyCenterY: 14.780099868774414
sortKey: 3
traverseDist: 500.0
