aabbMax:
  X: 0.42904600501060486
  Y: 6.723330020904541
  Z: 2.871880054473877
aabbMin:
  X: -1.2940200567245483
  Y: -0.004513000138103962
  Z: -2.738679885864258
boundingForTraverse: 6.727842807769775
bugMask: 3
instSizeCafe: 51276
instSizeNx: -1
lookAtOffsetY: -1.0
rigidBodyCenterY: 0.30000001192092896
sortKey: -9
traverseDist: 150.0
