aabbMax:
  X: 5.547639846801758
  Y: 5.108630180358887
  Z: 3.7369799613952637
aabbMin:
  X: -3.591629981994629
  Y: -0.4113749861717224
  Z: -3.3632500171661377
boundingForTraverse: 5.520005226135254
bugMask: 0
cursorOffsetY: 0.5
instSizeCafe: -1
instSizeNx: 96160
sortKey: -2
terrainTextures:
- !u 0xffffff3e
