aabbMax:
  X: 0.400613009929657
  Y: 0.09712100028991699
  Z: 0.2096560001373291
aabbMin:
  X: -0.3493399918079376
  Y: -0.0006539999740198255
  Z: -0.2096560001373291
boundingForTraverse: 0.09777499735355377
bugMask: 1
cursorOffsetY: 0.30000001192092896
instSizeCafe: 34880
instSizeNx: -1
sortKey: -41
