aabbMax:
  X: 0.6354140043258667
  Y: 0.7310220003128052
  Z: 0.5619770288467407
aabbMin:
  X: -0.6213070154190063
  Y: -0.3570620119571686
  Z: -0.7517939805984497
boundingForTraverse: 1.0880839824676514
bugMask: 2
cursorOffsetY: 0.5
instSizeCafe: 23252
instSizeNx: -1
sortKey: 0
