aabbMax:
  X: 0.962926983833313
  Y: 0.9749169945716858
  Z: 1.1662299633026123
aabbMin:
  X: -1.1265499591827393
  Y: -0.3942190110683441
  Z: -1.1605000495910645
boundingForTraverse: 1.3691359758377075
bugMask: 2
cursorOffsetY: 0.5
instSizeCafe: 23252
instSizeNx: 82480
sortKey: 0
