aabbMax:
  X: 2.1555700302124023
  Y: 4.555160045623779
  Z: 2.072319984436035
aabbMin:
  X: -1.9896199703216553
  Y: -0.16433000564575195
  Z: -1.6155200004577637
boundingForTraverse: 4.719490051269531
bugMask: 2
cursorOffsetY: 0.5
instSizeCafe: 55852
instSizeNx: -1
rigidBodyCenterY: 1.2949600219726562
sortKey: -1
traverseDist: 150.0
