aabbMax:
  X: 8.727490425109863
  Y: 20.53019905090332
  Z: 9.394169807434082
aabbMin:
  X: -7.489610195159912
  Y: -1.2622499465942383
  Z: -9.074270248413086
boundingForTraverse: 21.792449951171875
bugMask: 1
instSizeCafe: -1
instSizeNx: 248096
locators:
- pos_x: 0.0
  pos_y: 3.109999895095825
  pos_z: 0.7300000190734863
  rot_x: -90.0
  rot_y: 180.0
  rot_z: 0.0
  type: Trunk
- pos_x: 2.680000066757202
  pos_y: 6.578000068664551
  pos_z: -0.7070000171661377
  rot_x: 0.0
  rot_y: 20.0
  rot_z: 0.0
  type: Branch
lookAtOffsetY: 1.100000023841858
rigidBodyCenterY: 5.953479766845703
sortKey: 0
traverseDist: 150.0
