aabbMax:
  X: 9.341150283813477
  Y: 22.456300735473633
  Z: 7.692379951477051
aabbMin:
  X: -6.92602014541626
  Y: -4.050350189208984
  Z: -8.53676986694336
boundingForTraverse: 26.506650924682617
bugMask: 0
cursorOffsetY: 0.5
instSizeCafe: 18548
instSizeNx: 75656
sortKey: 2
terrainTextures:
- !u 0xffffff3e
traverseDist: 522.9783935546875
