aabbMax:
  X: 4.372029781341553
  Y: 0.41286200284957886
  Z: 3.659169912338257
aabbMin:
  X: -4.707749843597412
  Y: -1.2870299816131592
  Z: -3.1901400089263916
boundingForTraverse: 1.6998920440673828
bugMask: 0
cursorOffsetY: 0.5
instSizeCafe: 20184
instSizeNx: -1
sortKey: 13
terrainTextures:
- !u 0xffffff32
traverseDist: 200.0
