aabbMax:
  X: 1.0835399627685547
  Y: 1.1064000129699707
  Z: 1.3511899709701538
aabbMin:
  X: -0.9075220227241516
  Y: -0.8174769878387451
  Z: -1.1187000274658203
boundingForTraverse: 1.9238770008087158
bugMask: 2
cursorOffsetY: 0.5
instSizeCafe: 23252
instSizeNx: 82480
sortKey: -1
