aabbMax:
  X: 14.016300201416016
  Y: 6.517290115356445
  Z: 10.651900291442871
aabbMin:
  X: -14.68179988861084
  Y: -2.4229400157928467
  Z: -9.847220420837402
boundingForTraverse: 8.940230369567871
bugMask: 0
instSizeCafe: 61180
instSizeNx: -1
sortKey: 0
terrainTextures:
- !u 0xff4c1f00
