aabbMax:
  X: 0.709659993648529
  Y: 1.2748099565505981
  Z: 0.8705710172653198
aabbMin:
  X: -0.8719310164451599
  Y: -0.41620901226997375
  Z: -0.8291820287704468
boundingForTraverse: 1.691019058227539
bugMask: 2
instSizeCafe: 23232
instSizeNx: -1
sortKey: 0
