aabbMax:
  X: 5.933969974517822
  Y: 17.127700805664062
  Z: 11.706199645996094
aabbMin:
  X: -6.334469795227051
  Y: -1.1790000200271606
  Z: -1.6175299882888794
boundingForTraverse: 18.30670166015625
bugMask: 3
instSizeCafe: 141564
instSizeNx: -1
rigidBodyCenterY: 5.514110088348389
sortKey: 0
traverseDist: 800.0
