aabbMax:
  X: 7.2971601486206055
  Y: 13.19320011138916
  Z: 6.219870090484619
aabbMin:
  X: -6.4568400382995605
  Y: -0.825855016708374
  Z: -5.676179885864258
boundingForTraverse: 14.019055366516113
bugMask: 1
instSizeCafe: 109140
instSizeNx: 248104
locators:
- pos_x: -0.17800000309944153
  pos_y: 2.615600109100342
  pos_z: 0.6169999837875366
  rot_x: 97.81400299072266
  rot_y: 20.57200050354004
  rot_z: 173.25999450683594
  type: Trunk
- pos_x: -1.6349999904632568
  pos_y: 5.5
  pos_z: -1.2799999713897705
  rot_x: 0.0
  rot_y: -52.0
  rot_z: 0.0
  type: Branch
lookAtOffsetY: 1.100000023841858
rigidBodyCenterY: 4.282370090484619
sortKey: 0
traverseDist: 150.0
