aabbMax:
  X: 1.3431299924850464
  Y: 0.7099949717521667
  Z: 0.7224820256233215
aabbMin:
  X: -1.0355499982833862
  Y: -0.6337770223617554
  Z: -1.1267199516296387
boundingForTraverse: 1.343772053718567
bugMask: 2
instSizeCafe: 23240
instSizeNx: -1
sortKey: 0
