aabbMax:
  X: 1.738919973373413
  Y: 2.2595601081848145
  Z: 1.6078599691390991
aabbMin:
  X: -1.45524001121521
  Y: -0.23703700304031372
  Z: -1.6665400266647339
boundingForTraverse: 2.4965970516204834
bugMask: 2
cursorOffsetY: 0.5
instSizeCafe: -1
instSizeNx: 105336
rigidBodyCenterY: 0.03863700106739998
sortKey: 0
traverseDist: 150.0
