aabbMax:
  X: 0.8057900071144104
  Y: 1.3153200149536133
  Z: 1.0850800275802612
aabbMin:
  X: -1.2431000471115112
  Y: -0.21308299899101257
  Z: -1.160599946975708
boundingForTraverse: 1.5284030437469482
bugMask: 2
cursorOffsetY: 0.5
instSizeCafe: 23240
instSizeNx: -1
sortKey: 0
