aabbMax:
  X: 22.710599899291992
  Y: 11.97760009765625
  Z: 16.678199768066406
aabbMin:
  X: -20.551000595092773
  Y: -9.471039772033691
  Z: -20.701099395751953
boundingForTraverse: 21.448638916015625
bugMask: 0
cursorOffsetY: 0.5
instSizeCafe: 29168
instSizeNx: -1
sortKey: 0
