aabbMax:
  X: 4.015160083770752
  Y: 0.4605419933795929
  Z: 4.1596598625183105
aabbMin:
  X: -3.821549892425537
  Y: -0.23493599891662598
  Z: -4.118710041046143
boundingForTraverse: 0.6954780220985413
bugMask: 3
cursorOffsetY: 0.5
instSizeCafe: 59564
instSizeNx: 164520
rigidBodyCenterY: -0.11999999731779099
sortKey: -4
traverseDist: 200.0
