aabbMax:
  X: 2.137860059738159
  Y: 1.2811800241470337
  Z: 2.013230085372925
aabbMin:
  X: -1.9232100248336792
  Y: -1.1880700588226318
  Z: -1.6798499822616577
boundingForTraverse: 2.469249963760376
bugMask: 0
cursorOffsetY: 0.5
instSizeCafe: 38300
instSizeNx: -1
sortKey: 0
traverseDist: 150.0
