aabbMax:
  X: 1.2929699420928955
  Y: 5.051949977874756
  Z: 0.7195640206336975
aabbMin:
  X: -1.485509991645813
  Y: -0.06966599822044373
  Z: -0.280007004737854
boundingForTraverse: 5.121615886688232
bugMask: 2
instSizeCafe: 44472
instSizeNx: -1
rigidBodyCenterY: 2.3593499660491943
sortKey: -20
