aabbMax:
  X: 1.7635300159454346
  Y: 1.8822100162506104
  Z: 1.3026200532913208
aabbMin:
  X: -1.4531899690628052
  Y: -0.07574199885129929
  Z: -1.4392499923706055
boundingForTraverse: 1.9579520225524902
bugMask: 2
cursorOffsetY: 0.5
instSizeCafe: 24148
instSizeNx: -1
sortKey: 0
