aabbMax:
  X: 4.784649848937988
  Y: 18.20439910888672
  Z: 4.668630123138428
aabbMin:
  X: -4.4634599685668945
  Y: -1.07846999168396
  Z: -4.877709865570068
boundingForTraverse: 19.282869338989258
bugMask: 3
instSizeCafe: -1
instSizeNx: 337232
rigidBodyCenterY: 5.955510139465332
sortKey: 0
traverseDist: 150.0
