aabbMax:
  X: 4.225069999694824
  Y: 107.70099639892578
  Z: 4.0708699226379395
aabbMin:
  X: -4.179279804229736
  Y: -0.8721879720687866
  Z: -4.008269786834717
boundingForTraverse: 108.57318115234375
bugMask: 3
cursorOffsetY: 0.5
instSizeCafe: 89488
instSizeNx: -1
rigidBodyCenterY: -0.20000000298023224
sortKey: -1
terrainTextures:
- !u 0xffffff47
