aabbMax:
  X: 0.1573300063610077
  Y: 0.16274799406528473
  Z: 0.5170230269432068
aabbMin:
  X: -0.14598700404167175
  Y: -0.12055400013923645
  Z: -0.6184819936752319
boundingForTraverse: 0.2833020091056824
bugMask: 3
cursorOffsetY: 0.20000000298023224
instSizeCafe: 41996
instSizeNx: 112176
sortKey: 62
