aabbMax:
  X: 1.431089997291565
  Y: 2.17192006111145
  Z: 1.5765000581741333
aabbMin:
  X: -1.46356999874115
  Y: -1.3894599676132202
  Z: -1.6970100402832031
boundingForTraverse: 3.561379909515381
bugMask: 0
cursorOffsetY: 0.5
instSizeCafe: 18292
instSizeNx: -1
sortKey: -18
