aabbMax:
  X: 2.6707398891448975
  Y: 5.20589017868042
  Z: 3.44953989982605
aabbMin:
  X: -2.835059881210327
  Y: -0.5023660063743591
  Z: -3.057310104370117
boundingForTraverse: 5.708255767822266
bugMask: 2
cursorOffsetY: 0.5
instSizeCafe: -1
instSizeNx: 105224
rigidBodyCenterY: 1.257290005683899
sortKey: -1
traverseDist: 150.0
