aabbMax:
  X: 1.047700047492981
  Y: 4.759769916534424
  Z: 1.0556999444961548
aabbMin:
  X: -0.7543650269508362
  Y: -0.05585300177335739
  Z: -0.8622999787330627
boundingForTraverse: 4.815622806549072
bugMask: 2
cursorOffsetY: 0.5
instSizeCafe: 25844
instSizeNx: -1
rigidBodyCenterY: 1.8560099601745605
sortKey: -3
traverseDist: 150.0
