aabbMax:
  X: 0.3370710015296936
  Y: 0.8829119801521301
  Z: 0.18131999671459198
aabbMin:
  X: -0.3381820023059845
  Y: -0.0019660000689327717
  Z: -0.18131999671459198
boundingForTraverse: 0.8848779797554016
bugMask: 3
cursorOffsetY: 0.4000000059604645
instSizeCafe: -1
instSizeNx: 99176
lookAtOffsetY: 0.10000000149011612
rigidBodyCenterY: 0.3353320062160492
sortKey: 50014
