aabbMax:
  X: 1.3679399490356445
  Y: 1.9473799467086792
  Z: 1.434540033340454
aabbMin:
  X: -1.4677499532699585
  Y: -0.19684800505638123
  Z: -1.7427699565887451
boundingForTraverse: 2.144227981567383
bugMask: 2
cursorOffsetY: 0.5
instSizeCafe: 24308
instSizeNx: -1
sortKey: 0
traverseDist: 100.0
