aabbMax:
  X: 3.406059980392456
  Y: 3.2376999855041504
  Z: 4.441800117492676
aabbMin:
  X: -4.57889986038208
  Y: -1.4204699993133545
  Z: -4.404660224914551
boundingForTraverse: 4.658170223236084
bugMask: 0
cursorOffsetY: 0.5
instSizeCafe: 17396
instSizeNx: 75656
sortKey: 0
terrainTextures:
- !u 0xffff1e12
traverseDist: 200.0
