aabbMax:
  X: 1.285830020904541
  Y: 2.36680006980896
  Z: 1.2032699584960938
aabbMin:
  X: -1.5070099830627441
  Y: -0.2981860041618347
  Z: -1.3486700057983398
boundingForTraverse: 2.6649858951568604
bugMask: 2
instSizeCafe: 24560
instSizeNx: -1
sortKey: 0
traverseDist: 100.0
