aabbMax:
  X: 0.08275900036096573
  Y: 0.04704499989748001
  Z: 1.0649399757385254
aabbMin:
  X: -0.056485000997781754
  Y: -0.04705100134015083
  Z: -0.08547800034284592
boundingForTraverse: 0.09409599751234055
bugMask: 3
cursorOffsetY: 0.20000000298023224
instSizeCafe: -1
instSizeNx: 114688
sortKey: 20
