aabbMax:
  X: 86.76300048828125
  Y: 29.864999771118164
  Z: 92.62300109863281
aabbMin:
  X: -82.76349639892578
  Y: -13.453900337219238
  Z: -49.00740051269531
boundingForTraverse: 43.31890106201172
bugMask: 0
cursorOffsetY: 0.5
instSizeCafe: 28756
instSizeNx: -1
sortKey: 0
traverseDist: 1000.0
