aabbMax:
  X: 18.981399536132812
  Y: 51.003700256347656
  Z: 17.84670066833496
aabbMin:
  X: -18.75779914855957
  Y: -0.21796399354934692
  Z: -22.673099517822266
boundingForTraverse: 51.22166442871094
bugMask: 0
instSizeCafe: 27608
instSizeNx: 96160
sortKey: 0
terrainTextures:
- !u 0xff373108
traverseDist: 1000.0
