aabbMax:
  X: 5.406710147857666
  Y: 19.57659912109375
  Z: 5.0638298988342285
aabbMin:
  X: -5.662240028381348
  Y: -1.0918099880218506
  Z: -5.6472601890563965
boundingForTraverse: 20.66840934753418
bugMask: 3
instSizeCafe: 141532
instSizeNx: -1
rigidBodyCenterY: 7.221290111541748
sortKey: 0
traverseDist: 800.0
