aabbMax:
  X: 1.0433100461959839
  Y: 6.277130126953125
  Z: 1.1842800378799438
aabbMin:
  X: -1.6310100555419922
  Y: -1.9681999683380127
  Z: -1.1118600368499756
boundingForTraverse: 8.245329856872559
bugMask: 3
cursorOffsetY: 0.5
instSizeCafe: -1
instSizeNx: 431432
rigidBodyCenterY: 3.7001399993896484
sortKey: -1
traverseDist: 150.0
