aabbMax:
  X: 8.656909942626953
  Y: 33.240699768066406
  Z: 8.820130348205566
aabbMin:
  X: -8.561519622802734
  Y: -2.4240000247955322
  Z: -8.978099822998047
boundingForTraverse: 35.66469955444336
bugMask: 1
instSizeCafe: 109164
instSizeNx: -1
locators:
- pos_x: 0.0
  pos_y: 1.7000000476837158
  pos_z: 0.6349999904632568
  rot_x: -90.0
  rot_y: 180.0
  rot_z: 0.0
  type: Trunk
lookAtOffsetY: 1.100000023841858
rigidBodyCenterY: 0.05000000074505806
sortKey: 1
traverseDist: 150.0
