aabbMax:
  X: 10.406200408935547
  Y: 8.565979957580566
  Z: 9.364720344543457
aabbMin:
  X: -9.976140022277832
  Y: -0.8362029790878296
  Z: -9.884349822998047
boundingForTraverse: 9.402182579040527
bugMask: 0
cursorOffsetY: 0.5
instSizeCafe: 70600
instSizeNx: 186384
sortKey: 2
