aabbMax:
  X: 20.360700607299805
  Y: 50.72010040283203
  Z: 18.705299377441406
aabbMin:
  X: -19.87980079650879
  Y: -0.40099000930786133
  Z: -23.05699920654297
boundingForTraverse: 51.121089935302734
bugMask: 0
instSizeCafe: 38580
instSizeNx: -1
sortKey: 21
terrainTextures:
- !u 0xff373108
traverseDist: 557.9947509765625
