aabbMax:
  X: 0.5985620021820068
  Y: 1.7223999500274658
  Z: 0.5637800097465515
aabbMin:
  X: -0.5492810010910034
  Y: -0.35016900300979614
  Z: -0.6324959993362427
boundingForTraverse: 2.072568893432617
bugMask: 0
instSizeCafe: 27608
instSizeNx: 96160
sortKey: 0
