aabbMax:
  X: 2.260999917984009
  Y: 0.7508699893951416
  Z: 1.335729956626892
aabbMin:
  X: -1.927489995956421
  Y: -0.682108998298645
  Z: -1.4251799583435059
boundingForTraverse: 1.4329789876937866
bugMask: 2
instSizeCafe: -1
instSizeNx: 80704
sortKey: -2
