aabbMax:
  X: 2.3048200607299805
  Y: 0.14375799894332886
  Z: 2.514080047607422
aabbMin:
  X: -2.3617100715637207
  Y: -0.15120600163936615
  Z: -2.14982008934021
boundingForTraverse: 4.666530132293701
bugMask: 0
instSizeCafe: 17392
instSizeNx: -1
sortKey: 0
