aabbMax:
  X: 7.010049819946289
  Y: 2.2634999752044678
  Z: 1.6125500202178955
aabbMin:
  X: -6.429379940032959
  Y: -0.931693971157074
  Z: -1.707509994506836
boundingForTraverse: 3.1951940059661865
bugMask: 0
instSizeCafe: 50104
instSizeNx: -1
sortKey: -2
