aabbMax:
  X: 8.459389686584473
  Y: 12.52910041809082
  Z: 7.103320121765137
aabbMin:
  X: -6.228600025177002
  Y: -4.215710163116455
  Z: -7.0132598876953125
boundingForTraverse: 16.744810104370117
bugMask: 1
cursorOffsetY: 0.5
instSizeCafe: -1
instSizeNx: 161560
sortKey: -1
traverseDist: 500.0
