aabbMax:
  X: 0.9095100164413452
  Y: 1.8252899646759033
  Z: 1.0302300453186035
aabbMin:
  X: -1.0501899719238281
  Y: -0.25839000940322876
  Z: -1.168429970741272
boundingForTraverse: 2.0836799144744873
bugMask: 2
instSizeCafe: -1
instSizeNx: 105328
lookAtOffsetY: 1.100000023841858
rigidBodyCenterY: 0.14910699427127838
sortKey: 0
traverseDist: 150.0
