aabbMax:
  X: 3.686739921569824
  Y: 3.5024399757385254
  Z: 0.8305659890174866
aabbMin:
  X: -3.5394299030303955
  Y: -3.712739944458008
  Z: -2.107450008392334
boundingForTraverse: 7.215179920196533
bugMask: 0
cursorOffsetY: 0.5
instSizeCafe: -1
instSizeNx: 77848
sortKey: 0
traverseDist: 1000.0
