aabbMax:
  X: 7.4828200340271
  Y: 3.1728599071502686
  Z: 4.300600051879883
aabbMin:
  X: -6.143239974975586
  Y: -0.896507978439331
  Z: -4.467830181121826
boundingForTraverse: 4.0693678855896
bugMask: 1
cursorOffsetY: 0.5
instSizeCafe: 18568
instSizeNx: -1
sortKey: 2
terrainTextures:
- !u 0xffffff3e
