aabbMax:
  X: 1.8020000457763672
  Y: 3.7460899353027344
  Z: 0.19995099306106567
aabbMin:
  X: -1.8018499612808228
  Y: -0.002498999936506152
  Z: -0.19995099306106567
boundingForTraverse: 3.748589038848877
bugMask: 3
instSizeCafe: 34028
instSizeNx: -1
rigidBodyCenterY: 1.997849941253662
sortKey: 0
