aabbMax:
  X: 2.6299901008605957
  Y: 18.392099380493164
  Z: 2.2455499172210693
aabbMin:
  X: -2.333329916000366
  Y: -1.5391499996185303
  Z: -2.5922300815582275
boundingForTraverse: 19.931249618530273
bugMask: 1
instSizeCafe: 122120
instSizeNx: -1
locators:
- pos_x: 0.0
  pos_y: 1.399999976158142
  pos_z: 0.30000001192092896
  rot_x: 90.0
  rot_y: 0.0
  rot_z: 180.0
  type: Trunk
lookAtOffsetY: 1.100000023841858
rigidBodyCenterY: 6.478270053863525
sortKey: 3
traverseDist: 150.0
