aabbMax:
  X: 1.0152299404144287
  Y: 0.9794729948043823
  Z: 1.0109800100326538
aabbMin:
  X: -1.0065200328826904
  Y: -0.7235950231552124
  Z: -0.8780050277709961
boundingForTraverse: 1.7030680179595947
bugMask: 2
cursorOffsetY: 0.5
instSizeCafe: 23252
instSizeNx: -1
sortKey: -1
