aabbMax:
  X: 6.399270057678223
  Y: 27.236299514770508
  Z: 6.021480083465576
aabbMin:
  X: -5.631810188293457
  Y: -2.4240000247955322
  Z: -6.399209976196289
boundingForTraverse: 29.66029930114746
bugMask: 3
instSizeCafe: -1
instSizeNx: 402768
rigidBodyCenterY: 11.149999618530273
sortKey: -3
traverseDist: 150.0
