aabbMax:
  X: 23.026899337768555
  Y: 27.282899856567383
  Z: 23.2278995513916
aabbMin:
  X: -26.253599166870117
  Y: -7.920869827270508
  Z: -23.08839988708496
boundingForTraverse: 35.20376968383789
bugMask: 0
cursorOffsetY: 0.5
instSizeCafe: 18548
instSizeNx: -1
sortKey: 0
traverseDist: 1000.0
