aabbMax:
  X: 30.572999954223633
  Y: 3.379539966583252
  Z: 19.012800216674805
aabbMin:
  X: -0.654528021812439
  Y: -16.639299392700195
  Z: -2.2414801120758057
boundingForTraverse: 20.01883888244629
bugMask: 0
cursorOffsetY: 0.5
instSizeCafe: -1
instSizeNx: 165880
sortKey: 0
traverseDist: 537.7743530273438
