aabbMax:
  X: 2.6299901008605957
  Y: 18.339500427246094
  Z: 2.2455499172210693
aabbMin:
  X: -2.333329916000366
  Y: -1.5391499996185303
  Z: -2.5922300815582275
boundingForTraverse: 19.878650665283203
bugMask: 3
instSizeCafe: 142624
instSizeNx: 361808
rigidBodyCenterY: 8.784210205078125
sortKey: -8
traverseDist: 150.0
