aabbMax:
  X: 0.9949399828910828
  Y: 0.7066199779510498
  Z: 0.9954630136489868
aabbMin:
  X: -1.0024900436401367
  Y: -0.43471699953079224
  Z: -0.9405059814453125
boundingForTraverse: 1.1413370370864868
bugMask: 2
cursorOffsetY: 0.5
instSizeCafe: 23232
instSizeNx: -1
sortKey: 0
