aabbMax:
  X: 13.656200408935547
  Y: 8.324529647827148
  Z: 9.26986026763916
aabbMin:
  X: -14.13029956817627
  Y: -8.394760131835938
  Z: -8.331450462341309
boundingForTraverse: 16.719289779663086
bugMask: 0
cursorOffsetY: 0.5
instSizeCafe: 17392
instSizeNx: -1
sortKey: -5
terrainTextures:
- !u 0xffffff37
traverseDist: 532.8922119140625
