aabbMax:
  X: 23.10460090637207
  Y: 26.485300064086914
  Z: 24.617599487304688
aabbMin:
  X: -20.936399459838867
  Y: -26.380300521850586
  Z: -26.250600814819336
boundingForTraverse: 52.8656005859375
bugMask: 0
cursorOffsetY: 0.5
instSizeCafe: 18796
instSizeNx: -1
sortKey: -2
terrainTextures:
- !u 0xffffff3e
traverseDist: 567.2843627929688
