aabbMax:
  X: 4.430490016937256
  Y: 16.259199142456055
  Z: 4.244999885559082
aabbMin:
  X: -5.804910182952881
  Y: -3.9278500080108643
  Z: -4.021460056304932
boundingForTraverse: 20.187049865722656
bugMask: 1
instSizeCafe: 89352
instSizeNx: 216728
locators:
- pos_x: 0.0
  pos_y: 1.7000000476837158
  pos_z: 0.4699999988079071
  rot_x: -90.0
  rot_y: 180.0
  rot_z: 0.0
  type: Trunk
lookAtOffsetY: 1.100000023841858
rigidBodyCenterY: 6.609910011291504
sortKey: 0
traverseDist: 150.0
