aabbMax:
  X: 13.116499900817871
  Y: 7.6273298263549805
  Z: 13.116499900817871
aabbMin:
  X: -13.116499900817871
  Y: -5.121860027313232
  Z: -13.116499900817871
boundingForTraverse: 12.749189376831055
bugMask: 0
cursorOffsetY: 0.5
instSizeCafe: 17396
instSizeNx: -1
sortKey: 24
terrainTextures:
- !u 0xffffff37
