aabbMax:
  X: 2.956389904022217
  Y: 0.3977630138397217
  Z: 3.37214994430542
aabbMin:
  X: -2.511960029602051
  Y: -0.3658510148525238
  Z: -3.3274199962615967
boundingForTraverse: 0.7636139988899231
bugMask: 0
cursorOffsetY: 0.5
instSizeCafe: 17140
instSizeNx: -1
sortKey: 0
