aabbMax:
  X: 55.18149948120117
  Y: 3.6003499031066895
  Z: 19.740400314331055
aabbMin:
  X: -3.444149971008301
  Y: -16.04159927368164
  Z: -2.578089952468872
boundingForTraverse: 19.641948699951172
bugMask: 0
cursorOffsetY: 0.5
instSizeCafe: 17140
instSizeNx: 75656
sortKey: 0
