aabbMax:
  X: 1.7605299949645996
  Y: 3.053849935531616
  Z: 1.673050045967102
aabbMin:
  X: -2.0701100826263428
  Y: -0.130172997713089
  Z: -1.730870008468628
boundingForTraverse: 3.184022903442383
bugMask: 2
cursorOffsetY: 0.5
instSizeCafe: 24264
instSizeNx: -1
sortKey: 0
