aabbMax:
  X: 15.2475004196167
  Y: 21.491300582885742
  Z: 13.690699577331543
aabbMin:
  X: -15.567399978637695
  Y: -4.586929798126221
  Z: -13.440799713134766
boundingForTraverse: 26.078229904174805
bugMask: 1
cursorOffsetY: 0.5
instSizeCafe: 118084
instSizeNx: 257928
locators:
- pos_x: -1.3560999631881714
  pos_y: 3.5130999088287354
  pos_z: -0.4973999857902527
  rot_x: -95.15899658203125
  rot_y: 72.72100067138672
  rot_z: 1.4550000429153442
  type: Trunk
- pos_x: 0.30000001192092896
  pos_y: 2.299999952316284
  pos_z: 1.2999999523162842
  rot_x: -88.56400299072266
  rot_y: -164.55599975585938
  rot_z: 0.0
  type: Trunk
- pos_x: 1.138700008392334
  pos_y: 2.895900011062622
  pos_z: 1.00600004196167
  rot_x: -100.25199890136719
  rot_y: -141.18699645996094
  rot_z: 4.77400016784668
  type: Trunk
- pos_x: -0.49549999833106995
  pos_y: 1.0216000080108643
  pos_z: 1.2862000465393066
  rot_x: 99.88999938964844
  rot_y: 24.729999542236328
  rot_z: -180.18800354003906
  type: Trunk
lookAtOffsetY: 1.100000023841858
sortKey: 0
