aabbMax:
  X: 0.9575560092926025
  Y: 0.16716599464416504
  Z: 0.8652269840240479
aabbMin:
  X: -1.25409996509552
  Y: -0.33972400426864624
  Z: -0.9746469855308533
boundingForTraverse: 0.5068899989128113
bugMask: 0
instSizeCafe: 17460
instSizeNx: -1
sortKey: -2
traverseDist: 150.0
