aabbMax:
  X: 9.583700180053711
  Y: 22.883899688720703
  Z: 7.311180114746094
aabbMin:
  X: -7.5069899559021
  Y: -4.105100154876709
  Z: -8.93181037902832
boundingForTraverse: 26.98900032043457
bugMask: 0
cursorOffsetY: 0.5
instSizeCafe: -1
instSizeNx: 75656
sortKey: 0
terrainTextures:
- !u 0xffffff3e
