aabbMax:
  X: 0.8695279955863953
  Y: 1.503640055656433
  Z: 0.8499760031700134
aabbMin:
  X: -0.9207119941711426
  Y: -0.19371899962425232
  Z: -0.8131110072135925
boundingForTraverse: 1.6973589658737183
bugMask: 2
cursorOffsetY: 0.5
instSizeCafe: -1
instSizeNx: 82480
sortKey: 0
