aabbMax:
  X: 0.6087409853935242
  Y: 0.8219559788703918
  Z: 0.7127559781074524
aabbMin:
  X: -0.6478080153465271
  Y: -0.38305699825286865
  Z: -0.7494310140609741
boundingForTraverse: 1.2050130367279053
bugMask: 2
cursorOffsetY: 0.5
instSizeCafe: -1
instSizeNx: 82480
sortKey: 0
