aabbMax:
  X: 0.9734690189361572
  Y: 0.9122869968414307
  Z: 0.8318150043487549
aabbMin:
  X: -0.8186929821968079
  Y: -0.05618499964475632
  Z: -1.0305099487304688
boundingForTraverse: 0.9684720039367676
bugMask: 0
cursorOffsetY: 0.5
instSizeCafe: -1
instSizeNx: 75656
sortKey: -5
