aabbMax:
  X: 0.5985620021820068
  Y: 1.9536099433898926
  Z: 0.5927079916000366
aabbMin:
  X: -0.5985620021820068
  Y: -0.2125989943742752
  Z: -0.5612170100212097
boundingForTraverse: 2.1662089824676514
bugMask: 0
instSizeCafe: 27608
instSizeNx: -1
sortKey: -1
