aabbMax:
  X: 1.0124399662017822
  Y: 1.0622299909591675
  Z: 0.945999026298523
aabbMin:
  X: -1.2461999654769897
  Y: -0.4421280026435852
  Z: -0.8071789741516113
boundingForTraverse: 1.5043580532073975
bugMask: 2
instSizeCafe: -1
instSizeNx: 82448
sortKey: 0
