aabbMax:
  X: 0.7838709950447083
  Y: 1.441640019416809
  Z: 0.8752409815788269
aabbMin:
  X: -0.8712400197982788
  Y: -0.22529500722885132
  Z: -1.0180699825286865
boundingForTraverse: 1.6669349670410156
bugMask: 2
instSizeCafe: 23232
instSizeNx: -1
sortKey: 0
