aabbMax:
  X: 1.025879979133606
  Y: 0.971805989742279
  Z: 1.207919955253601
aabbMin:
  X: -1.2280000448226929
  Y: -2.624350070953369
  Z: -0.7760940194129944
boundingForTraverse: 3.596155881881714
bugMask: 2
instSizeCafe: 21912
instSizeNx: -1
sortKey: -1
