aabbMax:
  X: 3.8538599014282227
  Y: 1.320389986038208
  Z: 5.269589900970459
aabbMin:
  X: -4.548960208892822
  Y: -0.6763550043106079
  Z: -5.5489702224731445
boundingForTraverse: 1.996744990348816
bugMask: 0
cursorOffsetY: 0.5
instSizeCafe: 17140
instSizeNx: 75656
sortKey: 11
terrainTextures:
- !u 0xffffff32
