aabbMax:
  X: 4.247260093688965
  Y: 9.334939956665039
  Z: 5.187709808349609
aabbMin:
  X: -5.080719947814941
  Y: -0.5
  Z: -3.3379199504852295
boundingForTraverse: 9.834939956665039
bugMask: 1
instSizeCafe: 97220
instSizeNx: -1
locators:
- pos_x: -0.07999999821186066
  pos_y: 1.5
  pos_z: 0.6000000238418579
  rot_x: 90.0
  rot_y: 0.0
  rot_z: -180.0
  type: Trunk
- pos_x: -0.699999988079071
  pos_y: 4.699999809265137
  pos_z: 0.30000001192092896
  rot_x: 0.0
  rot_y: 0.0
  rot_z: 0.0
  type: Branch
lookAtOffsetY: 1.100000023841858
rigidBodyCenterY: 3.2019999027252197
sortKey: 0
traverseDist: 150.0
