aabbMax:
  X: 11.880399703979492
  Y: 8.372050285339355
  Z: 10.901300430297852
aabbMin:
  X: -10.629599571228027
  Y: -0.8195819854736328
  Z: -10.371500015258789
boundingForTraverse: 9.191632270812988
bugMask: 0
instSizeCafe: 39732
instSizeNx: -1
sortKey: 0
terrainTextures:
- !u 0xff4c1f00
