aabbMax:
  X: 11.924599647521973
  Y: 2.1412301063537598
  Z: 8.404829978942871
aabbMin:
  X: -11.924599647521973
  Y: -1.1567599773406982
  Z: -8.404829978942871
boundingForTraverse: 3.297990083694458
bugMask: 0
cursorOffsetY: 0.5
instSizeCafe: 17644
instSizeNx: -1
sortKey: 11
terrainTextures:
- !u 0xffffff32
