aabbMax:
  X: 0.6527169942855835
  Y: 0.8461970090866089
  Z: 0.5650420188903809
aabbMin:
  X: -0.6246169805526733
  Y: -0.14254599809646606
  Z: -0.6928399801254272
boundingForTraverse: 0.988743007183075
bugMask: 2
instSizeCafe: 33588
instSizeNx: 107088
sortKey: 0
