aabbMax:
  X: 0.163565993309021
  Y: 0.11471299827098846
  Z: 0.5606719851493835
aabbMin:
  X: -0.17969100177288055
  Y: -0.14675000309944153
  Z: -0.609112024307251
boundingForTraverse: 0.2614629864692688
bugMask: 3
cursorOffsetY: 0.20000000298023224
instSizeCafe: 40584
instSizeNx: 111752
sortKey: 22
