aabbMax:
  X: 0.08035700023174286
  Y: 0.06300800293684006
  Z: 1.03643000125885
aabbMin:
  X: -0.027852000668644905
  Y: -0.14864499866962433
  Z: -0.08534500002861023
boundingForTraverse: 0.2116529941558838
bugMask: 3
cursorOffsetY: 0.20000000298023224
instSizeCafe: 41992
instSizeNx: -1
sortKey: 60
