aabbMax:
  X: 2.8533499240875244
  Y: 0.38901498913764954
  Z: 1.2728999853134155
aabbMin:
  X: -2.922450065612793
  Y: -0.09826000034809113
  Z: -1.2728999853134155
boundingForTraverse: 0.48727500438690186
bugMask: 2
cursorOffsetY: 0.5
instSizeCafe: -1
instSizeNx: 183752
rigidBodyCenterY: 0.14872600138187408
sortKey: 0
traverseDist: 200.0
