aabbMax:
  X: 2.428770065307617
  Y: 2.2915399074554443
  Z: 1.3356000185012817
aabbMin:
  X: -2.1326100826263428
  Y: -0.4550600051879883
  Z: -1.8028000593185425
boundingForTraverse: 2.7465999126434326
bugMask: 2
cursorOffsetY: 0.5
instSizeCafe: -1
instSizeNx: 82544
sortKey: 0
traverseDist: 100.0
