aabbMax:
  X: 0.1249770000576973
  Y: 0.35434800386428833
  Z: 0.23294800519943237
aabbMin:
  X: -0.10593099892139435
  Y: 0.18306699395179749
  Z: -0.19026200473308563
boundingForTraverse: 0.17128099501132965
bugMask: 1
cursorOffsetY: 0.30000001192092896
instSizeCafe: 24172
instSizeNx: -1
lookAtOffsetY: 0.20000000298023224
sortKey: 21360
