aabbMax:
  X: 4.280350208282471
  Y: 4.2706298828125
  Z: 4.239779949188232
aabbMin:
  X: -4.41880989074707
  Y: -0.4293290078639984
  Z: -3.444740056991577
boundingForTraverse: 4.699958801269531
bugMask: 0
cursorOffsetY: 0.5
instSizeCafe: 18548
instSizeNx: 75656
sortKey: -10
