aabbMax:
  X: 5.8277997970581055
  Y: 10.30150032043457
  Z: 5.521120071411133
aabbMin:
  X: -6.063439846038818
  Y: -1.3188300132751465
  Z: -5.432779788970947
boundingForTraverse: 11.620330810546875
bugMask: 1
instSizeCafe: 112212
instSizeNx: -1
lookAtOffsetY: 1.100000023841858
rigidBodyCenterY: 5.047070026397705
sortKey: 0
traverseDist: 150.0
