aabbMax:
  X: 4.362919807434082
  Y: 18.257999420166016
  Z: 5.206510066986084
aabbMin:
  X: -5.096340179443359
  Y: -3.175339937210083
  Z: -4.74330997467041
boundingForTraverse: 21.433340072631836
bugMask: 3
instSizeCafe: 140832
instSizeNx: 357712
rigidBodyCenterY: 5.138790130615234
sortKey: 0
traverseDist: 150.0
