aabbMax:
  X: 16.3125
  Y: 5.32342004776001
  Z: 8.770990371704102
aabbMin:
  X: -15.776200294494629
  Y: -2.0138399600982666
  Z: -12.765899658203125
boundingForTraverse: 7.337259769439697
bugMask: 0
cursorOffsetY: 0.5
instSizeCafe: 18548
instSizeNx: -1
sortKey: -7
