aabbMax:
  X: 0.6973109841346741
  Y: 0.6478270292282104
  Z: 0.6635890007019043
aabbMin:
  X: -0.666782021522522
  Y: -0.5779629945755005
  Z: -0.6824229955673218
boundingForTraverse: 1.225790023803711
bugMask: 1
cursorOffsetY: 0.5
instSizeCafe: 34736
instSizeNx: -1
rigidBodyCenterY: 0.003102000104263425
sortKey: 0
traverseDist: 150.0
