aabbMax:
  X: 5.926109790802002
  Y: 6.607039928436279
  Z: 8.371970176696777
aabbMin:
  X: -6.35299015045166
  Y: -1.3828799724578857
  Z: -6.299769878387451
boundingForTraverse: 7.989920139312744
bugMask: 0
cursorOffsetY: 0.5
instSizeCafe: 49536
instSizeNx: -1
sortKey: 0
