aabbMax:
  X: 4.362919807434082
  Y: 18.257999420166016
  Z: 5.206510066986084
aabbMin:
  X: -5.096340179443359
  Y: -3.175339937210083
  Z: -4.74330997467041
boundingForTraverse: 21.433340072631836
bugMask: 1
instSizeCafe: 101128
instSizeNx: 237208
locators:
- pos_x: 0.0
  pos_y: 1.7000000476837158
  pos_z: 0.4000000059604645
  rot_x: -90.0
  rot_y: 180.0
  rot_z: 0.0
  type: Trunk
lookAtOffsetY: 1.100000023841858
rigidBodyCenterY: 7.80443000793457
sortKey: 0
traverseDist: 150.0
