aabbMax:
  X: 5.933969974517822
  Y: 17.127700805664062
  Z: 11.706199645996094
aabbMin:
  X: -6.334469795227051
  Y: -1.1790000200271606
  Z: -1.6175299882888794
boundingForTraverse: 18.30670166015625
bugMask: 1
instSizeCafe: -1
instSizeNx: 239904
lookAtOffsetY: 1.100000023841858
rigidBodyCenterY: 7.042180061340332
sortKey: 0
traverseDist: 800.0
