aabbMax:
  X: 1.3306699991226196
  Y: 4.361310005187988
  Z: 0.7239099740982056
aabbMin:
  X: -1.5047500133514404
  Y: -0.07357499748468399
  Z: -0.30410799384117126
boundingForTraverse: 4.434885025024414
bugMask: 2
cursorOffsetY: 0.5
instSizeCafe: -1
instSizeNx: 147184
rigidBodyCenterY: 2.0027999877929688
sortKey: -2
