aabbMax:
  X: 0.8647279739379883
  Y: 2.9150400161743164
  Z: 0.9956730008125305
aabbMin:
  X: -0.882964015007019
  Y: -0.5272459983825684
  Z: -1.1396700143814087
boundingForTraverse: 3.4422860145568848
bugMask: 2
instSizeCafe: 35672
instSizeNx: 107928
lookAtOffsetY: 1.100000023841858
rigidBodyCenterY: 0.6051669716835022
sortKey: -10
traverseDist: 150.0
