aabbMax:
  X: 0.538873016834259
  Y: 0.9554780125617981
  Z: 0.6991360187530518
aabbMin:
  X: -0.6057530045509338
  Y: -0.33666300773620605
  Z: -0.5828269720077515
boundingForTraverse: 1.2921409606933594
bugMask: 2
cursorOffsetY: 0.5
instSizeCafe: -1
instSizeNx: 82480
sortKey: 0
