aabbMax:
  X: 1.056820034980774
  Y: 1.7024799585342407
  Z: 0.721917986869812
aabbMin:
  X: -0.7760319709777832
  Y: -0.25891199707984924
  Z: -1.0603100061416626
boundingForTraverse: 1.9613920450210571
bugMask: 2
instSizeCafe: 23252
instSizeNx: 82480
sortKey: 0
