aabbMax:
  X: 10.416099548339844
  Y: 53.36389923095703
  Z: 5.646440029144287
aabbMin:
  X: -10.567999839782715
  Y: -0.039021000266075134
  Z: -5.8013200759887695
boundingForTraverse: 53.40291976928711
bugMask: 0
cursorOffsetY: 0.5
instSizeCafe: 73472
instSizeNx: -1
sortKey: 0
terrainTextures:
- !u 0xffffff47
