aabbMax:
  X: 0.8948739767074585
  Y: 1.1533199548721313
  Z: 0.8445410132408142
aabbMin:
  X: -0.8334810137748718
  Y: -0.4475120007991791
  Z: -0.7784559726715088
boundingForTraverse: 1.6008319854736328
bugMask: 2
cursorOffsetY: 0.5
instSizeCafe: 23232
instSizeNx: -1
sortKey: 0
