aabbMax:
  X: 0.421875
  Y: 0.421875
  Z: 0.0
aabbMin:
  X: -0.421875
  Y: -0.421875
  Z: 0.0
boundingForTraverse: 0.84375
bugMask: 1
instSizeCafe: 19564
instSizeNx: -1
sortKey: 0
