aabbMax:
  X: 92.1769027709961
  Y: 13.162300109863281
  Z: 71.32060241699219
aabbMin:
  X: -88.84629821777344
  Y: -8.590479850769043
  Z: -70.1594009399414
boundingForTraverse: 21.75278091430664
bugMask: 0
cursorOffsetY: 0.5
instSizeCafe: 48256
instSizeNx: 145368
sortKey: 13
terrainTextures:
- !u 0xff373108
traverseDist: 729.7520141601562
