aabbMax:
  X: 0.7097200155258179
  Y: 1.1215100288391113
  Z: 0.7720209956169128
aabbMin:
  X: -0.809889018535614
  Y: -0.3047110140323639
  Z: -0.7012439966201782
boundingForTraverse: 1.4262210130691528
bugMask: 2
cursorOffsetY: 0.5
instSizeCafe: 23492
instSizeNx: -1
sortKey: 0
