aabbMax:
  X: 2.137860059738159
  Y: 1.4648200273513794
  Z: 2.013230085372925
aabbMin:
  X: -1.9232100248336792
  Y: -1.1880700588226318
  Z: -1.6798499822616577
boundingForTraverse: 2.6528899669647217
bugMask: 0
cursorOffsetY: 0.5
instSizeCafe: 39092
instSizeNx: -1
sortKey: -2
traverseDist: 150.0
