aabbMax:
  X: 23.614500045776367
  Y: 27.513099670410156
  Z: 24.273799896240234
aabbMin:
  X: -20.56909942626953
  Y: -25.7273006439209
  Z: -25.731700897216797
boundingForTraverse: 53.24040222167969
bugMask: 0
cursorOffsetY: 0.5
instSizeCafe: -1
instSizeNx: 75656
sortKey: 0
terrainTextures:
- !u 0xffffff3e
