aabbMax:
  X: 0.5002430081367493
  Y: 1.5052299499511719
  Z: 0.7784199714660645
aabbMin:
  X: -0.7758439779281616
  Y: -0.19066399335861206
  Z: -0.684814989566803
boundingForTraverse: 1.6958940029144287
bugMask: 2
instSizeCafe: -1
instSizeNx: 82568
sortKey: 0
