aabbMax:
  X: 4.842259883880615
  Y: 10.827899932861328
  Z: 6.083940029144287
aabbMin:
  X: -4.677070140838623
  Y: -0.75
  Z: -4.263710021972656
boundingForTraverse: 11.577899932861328
bugMask: 3
cursorOffsetY: 0.5
instSizeCafe: 141856
instSizeNx: -1
rigidBodyCenterY: 3.156860113143921
sortKey: 0
traverseDist: 150.0
