aabbMax:
  X: 2.6299901008605957
  Y: 13.44849967956543
  Z: 2.2455499172210693
aabbMin:
  X: -2.333329916000366
  Y: -1.5391499996185303
  Z: -2.934809923171997
boundingForTraverse: 14.987649917602539
bugMask: 3
instSizeCafe: 166652
instSizeNx: -1
rigidBodyCenterY: 6.915919780731201
sortKey: -3
traverseDist: 150.0
