aabbMax:
  X: 2.0040900707244873
  Y: 3.9893798828125
  Z: 1.9985400438308716
aabbMin:
  X: -2.0040900707244873
  Y: -0.0006360000115819275
  Z: -1.9985400438308716
boundingForTraverse: 3.990015983581543
bugMask: 0
instSizeCafe: 28860
instSizeNx: -1
rigidBodyCenterY: 2.0
sortKey: -38
