aabbMax:
  X: 7.748720169067383
  Y: 1.8971199989318848
  Z: 4.778369903564453
aabbMin:
  X: -7.060510158538818
  Y: -1.1630899906158447
  Z: -4.993639945983887
boundingForTraverse: 3.0602099895477295
bugMask: 0
cursorOffsetY: 0.5
instSizeCafe: 28760
instSizeNx: -1
sortKey: 0
terrainTextures:
- !u 0xffffff03
traverseDist: 200.0
