aabbMax:
  X: 4.295740127563477
  Y: 16.920000076293945
  Z: 3.570280075073242
aabbMin:
  X: -3.8603498935699463
  Y: -2.068660020828247
  Z: -3.758970022201538
boundingForTraverse: 18.98866081237793
bugMask: 3
instSizeCafe: 153368
instSizeNx: -1
rigidBodyCenterY: 5.881219863891602
sortKey: -6
traverseDist: 150.0
