aabbMax:
  X: 61.750701904296875
  Y: 12.623200416564941
  Z: 63.909400939941406
aabbMin:
  X: -62.35499954223633
  Y: -12.8503999710083
  Z: -64.33049774169922
boundingForTraverse: 25.473600387573242
bugMask: 0
cursorOffsetY: 0.5
instSizeCafe: 37784
instSizeNx: -1
sortKey: 0
terrainTextures:
- !u 0xff373108
