aabbMax:
  X: 0.8916360139846802
  Y: 1.0174800157546997
  Z: 1.3599599599838257
aabbMin:
  X: -0.81181800365448
  Y: -0.24001500010490417
  Z: -0.8801100254058838
boundingForTraverse: 1.2574950456619263
bugMask: 2
instSizeCafe: 23492
instSizeNx: -1
sortKey: 0
