aabbMax:
  X: 6.41825008392334
  Y: 1.1928800344467163
  Z: 1.1564899682998657
aabbMin:
  X: -6.323279857635498
  Y: -0.931693971157074
  Z: -0.9639899730682373
boundingForTraverse: 2.1245739459991455
bugMask: 0
cursorOffsetY: 0.5
instSizeCafe: -1
instSizeNx: 145368
sortKey: 0
traverseDist: 150.0
