aabbMax:
  X: 4.0
  Y: 8.0
  Z: 0.8999999761581421
aabbMin:
  X: -4.0
  Y: 0.0
  Z: -0.8999999761581421
boundingForTraverse: 8.0
bugMask: 0
cursorOffsetY: 0.5
instSizeCafe: -1
instSizeNx: 96160
sortKey: -1
