aabbMax:
  X: 25.898799896240234
  Y: 58.503299713134766
  Z: 23.943099975585938
aabbMin:
  X: -27.160600662231445
  Y: -2.18818998336792
  Z: -27.100000381469727
boundingForTraverse: 60.691490173339844
bugMask: 0
cursorOffsetY: 0.5
instSizeCafe: 27608
instSizeNx: 96160
sortKey: 0
terrainTextures:
- !u 0xff373108
traverseDist: 1500.0
