aabbMax:
  X: 1.8851300477981567
  Y: 3.7851600646972656
  Z: 0.2517090141773224
aabbMin:
  X: -1.8018499612808228
  Y: -0.04412800073623657
  Z: -0.2517090141773224
boundingForTraverse: 3.8292880058288574
bugMask: 3
cursorOffsetY: 0.5
instSizeCafe: 34028
instSizeNx: -1
rigidBodyCenterY: 1.997849941253662
sortKey: -1
