aabbMax:
  X: 2.582350015640259
  Y: 13.07390022277832
  Z: 2.5951199531555176
aabbMin:
  X: -2.6282200813293457
  Y: -2.0765600204467773
  Z: -3.751199960708618
boundingForTraverse: 15.150460243225098
bugMask: 1
instSizeCafe: -1
instSizeNx: 289064
locators:
- pos_x: 0.0
  pos_y: 1.0800000429153442
  pos_z: 0.3109999895095825
  rot_x: -87.30000305175781
  rot_y: 180.0
  rot_z: 0.0
  type: Trunk
lookAtOffsetY: 1.100000023841858
rigidBodyCenterY: 4.9123101234436035
sortKey: 19
traverseDist: 150.0
