aabbMax:
  X: 0.9572070240974426
  Y: 0.762378990650177
  Z: 0.9919300079345703
aabbMin:
  X: -0.9076110124588013
  Y: -0.04163400083780289
  Z: -1.0088599920272827
boundingForTraverse: 0.8040130138397217
bugMask: 0
instSizeCafe: 17140
instSizeNx: -1
sortKey: 0
terrainTextures:
- !u 0xffffff03
