aabbMax:
  X: 21.68239974975586
  Y: 25.451499938964844
  Z: 20.339500427246094
aabbMin:
  X: -22.135400772094727
  Y: -6.923439979553223
  Z: -23.185800552368164
boundingForTraverse: 32.37493896484375
bugMask: 0
cursorOffsetY: 0.5
instSizeCafe: 30320
instSizeNx: -1
sortKey: 0
traverseDist: 1000.0
