aabbMax:
  X: 19.725799560546875
  Y: 6.073070049285889
  Z: 23.178300857543945
aabbMin:
  X: -15.203200340270996
  Y: -7.52977991104126
  Z: -25.543800354003906
boundingForTraverse: 13.602849960327148
bugMask: 0
cursorOffsetY: 0.5
instSizeCafe: 18796
instSizeNx: -1
sortKey: -4
