aabbMax:
  X: 26.160900115966797
  Y: 58.44329833984375
  Z: 24.58530044555664
aabbMin:
  X: -27.13680076599121
  Y: -2.074130058288574
  Z: -26.786699295043945
boundingForTraverse: 60.51742935180664
bugMask: 0
cursorOffsetY: 0.5
instSizeCafe: 38040
instSizeNx: -1
sortKey: 23
terrainTextures:
- !u 0xff373108
traverseDist: 574.0252075195312
