aabbMax:
  X: 2.0068299770355225
  Y: 3.6231400966644287
  Z: 0.6852790117263794
aabbMin:
  X: -1.2249699831008911
  Y: -0.22765499353408813
  Z: -0.7148100137710571
boundingForTraverse: 3.850795030593872
bugMask: 0
cursorOffsetY: 0.5
instSizeCafe: 48252
instSizeNx: -1
sortKey: -1
terrainTextures:
- !u 0xff4c1f00
traverseDist: 300.0
