aabbMax:
  X: 4.610420227050781
  Y: 20.510900497436523
  Z: 4.294579982757568
aabbMin:
  X: -4.563889980316162
  Y: -2.070810079574585
  Z: -4.438079833984375
boundingForTraverse: 22.581710815429688
bugMask: 3
instSizeCafe: 165144
instSizeNx: -1
rigidBodyCenterY: 8.824060440063477
sortKey: -7
traverseDist: 150.0
