aabbMax:
  X: 11.145000457763672
  Y: 9.155240058898926
  Z: 5.307509899139404
aabbMin:
  X: -4.3371100425720215
  Y: -1.6098699569702148
  Z: -4.823790073394775
boundingForTraverse: 10.76511001586914
bugMask: 0
instSizeCafe: 18544
instSizeNx: -1
sortKey: 0
terrainTextures:
- !u 0xffffff03
