aabbMax:
  X: 30.147600173950195
  Y: 2.723059892654419
  Z: 26.56279945373535
aabbMin:
  X: -13.923800468444824
  Y: -30.616600036621094
  Z: -37.9838981628418
boundingForTraverse: 33.33966064453125
bugMask: 0
cursorOffsetY: 0.5
instSizeCafe: 17396
instSizeNx: -1
sortKey: 8
terrainTextures:
- !u 0xffffff32
traverseDist: 578.1572875976562
