aabbMax:
  X: 0.6462510228157043
  Y: 0.9560610055923462
  Z: 0.647737979888916
aabbMin:
  X: -0.8378170132637024
  Y: -0.41616401076316833
  Z: -0.5481340289115906
boundingForTraverse: 1.372225046157837
bugMask: 2
instSizeCafe: 23232
instSizeNx: -1
sortKey: 0
