aabbMax:
  X: 1.2162599563598633
  Y: 3.404789924621582
  Z: 0.7217370271682739
aabbMin:
  X: -1.499400019645691
  Y: -0.07162100076675415
  Z: -0.30506598949432373
boundingForTraverse: 3.4764111042022705
bugMask: 2
cursorOffsetY: 0.5
instSizeCafe: -1
instSizeNx: 167672
rigidBodyCenterY: 1.5412299633026123
sortKey: -3
