aabbMax:
  X: 2.582350015640259
  Y: 13.07390022277832
  Z: 2.5951199531555176
aabbMin:
  X: -2.6282200813293457
  Y: -2.0765600204467773
  Z: -3.751199960708618
boundingForTraverse: 15.150460243225098
bugMask: 3
instSizeCafe: 166876
instSizeNx: -1
rigidBodyCenterY: 5.38677978515625
sortKey: 20
traverseDist: 150.0
