aabbMax:
  X: 1.1520800590515137
  Y: 1.144670009613037
  Z: 1.1857500076293945
aabbMin:
  X: -1.1503700017929077
  Y: -1.2154699563980103
  Z: -1.130139946937561
baseScaleX: 3.0
baseScaleY: 3.0
baseScaleZ: 3.0
boundingForTraverse: 2.360140085220337
bugMask: 3
instSizeCafe: -1
instSizeNx: 113040
sortKey: 0
