aabbMax:
  X: 0.3840259909629822
  Y: 0.38155698776245117
  Z: 0.39524999260902405
aabbMin:
  X: -0.3834570050239563
  Y: -0.4051559865474701
  Z: -0.37671199440956116
boundingForTraverse: 0.7867130041122437
bugMask: 3
instSizeCafe: 40780
instSizeNx: -1
sortKey: 0
terrainTextures:
- !u 0xffffff08
