aabbMax:
  X: 0.8647279739379883
  Y: 2.9150400161743164
  Z: 0.9956730008125305
aabbMin:
  X: -0.882964015007019
  Y: -0.02724600024521351
  Z: -1.1396700143814087
boundingForTraverse: 2.9422860145568848
bugMask: 3
instSizeCafe: 37612
instSizeNx: -1
sortKey: 4
