aabbMax:
  X: 2.438800096511841
  Y: 4.3950700759887695
  Z: 2.378469944000244
aabbMin:
  X: -2.6925899982452393
  Y: -0.026630999520421028
  Z: -1.989169955253601
boundingForTraverse: 4.421700954437256
bugMask: 3
instSizeCafe: 50432
instSizeNx: 131344
sortKey: 3
