aabbMax:
  X: 1.0107699632644653
  Y: 1.4454599618911743
  Z: 1.047950029373169
aabbMin:
  X: -0.8446980118751526
  Y: -0.009746000170707703
  Z: -1.149999976158142
boundingForTraverse: 1.455206036567688
bugMask: 3
instSizeCafe: 29384
instSizeNx: -1
sortKey: 0
terrainTextures:
- !u 0xffffff04
