aabbMax:
  X: 1.3358999490737915
  Y: 1.6577500104904175
  Z: 1.6661900281906128
aabbMin:
  X: -1.5192099809646606
  Y: -0.04176099970936775
  Z: -1.7386599779129028
boundingForTraverse: 1.6995110511779785
bugMask: 3
instSizeCafe: 29888
instSizeNx: 93368
sortKey: 1
