aabbMax:
  X: 1.036679983139038
  Y: 1.7842600345611572
  Z: 1.1759300231933594
aabbMin:
  X: -1.1170400381088257
  Y: -0.031098999083042145
  Z: -1.2191499471664429
boundingForTraverse: 1.8153589963912964
bugMask: 3
cursorOffsetY: 0.5
instSizeCafe: 28968
instSizeNx: -1
sortKey: 4
