aabbMax:
  X: 0.6855189800262451
  Y: 1.3703399896621704
  Z: 0.6690670251846313
aabbMin:
  X: -0.7227309942245483
  Y: -0.020072000101208687
  Z: -0.636489987373352
boundingForTraverse: 1.3904119729995728
bugMask: 3
instSizeCafe: 28976
instSizeNx: -1
sortKey: 0
