aabbMax:
  X: 1.5370899438858032
  Y: 2.376729965209961
  Z: 1.3236900568008423
aabbMin:
  X: -1.5380899906158447
  Y: -0.21837399899959564
  Z: -1.5273100137710571
boundingForTraverse: 2.5951039791107178
bugMask: 3
instSizeCafe: 30252
instSizeNx: -1
sortKey: 2
