aabbMax:
  X: 0.33959999680519104
  Y: 0.9882919788360596
  Z: 0.3643450140953064
aabbMin:
  X: -0.36018499732017517
  Y: -0.04306099936366081
  Z: -0.4199259877204895
boundingForTraverse: 1.0313529968261719
bugMask: 3
instSizeCafe: 28968
instSizeNx: -1
sortKey: 0
