aabbMax:
  X: 0.709659993648529
  Y: 1.501889944076538
  Z: 0.8705710172653198
aabbMin:
  X: -0.8719310164451599
  Y: -0.016899999231100082
  Z: -0.8291820287704468
boundingForTraverse: 1.5187900066375732
bugMask: 3
instSizeCafe: 28992
instSizeNx: 93368
sortKey: 2
