aabbMax:
  X: 0.9179689884185791
  Y: 1.7353500127792358
  Z: 0.21374499797821045
aabbMin:
  X: -0.9179689884185791
  Y: 0.0009330000029876828
  Z: -0.12829600274562836
boundingForTraverse: 1.7344169616699219
bugMask: 3
instSizeCafe: 298516
instSizeNx: 557224
sortKey: 0
