aabbMax:
  X: 2.403549909591675
  Y: 1.7706999778747559
  Z: 2.241990089416504
aabbMin:
  X: -1.847190022468567
  Y: -0.7400529980659485
  Z: -1.9860399961471558
boundingForTraverse: 2.5107529163360596
bugMask: 2
cursorOffsetY: 0.5
instSizeCafe: 24256
instSizeNx: -1
sortKey: 0
