aabbMax:
  X: 0.8608599901199341
  Y: 1.4832500219345093
  Z: 0.9047470092773438
aabbMin:
  X: -0.8880800008773804
  Y: -0.5012050271034241
  Z: -0.9797419905662537
boundingForTraverse: 1.9844549894332886
bugMask: 2
instSizeCafe: -1
instSizeNx: 83976
sortKey: -2
