aabbMax:
  X: 1.5861799716949463
  Y: 1.5516400337219238
  Z: 1.5848300457000732
aabbMin:
  X: -1.6087199449539185
  Y: -0.36197200417518616
  Z: -1.5506500005722046
boundingForTraverse: 1.9136120080947876
bugMask: 2
instSizeCafe: 24524
instSizeNx: -1
sortKey: 0
