aabbMax:
  X: 2.5515599250793457
  Y: 1.6335500478744507
  Z: 2.1495800018310547
aabbMin:
  X: -2.0091300010681152
  Y: -0.24109700322151184
  Z: -1.9837499856948853
boundingForTraverse: 1.8746470212936401
bugMask: 2
instSizeCafe: 24148
instSizeNx: -1
sortKey: 0
