aabbMax:
  X: 2.2161600589752197
  Y: 1.9698200225830078
  Z: 2.1933701038360596
aabbMin:
  X: -1.887910008430481
  Y: -0.2880040109157562
  Z: -2.3471500873565674
boundingForTraverse: 2.257823944091797
bugMask: 2
cursorOffsetY: 0.5
instSizeCafe: 24148
instSizeNx: 82480
sortKey: 0
