aabbMax:
  X: 1.6152299642562866
  Y: 1.135740041732788
  Z: 0.8955079913139343
aabbMin:
  X: -1.6152299642562866
  Y: -0.0438230000436306
  Z: -1.0439499616622925
boundingForTraverse: 1.179563045501709
bugMask: 1
instSizeCafe: 35684
instSizeNx: -1
sortKey: 50043
