aabbMax:
  X: 0.3129819929599762
  Y: 0.605193018913269
  Z: 0.3129819929599762
aabbMin:
  X: -0.3129819929599762
  Y: 0.0
  Z: -0.3129819929599762
boundingForTraverse: 0.605193018913269
bugMask: 3
instSizeCafe: 42856
instSizeNx: -1
rigidBodyCenterY: 0.29149898886680603
sortKey: -11
