Chemical:
  Burnable: 1
aabbMax:
  X: 0.17736800014972687
  Y: 0.05709800124168396
  Z: 0.7143549919128418
aabbMin:
  X: -0.06561300158500671
  Y: -0.05694599822163582
  Z: -0.7143549919128418
boundingForTraverse: 0.11404400318861008
bugMask: 3
cursorOffsetY: 0.30000001192092896
instSizeCafe: 60192
instSizeNx: 141808
sortKey: -11
traverseDist: 80.0
