aabbMax:
  X: 4.852109909057617
  Y: 21.25749969482422
  Z: 5.85338020324707
aabbMin:
  X: -5.36536979675293
  Y: -0.014062000438570976
  Z: -4.359079837799072
boundingForTraverse: 21.271562576293945
bugMask: 3
cursorOffsetY: 2.5
instSizeCafe: 437996
instSizeNx: 681624
sortKey: -2
traverseDist: 99999.0
