aabbMax:
  X: 0.773838996887207
  Y: 2.6167500019073486
  Z: 1.2674000263214111
aabbMin:
  X: -0.6841080188751221
  Y: -0.002334000077098608
  Z: -0.5896700024604797
boundingForTraverse: 2.619083881378174
bugMask: 3
cursorOffsetY: 0.5
instSizeCafe: 403000
instSizeNx: -1
sortKey: 1103
traverseDist: 99999.0
