aabbMax:
  X: 0.07665199786424637
  Y: 0.019840000197291374
  Z: 0.8803420066833496
aabbMin:
  X: -0.14682899415493011
  Y: -0.019840000197291374
  Z: -0.33933499455451965
boundingForTraverse: 0.03967899829149246
bugMask: 3
cursorOffsetY: 0.30000001192092896
instSizeCafe: 81936
instSizeNx: 175824
sortKey: -12
traverseDist: 80.0
