aabbMax:
  X: 1.2753900289535522
  Y: 3.16552996635437
  Z: 0.7531219720840454
aabbMin:
  X: -1.2753900289535522
  Y: -0.001832999987527728
  Z: -0.7151399850845337
boundingForTraverse: 3.167362928390503
bugMask: 3
cursorOffsetY: 0.5
instSizeCafe: 183788
instSizeNx: -1
sortKey: -1
traverseDist: 99999.0
