aabbMax:
  X: 0.7741100192070007
  Y: 2.6172499656677246
  Z: 1.26774001121521
aabbMin:
  X: -0.6843479871749878
  Y: -0.0024739999789744616
  Z: -0.589821994304657
boundingForTraverse: 2.6197240352630615
bugMask: 3
cursorOffsetY: 0.5
instSizeCafe: -1
instSizeNx: 669312
sortKey: -3
traverseDist: 99999.0
