aabbMax:
  X: 0.054326001554727554
  Y: 0.13391800224781036
  Z: 1.079010009765625
aabbMin:
  X: -0.027852000668644905
  Y: -0.13391800224781036
  Z: -0.08547800034284592
boundingForTraverse: 0.2678360044956207
bugMask: 3
cursorOffsetY: 0.20000000298023224
instSizeCafe: 63184
instSizeNx: -1
sortKey: -8
