aabbMax:
  X: 1.6846100091934204
  Y: 1.6846100091934204
  Z: 1.2601399421691895
aabbMin:
  X: -1.6846100091934204
  Y: -1.6846100091934204
  Z: -1.2601399421691895
boundingForTraverse: 3.369220018386841
bugMask: 3
instSizeCafe: 55244
instSizeNx: -1
rigidBodyCenterY: -1.8000000636675395e-05
sortKey: 0
traverseDist: 99999.0
