aabbMax:
  X: 4.851190090179443
  Y: 21.254499435424805
  Z: 5.851379871368408
aabbMin:
  X: -5.364339828491211
  Y: -0.012165999971330166
  Z: -4.357669830322266
boundingForTraverse: 21.266666412353516
bugMask: 3
cursorOffsetY: 2.5
instSizeCafe: 437932
instSizeNx: -1
sortKey: -2
traverseDist: 99999.0
