aabbMax:
  X: 1.2753900289535522
  Y: 3.16552996635437
  Z: 0.7531219720840454
aabbMin:
  X: -1.2753900289535522
  Y: -0.0018860000418499112
  Z: -0.7151399850845337
boundingForTraverse: 3.1674160957336426
bugMask: 3
cursorOffsetY: 0.5
instSizeCafe: -1
instSizeNx: 353800
sortKey: -1
traverseDist: 99999.0
