aabbMax:
  X: 0.1028980016708374
  Y: 0.38978099822998047
  Z: 0.060492999851703644
aabbMin:
  X: -0.1028980016708374
  Y: 0.007224999833852053
  Z: -0.060492999851703644
boundingForTraverse: 0.3825559914112091
bugMask: 3
cursorOffsetY: 0.30000001192092896
instSizeCafe: 36544
instSizeNx: -1
rigidBodyCenterY: 0.20000000298023224
sortKey: -1
