aabbMax:
  X: 2.0773398876190186
  Y: 0.024608999490737915
  Z: 2.0399999618530273
aabbMin:
  X: -2.0773398876190186
  Y: -0.7156640291213989
  Z: -2.0399999618530273
boundingForTraverse: 0.7402729988098145
bugMask: 3
instSizeCafe: -1
instSizeNx: 170264
rigidBodyCenterY: -0.42754098773002625
sortKey: 0
