aabbMax:
  X: 3.0
  Y: 0.024608999490737915
  Z: 2.0
aabbMin:
  X: -3.0
  Y: -0.7016310095787048
  Z: -2.0
boundingForTraverse: 0.7262399792671204
bugMask: 3
instSizeCafe: -1
instSizeNx: 190704
rigidBodyCenterY: -0.43013298511505127
sortKey: 0
