aabbMax:
  X: 40.90739822387695
  Y: 127.4020004272461
  Z: 83.16239929199219
aabbMin:
  X: -40.892799377441406
  Y: -18.29509925842285
  Z: -80.86519622802734
boundingForTraverse: 145.6970977783203
bugMask: 1
instSizeCafe: -1
instSizeNx: 143512
sortKey: -10
traverseDist: 3000.0
