aabbMax:
  X: 40.90639877319336
  Y: 127.02200317382812
  Z: 83.1636962890625
aabbMin:
  X: -40.90639877319336
  Y: -18.329500198364258
  Z: -80.95780181884766
boundingForTraverse: 145.35150146484375
bugMask: 3
instSizeCafe: 528612
instSizeNx: -1
sortKey: -12
traverseDist: 800.0
