aabbMax:
  X: 5.167970180511475
  Y: 10.739899635314941
  Z: 18.779499053955078
aabbMin:
  X: -5.171879768371582
  Y: -9.234379768371582
  Z: -2.3242199420928955
boundingForTraverse: 19.974279403686523
bugMask: 3
cursorOffsetY: 0.5
instSizeCafe: 91808
instSizeNx: -1
sortKey: -16
