aabbMax:
  X: 40.90769958496094
  Y: 127.02300262451172
  Z: 83.16400146484375
aabbMin:
  X: -40.90769958496094
  Y: -18.329500198364258
  Z: -80.95780181884766
boundingForTraverse: 145.35250854492188
bugMask: 3
instSizeCafe: -1
instSizeNx: 1228952
sortKey: -12
traverseDist: 800.0
