aabbMax:
  X: 62.0713005065918
  Y: 65.3550033569336
  Z: 64.3727035522461
aabbMin:
  X: -62.024600982666016
  Y: -4.001589775085449
  Z: -113.35700225830078
boundingForTraverse: 69.3565902709961
bugMask: 3
instSizeCafe: 468416
instSizeNx: -1
sortKey: -15
traverseDist: 1500.0
