aabbMax:
  X: 2.0101799964904785
  Y: 2.0230000019073486
  Z: 2.0186100006103516
aabbMin:
  X: -2.014359951019287
  Y: -2.0088698863983154
  Z: -2.028359889984131
baseScaleX: 1.75
baseScaleY: 1.75
baseScaleZ: 1.75
boundingForTraverse: 4.031869888305664
bugMask: 3
cursorOffsetY: 0.5
instSizeCafe: 43856
instSizeNx: -1
sortKey: 0
traverseDist: 300.0
