aabbMax:
  X: 11.6875
  Y: 18.901199340820312
  Z: 11.6875
aabbMin:
  X: -11.6875
  Y: -0.27075299620628357
  Z: -11.6875
boundingForTraverse: 19.171953201293945
bugMask: 3
instSizeCafe: -1
instSizeNx: 245576
rigidBodyCenterY: 3.9257500171661377
sortKey: -1
traverseDist: 300.0
