aabbMax:
  X: 40.90620040893555
  Y: 127.4010009765625
  Z: 83.16210174560547
aabbMin:
  X: -40.89149856567383
  Y: -18.29509925842285
  Z: -80.86519622802734
boundingForTraverse: 145.69610595703125
bugMask: 1
instSizeCafe: 58724
instSizeNx: -1
sortKey: -10
traverseDist: 3000.0
