aabbMax:
  X: 31.171899795532227
  Y: 171.1750030517578
  Z: 78.28130340576172
aabbMin:
  X: -31.171899795532227
  Y: -8.161910057067871
  Z: -75.5
boundingForTraverse: 179.3369140625
bugMask: 1
instSizeCafe: 123944
instSizeNx: -1
rigidBodyCenterY: 70.0
sortKey: -7
traverseDist: 3000.0
