aabbMax:
  X: 141.20199584960938
  Y: 44.96879959106445
  Z: 114.23200225830078
aabbMin:
  X: -141.23300170898438
  Y: -46.38570022583008
  Z: -104.625
boundingForTraverse: 91.35449981689453
bugMask: 1
instSizeCafe: 50148
instSizeNx: 131224
sortKey: -14
traverseDist: 10000.0
