aabbMax:
  X: 3.5664100646972656
  Y: 2.263669967651367
  Z: 3.5664100646972656
aabbMin:
  X: -3.5664100646972656
  Y: -0.34960898756980896
  Z: -3.5664100646972656
boundingForTraverse: 2.613279104232788
bugMask: 3
cursorOffsetY: 1.5
homeArea:
- name: DeathMountain
- name: ''
- name: ''
instSizeCafe: 162180
instSizeNx: -1
lookAtOffsetY: 1.5
rigidBodyCenterY: 0.7966859936714172
sortKey: 895
traverseDist: 300.0
