aabbMax:
  X: 32.25
  Y: 171.1750030517578
  Z: 78.1093978881836
aabbMin:
  X: -31.031299591064453
  Y: -8.255660057067871
  Z: -75.5
boundingForTraverse: 179.4306640625
bugMask: 3
instSizeCafe: 583936
instSizeNx: 1238080
rigidBodyCenterY: 70.0
sortKey: -8
traverseDist: 1500.0
