aabbMax:
  X: 141.15199279785156
  Y: 44.34379959106445
  Z: 114.41999816894531
aabbMin:
  X: -141.0260009765625
  Y: -46.56420135498047
  Z: -104.84400177001953
boundingForTraverse: 90.90800476074219
bugMask: 3
instSizeCafe: 413156
instSizeNx: -1
sortKey: -17
traverseDist: 800.0
