aabbMax:
  X: 11.6875
  Y: 18.901199340820312
  Z: 11.6875
aabbMin:
  X: -11.6875
  Y: -0.2707520127296448
  Z: -11.6875
boundingForTraverse: 19.171951293945312
bugMask: 3
instSizeCafe: 149960
instSizeNx: -1
rigidBodyCenterY: 3.9257500171661377
sortKey: -1
traverseDist: 300.0
