aabbMax:
  X: 172.25900268554688
  Y: 48.850101470947266
  Z: 129.90899658203125
aabbMin:
  X: -172.25900268554688
  Y: -54.850101470947266
  Z: -115.18599700927734
boundingForTraverse: 103.70020294189453
bugMask: 3
cursorOffsetY: 0.5
instSizeCafe: -1
instSizeNx: 137304
sortKey: -3
traverseDist: 1000.0
