aabbMax:
  X: 84.52239990234375
  Y: 57.136199951171875
  Z: 71.41560363769531
aabbMin:
  X: -84.52239990234375
  Y: -5.941880226135254
  Z: -115.41200256347656
boundingForTraverse: 63.07807922363281
bugMask: 1
instSizeCafe: 76260
instSizeNx: 159896
sortKey: -8
traverseDist: 10000.0
