aabbMax:
  X: 2.8154098987579346
  Y: 2.9466700553894043
  Z: 3.0682499408721924
aabbMin:
  X: -2.8312299251556396
  Y: -2.9452099800109863
  Z: -3.1003201007843018
baseScaleX: 2.0
baseScaleY: 2.0
baseScaleZ: 2.0
boundingForTraverse: 5.891880035400391
bugMask: 3
cursorOffsetY: 0.5
instSizeCafe: 43916
instSizeNx: -1
sortKey: 0
traverseDist: 300.0
