aabbMax:
  X: 62.0880012512207
  Y: 65.3550033569336
  Z: 64.3812026977539
aabbMin:
  X: -62.04130172729492
  Y: -4.02439022064209
  Z: -113.37200164794922
boundingForTraverse: 69.37939453125
bugMask: 3
instSizeCafe: -1
instSizeNx: 1023256
sortKey: -15
traverseDist: 1500.0
