aabbMax:
  X: 141.1529998779297
  Y: 44.34379959106445
  Z: 114.41999816894531
aabbMin:
  X: -141.02699279785156
  Y: -46.56869888305664
  Z: -104.84400177001953
boundingForTraverse: 90.9124984741211
bugMask: 3
instSizeCafe: -1
instSizeNx: 995480
sortKey: -17
traverseDist: 800.0
