aabbMax:
  X: 141.2010040283203
  Y: 44.96879959106445
  Z: 114.23200225830078
aabbMin:
  X: -141.23199462890625
  Y: -46.38130187988281
  Z: -104.625
boundingForTraverse: 91.35009765625
bugMask: 1
instSizeCafe: 50408
instSizeNx: -1
sortKey: -14
traverseDist: 10000.0
