aabbMax:
  X: 0.21183499693870544
  Y: 0.49317699670791626
  Z: 0.21183499693870544
aabbMin:
  X: -0.21183499693870544
  Y: 0.00016900000628083944
  Z: -0.21183499693870544
boundingForTraverse: 0.49300798773765564
bugMask: 3
instSizeCafe: 55820
instSizeNx: -1
rigidBodyCenterY: 0.20000000298023224
sortKey: 2
