aabbMax:
  X: 0.24632099270820618
  Y: 0.616083025932312
  Z: 0.24632099270820618
aabbMin:
  X: -0.2443840056657791
  Y: 0.0
  Z: -0.24632099270820618
addColorA: 1.0
addColorB: 0.0
addColorG: 0.0
addColorR: 0.0
boundingForTraverse: 0.616083025932312
bugMask: 3
instSizeCafe: 55804
instSizeNx: -1
rigidBodyCenterY: 0.25
sortKey: 2
