aabbMax:
  X: 3.135119915008545
  Y: 1.4857399463653564
  Z: 2.051419973373413
aabbMin:
  X: -2.811160087585449
  Y: -0.48590999841690063
  Z: -2.2468199729919434
boundingForTraverse: 1.9716500043869019
bugMask: 0
instSizeCafe: 17644
instSizeNx: -1
sortKey: 0
terrainTextures:
- !u 0xffffff04
