aabbMax:
  X: 5.654200077056885
  Y: 5.842470169067383
  Z: 5.749770164489746
aabbMin:
  X: -6.153140068054199
  Y: -0.40592101216316223
  Z: -6.169159889221191
boundingForTraverse: 6.248391151428223
bugMask: 0
instSizeCafe: -1
instSizeNx: 120768
sortKey: 0
terrainTextures:
- !u 0xff4c1f00
traverseDist: 300.0
