aabbMax:
  X: 1.6836400032043457
  Y: 2.5552000999450684
  Z: 1.8338299989700317
aabbMin:
  X: -1.7155499458312988
  Y: -0.33511000871658325
  Z: -1.9964799880981445
boundingForTraverse: 2.890310049057007
bugMask: 0
instSizeCafe: 17136
instSizeNx: -1
sortKey: 0
terrainTextures:
- !u 0xffffff04
