aabbMax:
  X: 0.5092769861221313
  Y: 0.5618759989738464
  Z: 0.69964599609375
aabbMin:
  X: -0.5648319721221924
  Y: -0.12250000238418579
  Z: -0.7802630066871643
boundingForTraverse: 0.6843760013580322
bugMask: 0
instSizeCafe: 27608
instSizeNx: -1
sortKey: 0
terrainTextures:
- !u 0xff4c1f00
