aabbMax:
  X: 2.178570032119751
  Y: 3.904860019683838
  Z: 2.3715898990631104
aabbMin:
  X: -2.168800115585327
  Y: -0.4250749945640564
  Z: -2.1125099658966064
boundingForTraverse: 4.329935073852539
bugMask: 0
instSizeCafe: 29424
instSizeNx: -1
sortKey: 0
terrainTextures:
- !u 0xff4c1f00
traverseDist: 300.0
