aabbMax:
  X: 2.6067099571228027
  Y: 2.1754701137542725
  Z: 2.471529960632324
aabbMin:
  X: -2.7449300289154053
  Y: -0.1530890017747879
  Z: -2.7804501056671143
boundingForTraverse: 2.328558921813965
bugMask: 0
instSizeCafe: 27604
instSizeNx: -1
sortKey: 0
terrainTextures:
- !u 0xff4c1f00
