aabbMax:
  X: 4.280350208282471
  Y: 4.203139781951904
  Z: 4.249670028686523
aabbMin:
  X: -4.432829856872559
  Y: -0.4293299913406372
  Z: -3.4483399391174316
boundingForTraverse: 4.63247013092041
bugMask: 0
instSizeCafe: -1
instSizeNx: 75656
sortKey: 0
terrainTextures:
- !u 0xffffff04
traverseDist: 300.0
