aabbMax:
  X: 4.3184099197387695
  Y: 4.662769794464111
  Z: 4.902279853820801
aabbMin:
  X: -4.617149829864502
  Y: -0.8556600213050842
  Z: -3.9319100379943848
boundingForTraverse: 5.518430233001709
bugMask: 0
instSizeCafe: 38168
instSizeNx: -1
sortKey: 0
terrainTextures:
- !u 0xff4c1f00
traverseDist: 300.0
