aabbMax:
  X: 0.787244975566864
  Y: 0.6195480227470398
  Z: 0.7668709754943848
aabbMin:
  X: -0.5898540019989014
  Y: -0.12429600208997726
  Z: -0.8129389882087708
boundingForTraverse: 0.7438439726829529
bugMask: 0
instSizeCafe: 17140
instSizeNx: 75656
sortKey: 0
terrainTextures:
- !u 0xffffff04
