aabbMax:
  X: 0.11891599744558334
  Y: 0.10867500305175781
  Z: 0.15479500591754913
aabbMin:
  X: -0.12594300508499146
  Y: -0.08778099715709686
  Z: -0.13224099576473236
boundingForTraverse: 0.19645600020885468
bugMask: 3
instSizeCafe: 36196
instSizeNx: -1
sortKey: 0
