aabbMax:
  X: 0.21611100435256958
  Y: 0.21553899347782135
  Z: 0.27216601371765137
aabbMin:
  X: -0.24595800042152405
  Y: -0.22130000591278076
  Z: -0.2491299957036972
boundingForTraverse: 0.4368390142917633
bugMask: 3
cursorOffsetY: 0.5
instSizeCafe: 33944
instSizeNx: -1
sortKey: 0
