aabbMax:
  X: 0.923524022102356
  Y: 0.38266199827194214
  Z: 0.9558179974555969
aabbMin:
  X: -0.8739529848098755
  Y: -0.01934400014579296
  Z: -0.9727510213851929
boundingForTraverse: 0.40200600028038025
bugMask: 0
instSizeCafe: 17140
instSizeNx: 75656
sortKey: 0
terrainTextures:
- !u 0xffffff04
