aabbMax:
  X: 4.240359783172607
  Y: 3.4910600185394287
  Z: 4.615890026092529
aabbMin:
  X: -4.816259860992432
  Y: -0.6746990084648132
  Z: -4.288070201873779
boundingForTraverse: 4.165759086608887
bugMask: 0
instSizeCafe: -1
instSizeNx: 96160
sortKey: 0
terrainTextures:
- !u 0xff4c1f00
traverseDist: 300.0
