aabbMax:
  X: 1.2223600149154663
  Y: 1.8616900444030762
  Z: 1.4711500406265259
aabbMin:
  X: -1.1829899549484253
  Y: -0.3259280025959015
  Z: -1.5880399942398071
boundingForTraverse: 2.1876180171966553
bugMask: 0
instSizeCafe: 28760
instSizeNx: 96160
sortKey: 0
terrainTextures:
- !u 0xff4c1f00
