aabbMax:
  X: 3.406059980392456
  Y: 3.2376999855041504
  Z: 4.441800117492676
aabbMin:
  X: -4.57889986038208
  Y: -1.4204699993133545
  Z: -4.404660224914551
boundingForTraverse: 4.658170223236084
bugMask: 0
instSizeCafe: 17396
instSizeNx: -1
sortKey: 0
terrainTextures:
- !u 0xffffff04
traverseDist: 300.0
