aabbMax:
  X: 1.3182599544525146
  Y: 0.8403679728507996
  Z: 2.0124099254608154
aabbMin:
  X: -1.4816299676895142
  Y: -0.09698300063610077
  Z: -2.026639938354492
boundingForTraverse: 0.9373509883880615
bugMask: 0
instSizeCafe: 28016
instSizeNx: -1
sortKey: 0
terrainTextures:
- !u 0xff4c1f00
