aabbMax:
  X: 0.031982000917196274
  Y: 0.0
  Z: 0.027710000053048134
aabbMin:
  X: -0.03198299929499626
  Y: -1.75
  Z: -0.027710000053048134
boundingForTraverse: 1.75
bugMask: 3
instSizeCafe: -1
instSizeNx: 102160
sortKey: -10
