aabbMax:
  X: 0.24987800419330597
  Y: 0.12493900209665298
  Z: 0.24987800419330597
aabbMin:
  X: -0.24987800419330597
  Y: -10.124799728393555
  Z: -0.24987800419330597
boundingForTraverse: 10.249738693237305
bugMask: 3
instSizeCafe: 47860
instSizeNx: -1
sortKey: -12
