aabbMax:
  X: 79.36720275878906
  Y: 70.10780334472656
  Z: 44.978599548339844
aabbMin:
  X: -84.9303970336914
  Y: -92.2572021484375
  Z: -30.572099685668945
boundingForTraverse: 162.36500549316406
bugMask: 0
cursorOffsetY: 0.5
instSizeCafe: 42292
instSizeNx: -1
sortKey: 0
terrainTextures:
- !u 0xffff4608
traverseDist: 2000.0
