aabbMax:
  X: 79.36720275878906
  Y: 69.67019653320312
  Z: 43.93280029296875
aabbMin:
  X: -84.94670104980469
  Y: -92.25569915771484
  Z: -30.506200790405273
boundingForTraverse: 161.9259033203125
bugMask: 0
cursorOffsetY: 0.5
instSizeCafe: 51964
instSizeNx: -1
sortKey: -14
terrainTextures:
- !u 0xffff4608
traverseDist: 680.3890991210938
