aabbMax:
  X: 1.833940029144287
  Y: 3.799799919128418
  Z: 0.5395259857177734
aabbMin:
  X: -1.8149700164794922
  Y: 0.0368649996817112
  Z: -0.3723140060901642
boundingForTraverse: 3.762934923171997
bugMask: 3
instSizeCafe: 64148
instSizeNx: -1
rigidBodyCenterY: 2.0
sortKey: 4
traverseDist: 1000.0
