aabbMax:
  X: 1.1140899658203125
  Y: 0.02958800084888935
  Z: 13.144700050354004
aabbMin:
  X: -1.1140899658203125
  Y: -0.02958800084888935
  Z: -5.205900192260742
boundingForTraverse: 0.0591760016977787
bugMask: 3
cursorOffsetY: 0.20000000298023224
instSizeCafe: 43640
instSizeNx: -1
sortKey: -4
traverseDist: 150.0
