aabbMax:
  X: 0.2771869897842407
  Y: 1.4158799648284912
  Z: 0.27966299653053284
aabbMin:
  X: -0.2533800005912781
  Y: -2.034029960632324
  Z: -0.27875301241874695
boundingForTraverse: 3.4499099254608154
bugMask: 3
cursorOffsetY: 0.30000001192092896
instSizeCafe: 30924
instSizeNx: -1
sortKey: 0
traverseDist: 300.0
