aabbMax:
  X: 1.148669958114624
  Y: 1.156000018119812
  Z: 1.1534899473190308
aabbMin:
  X: -1.1510599851608276
  Y: -1.1479300260543823
  Z: -1.159060001373291
boundingForTraverse: 2.3039300441741943
bugMask: 3
instSizeCafe: 40520
instSizeNx: 108048
sortKey: 0
traverseDist: 150.0
