aabbMax:
  X: 113.29100036621094
  Y: 157.92100524902344
  Z: 51.71310043334961
aabbMin:
  X: -58.97159957885742
  Y: -39.349700927734375
  Z: -38.62900161743164
boundingForTraverse: 197.2707061767578
bugMask: 0
instSizeCafe: 27504
instSizeNx: -1
rigidBodyCenterY: 43.30400085449219
sortKey: -1
traverseDist: 100000.0
