aabbMax:
  X: 38.97949981689453
  Y: 87.65779876708984
  Z: 69.71089935302734
aabbMin:
  X: -79.92109680175781
  Y: -53.02370071411133
  Z: -62.42250061035156
boundingForTraverse: 140.68150329589844
bugMask: 1
instSizeCafe: -1
instSizeNx: 90000
rigidBodyCenterY: 34.87540054321289
sortKey: 4
traverseDist: 100000.0
