aabbMax:
  X: 131.07400512695312
  Y: 73.97509765625
  Z: 99.89409637451172
aabbMin:
  X: -131.27699279785156
  Y: -82.38919830322266
  Z: -68.90460205078125
boundingForTraverse: 156.36428833007812
bugMask: 1
instSizeCafe: -1
instSizeNx: 913880
rigidBodyCenterY: 35.09450149536133
sortKey: -7
traverseDist: 1000.0
