aabbMax:
  X: 132.0850067138672
  Y: 75.17350006103516
  Z: 99.99729919433594
aabbMin:
  X: -132.5
  Y: -83.17649841308594
  Z: -69.21929931640625
boundingForTraverse: 158.35000610351562
bugMask: 1
instSizeCafe: 30020
instSizeNx: -1
rigidBodyCenterY: 35.09450149536133
sortKey: -4
traverseDist: 100000.0
