aabbMax:
  X: 38.91130065917969
  Y: 128.20799255371094
  Z: 106.65299987792969
aabbMin:
  X: -27.112699508666992
  Y: -7.027259826660156
  Z: -76.94049835205078
boundingForTraverse: 135.23526000976562
bugMask: 0
instSizeCafe: 26360
instSizeNx: -1
rigidBodyCenterY: 50.10609817504883
sortKey: 2
traverseDist: 100000.0
