aabbMax:
  X: 40.158599853515625
  Y: 128.10699462890625
  Z: 106.65299987792969
aabbMin:
  X: -27.055500030517578
  Y: -7.281509876251221
  Z: -76.69210052490234
boundingForTraverse: 135.3885040283203
bugMask: 0
instSizeCafe: 780476
instSizeNx: -1
rigidBodyCenterY: 50.10609817504883
sortKey: 0
traverseDist: 1000.0
