aabbMax:
  X: 38.76459884643555
  Y: 87.03919982910156
  Z: 69.19629669189453
aabbMin:
  X: -79.84839630126953
  Y: -53.007301330566406
  Z: -62.26430130004883
boundingForTraverse: 140.0465087890625
bugMask: 1
instSizeCafe: 331880
instSizeNx: 812064
rigidBodyCenterY: 34.87540054321289
sortKey: 0
traverseDist: 1000.0
