aabbMax:
  X: 113.16500091552734
  Y: 157.27099609375
  Z: 51.22850036621094
aabbMin:
  X: -57.5802001953125
  Y: -39.35559844970703
  Z: -37.7599983215332
boundingForTraverse: 196.6265869140625
bugMask: 0
instSizeCafe: 452700
instSizeNx: -1
rigidBodyCenterY: 43.30400085449219
sortKey: -6
traverseDist: 1000.0
