aabbMax:
  X: 1.600000023841858
  Y: 3.978440046310425
  Z: 0.20000000298023224
aabbMin:
  X: -1.600000023841858
  Y: 0.0
  Z: -0.20000000298023224
boundingForTraverse: 3.978440046310425
bugMask: 3
instSizeCafe: 27380
instSizeNx: -1
rigidBodyCenterY: 2.048719882965088
sortKey: 4
