aabbMax:
  X: 1.2196500301361084
  Y: 0.08759500086307526
  Z: 1.2345199584960938
aabbMin:
  X: -1.282189965248108
  Y: -0.08244600147008896
  Z: -1.305999994277954
boundingForTraverse: 0.17004099488258362
bugMask: 0
instSizeCafe: 17396
instSizeNx: -1
sortKey: 0
terrainTextures:
- !u 0xffffff04
