aabbMax:
  X: 0.7192379832267761
  Y: 1.0504800081253052
  Z: 0.625
aabbMin:
  X: -0.7324219942092896
  Y: -0.4084469974040985
  Z: -0.6196290254592896
boundingForTraverse: 1.458927035331726
bugMask: 3
instSizeCafe: 55000
instSizeNx: 137200
lookAtOffsetY: 0.6000000238418579
sortKey: -24
