aabbMax:
  X: 1.1036299467086792
  Y: 1.8965400457382202
  Z: 1.1036299467086792
aabbMin:
  X: -1.1036299467086792
  Y: 0.0
  Z: -1.1036299467086792
boundingForTraverse: 1.8965400457382202
bugMask: 3
instSizeCafe: 89232
instSizeNx: 215840
rigidBodyCenterY: 0.44999998807907104
sortKey: -43
