aabbMax:
  X: 1.174430012702942
  Y: 1.174430012702942
  Z: -0.6166340112686157
aabbMin:
  X: -1.174430012702942
  Y: -1.174430012702942
  Z: -1.0
boundingForTraverse: 2.348860025405884
bugMask: 0
instSizeCafe: 17652
instSizeNx: 75656
sortKey: -6
