aabbMax:
  X: 1.7999999523162842
  Y: 3.752810001373291
  Z: 0.20000000298023224
aabbMin:
  X: -1.7999999523162842
  Y: 0.0
  Z: -0.20000000298023224
boundingForTraverse: 3.752810001373291
bugMask: 3
instSizeCafe: 30572
instSizeNx: -1
rigidBodyCenterY: 1.8728899955749512
sortKey: 2
