aabbMax:
  X: 0.5415040254592896
  Y: 1.6791900396347046
  Z: 0.5816199779510498
aabbMin:
  X: -0.5429689884185791
  Y: 7.79999973019585e-05
  Z: -0.581466019153595
boundingForTraverse: 1.6791119575500488
bugMask: 3
instSizeCafe: 86612
instSizeNx: -1
rigidBodyCenterY: 0.8999999761581421
sortKey: 0
