aabbMax:
  X: 5.957220077514648
  Y: 5.957220077514648
  Z: 1.25
aabbMin:
  X: -5.957220077514648
  Y: -5.957220077514648
  Z: -1.25
boundingForTraverse: 11.914440155029297
bugMask: 3
instSizeCafe: 47244
instSizeNx: 122904
sortKey: -5
