aabbMax:
  X: 1.5658999681472778
  Y: 1.5658999681472778
  Z: -1.4888499975204468
aabbMin:
  X: -1.5658999681472778
  Y: -1.5658999681472778
  Z: -2.0
boundingForTraverse: 3.1317999362945557
bugMask: 0
instSizeCafe: 17652
instSizeNx: 75656
sortKey: -7
