aabbMax:
  X: 1.2929699420928955
  Y: 0.329912006855011
  Z: 1.2929699420928955
aabbMin:
  X: -1.2929699420928955
  Y: -0.33909401297569275
  Z: -1.2929699420928955
boundingForTraverse: 0.6690059900283813
bugMask: 3
instSizeCafe: 35264
instSizeNx: -1
sortKey: 2
