aabbMax:
  X: 5.449999809265137
  Y: 3.978440046310425
  Z: 0.20000000298023224
aabbMin:
  X: -5.449999809265137
  Y: 0.0
  Z: -0.20000000298023224
boundingForTraverse: 3.978440046310425
bugMask: 3
instSizeCafe: 27888
instSizeNx: -1
rigidBodyCenterY: 2.123150110244751
sortKey: 4
