aabbMax:
  X: 5.957220077514648
  Y: 5.957220077514648
  Z: 0.625
aabbMin:
  X: -5.957220077514648
  Y: -5.957220077514648
  Z: -0.625
baseScaleX: 1.0
baseScaleY: 1.0
baseScaleZ: 0.5
boundingForTraverse: 11.914440155029297
bugMask: 3
instSizeCafe: 47244
instSizeNx: 122904
sortKey: 5
