aabbMax:
  X: 0.5427370071411133
  Y: 2.4672999382019043
  Z: 0.5427370071411133
aabbMin:
  X: -0.5427370071411133
  Y: -0.0026950000319629908
  Z: -0.5427370071411133
boundingForTraverse: 2.4699950218200684
bugMask: 3
instSizeCafe: 39344
instSizeNx: -1
rigidBodyCenterY: 1.1468900442123413
sortKey: -2
traverseDist: 99999.0
