aabbMax:
  X: 1.2900400161743164
  Y: 0.329912006855011
  Z: 1.2900400161743164
aabbMin:
  X: -1.2900400161743164
  Y: -0.05000099912285805
  Z: -1.2900400161743164
boundingForTraverse: 0.37991300225257874
bugMask: 3
instSizeCafe: -1
instSizeNx: 97680
sortKey: 2
