aabbMax:
  X: 1.7871700525283813
  Y: 1.7871700525283813
  Z: 1.1719000339508057
aabbMin:
  X: -1.7871700525283813
  Y: -1.7871700525283813
  Z: -0.6166340112686157
boundingForTraverse: 3.5743401050567627
bugMask: 3
instSizeCafe: 56988
instSizeNx: -1
sortKey: 0
