aabbMax:
  X: 1.8160300254821777
  Y: 3.371229887008667
  Z: 0.7220489978790283
aabbMin:
  X: -0.8934810161590576
  Y: -0.0026950000319629908
  Z: -0.7220489978790283
boundingForTraverse: 3.373924970626831
bugMask: 3
instSizeCafe: -1
instSizeNx: 120288
rigidBodyCenterY: 1.7188700437545776
sortKey: -2
