aabbMax:
  X: 0.6201390027999878
  Y: 1.453029990196228
  Z: 0.43768200278282166
aabbMin:
  X: -0.6201390027999878
  Y: -0.002240000059828162
  Z: -0.4905279874801636
boundingForTraverse: 1.4552700519561768
bugMask: 1
instSizeCafe: -1
instSizeNx: 120016
lookAtOffsetY: 0.4000000059604645
rigidBodyCenterY: 0.601610004901886
sortKey: -2
