aabbMax:
  X: 4.671879768371582
  Y: 1.4795700311660767
  Z: 4.671879768371582
aabbMin:
  X: -4.671879768371582
  Y: -0.3497749865055084
  Z: -4.671879768371582
boundingForTraverse: 1.8293449878692627
bugMask: 3
instSizeCafe: 38104
instSizeNx: 101776
sortKey: 2
