aabbMax:
  X: 5.957220077514648
  Y: 5.957220077514648
  Z: 2.188849925994873
aabbMin:
  X: -5.957220077514648
  Y: -5.957220077514648
  Z: -1.4888499975204468
boundingForTraverse: 11.914440155029297
bugMask: 3
instSizeCafe: 59040
instSizeNx: -1
sortKey: -5
