aabbMax:
  X: 2.64424991607666
  Y: 3.7000300884246826
  Z: 3.7000300884246826
aabbMin:
  X: -2.64424991607666
  Y: -3.7000300884246826
  Z: -3.7000300884246826
boundingForTraverse: 7.400060176849365
bugMask: 3
instSizeCafe: 38156
instSizeNx: 102664
sortKey: -2
