aabbMax:
  X: 0.6538090109825134
  Y: 1.1494100093841553
  Z: 0.5678709745407104
aabbMin:
  X: -0.6538090109825134
  Y: -0.007708999793976545
  Z: -0.5097659826278687
boundingForTraverse: 1.1571199893951416
bugMask: 3
instSizeCafe: 43592
instSizeNx: -1
lookAtOffsetY: 0.20000000298023224
rigidBodyCenterY: 0.10000000149011612
sortKey: 70020
