aabbMax:
  X: 0.7680659890174866
  Y: 1.2451200485229492
  Z: 0.5502930283546448
aabbMin:
  X: -0.7553709745407104
  Y: -0.022537000477313995
  Z: -0.5371090173721313
boundingForTraverse: 1.2676570415496826
bugMask: 3
instSizeCafe: 45780
instSizeNx: -1
lookAtOffsetY: 0.20000000298023224
rigidBodyCenterY: 0.10000000149011612
sortKey: 70003
