aabbMax:
  X: 0.6601560115814209
  Y: 1.0849599838256836
  Z: 0.5328829884529114
aabbMin:
  X: -0.6601560115814209
  Y: -0.024658000096678734
  Z: -0.5424799919128418
boundingForTraverse: 1.1096179485321045
bugMask: 3
instSizeCafe: -1
instSizeNx: 115960
lookAtOffsetY: 0.20000000298023224
rigidBodyCenterY: 0.05000000074505806
sortKey: 70012
traverseDist: 1000.0
