aabbMax:
  X: 0.7548829913139343
  Y: 0.9462890028953552
  Z: 0.5649409890174866
aabbMin:
  X: -0.7797849774360657
  Y: 0.0
  Z: -0.6298829913139343
boundingForTraverse: 0.9462890028953552
bugMask: 3
instSizeCafe: 44668
instSizeNx: -1
lookAtOffsetY: 0.20000000298023224
rigidBodyCenterY: 0.15000000596046448
sortKey: 70002
