aabbMax:
  X: 0.6601560115814209
  Y: 1.0683599710464478
  Z: 0.5283200144767761
aabbMin:
  X: -0.6601560115814209
  Y: -0.00380500010214746
  Z: -0.5424799919128418
boundingForTraverse: 1.0721650123596191
bugMask: 3
instSizeCafe: 45036
instSizeNx: 115192
lookAtOffsetY: 0.20000000298023224
rigidBodyCenterY: 0.43814098834991455
sortKey: 70013
traverseDist: 1000.0
