aabbMax:
  X: 0.7133790254592896
  Y: 1.1298799514770508
  Z: 0.5288090109825134
aabbMin:
  X: -0.7041019797325134
  Y: 0.0
  Z: -0.5107420086860657
boundingForTraverse: 1.1298799514770508
bugMask: 3
instSizeCafe: -1
instSizeNx: 111624
lookAtOffsetY: 0.20000000298023224
rigidBodyCenterY: 0.550000011920929
sortKey: 70004
