aabbMax:
  X: 0.6962890028953552
  Y: 1.1054699420928955
  Z: 0.5288090109825134
aabbMin:
  X: -0.6962890028953552
  Y: -0.00037200000951997936
  Z: -0.5107420086860657
boundingForTraverse: 1.1058419942855835
bugMask: 3
instSizeCafe: 45148
instSizeNx: -1
lookAtOffsetY: 0.20000000298023224
rigidBodyCenterY: 0.44253700971603394
sortKey: 70000
