aabbMax:
  X: 0.6625980138778687
  Y: 1.0839799642562866
  Z: 0.5297849774360657
aabbMin:
  X: -0.6625980138778687
  Y: -0.012160999700427055
  Z: -0.5483400225639343
boundingForTraverse: 1.09614098072052
bugMask: 3
instSizeCafe: 45684
instSizeNx: -1
lookAtOffsetY: 0.20000000298023224
rigidBodyCenterY: 0.10000000149011612
sortKey: 70011
traverseDist: 1000.0
