aabbMax:
  X: 0.7879800200462341
  Y: 3.191200017929077
  Z: 0.7465230226516724
aabbMin:
  X: -0.787979006767273
  Y: -0.6303840279579163
  Z: -0.7388169765472412
boundingForTraverse: 3.8215839862823486
bugMask: 0
instSizeCafe: 27608
instSizeNx: 96160
sortKey: -2
