aabbMax:
  X: 92.67549896240234
  Y: 70.88919830322266
  Z: 86.78269958496094
aabbMin:
  X: -92.67549896240234
  Y: -69.11759948730469
  Z: -85.95210266113281
boundingForTraverse: 140.00680541992188
bugMask: 0
cursorOffsetY: 0.5
instSizeCafe: 98864
instSizeNx: 239688
sortKey: -18
terrainTextures:
- 1344082188
traverseDist: 753.3619995117188
