aabbMax:
  X: 2.368809938430786
  Y: 2.3042099475860596
  Z: 0.39024800062179565
aabbMin:
  X: -2.383430004119873
  Y: -0.02511500008404255
  Z: -0.4139699935913086
boundingForTraverse: 2.329324960708618
bugMask: 0
instSizeCafe: 28884
instSizeNx: -1
sortKey: 6
terrainTextures:
- !u 0xffffff2a
