aabbMax:
  X: 5.350460052490234
  Y: 3.9402101039886475
  Z: 8.129719734191895
aabbMin:
  X: -7.740210056304932
  Y: -1.6433299779891968
  Z: -7.735889911651611
boundingForTraverse: 5.583539962768555
bugMask: 0
cursorOffsetY: 0.5
instSizeCafe: 64380
instSizeNx: -1
sortKey: -21
