aabbMax:
  X: 21.601299285888672
  Y: 16.755599975585938
  Z: 19.881200790405273
aabbMin:
  X: -21.602500915527344
  Y: -0.00041000000783242285
  Z: -14.527299880981445
boundingForTraverse: 16.756010055541992
bugMask: 0
cursorOffsetY: 0.5
instSizeCafe: 122040
instSizeNx: -1
sortKey: 0
traverseDist: 1000.0
