aabbMax:
  X: 8.018349647521973
  Y: 0.653823971748352
  Z: 4.8650898933410645
aabbMin:
  X: -7.2044501304626465
  Y: -16.156600952148438
  Z: -1.683709979057312
boundingForTraverse: 16.8104248046875
bugMask: 0
cursorOffsetY: 0.5
instSizeCafe: 17140
instSizeNx: -1
sortKey: 0
