aabbMax:
  X: 2.802079916000366
  Y: 3.222259998321533
  Z: 2.285520076751709
aabbMin:
  X: -4.7676801681518555
  Y: -0.07543099671602249
  Z: -3.727839946746826
boundingForTraverse: 3.2976911067962646
bugMask: 0
cursorOffsetY: 0.5
instSizeCafe: -1
instSizeNx: 145368
sortKey: 16
traverseDist: 300.0
