aabbMax:
  X: 2.555419921875
  Y: 0.7137889862060547
  Z: 2.4335200786590576
aabbMin:
  X: -2.449120044708252
  Y: -0.798039972782135
  Z: -2.447580099105835
boundingForTraverse: 1.5118290185928345
bugMask: 0
cursorOffsetY: 0.5
instSizeCafe: -1
instSizeNx: 120768
sortKey: 0
