aabbMax:
  X: 10.871899604797363
  Y: 15.815699577331543
  Z: 7.7358598709106445
aabbMin:
  X: -12.225799560546875
  Y: -1.6693799495697021
  Z: -15.578700065612793
boundingForTraverse: 17.485078811645508
bugMask: 0
instSizeCafe: 174568
instSizeNx: 452560
sortKey: -10
traverseDist: 300.0
