aabbMax:
  X: 1.3650000095367432
  Y: 0.7149999737739563
  Z: 0.9100000262260437
aabbMin:
  X: -1.3650000095367432
  Y: 0.0
  Z: -0.9100000262260437
boundingForTraverse: 0.7149999737739563
bugMask: 0
cursorOffsetY: 0.5
instSizeCafe: 17392
instSizeNx: -1
sortKey: -4
