aabbMax:
  X: 13.10099983215332
  Y: 24.407100677490234
  Z: 16.289499282836914
aabbMin:
  X: -13.173500061035156
  Y: -8.25613021850586
  Z: -20.61590003967285
boundingForTraverse: 32.663230895996094
bugMask: 1
cursorOffsetY: 0.5
instSizeCafe: 131160
instSizeNx: -1
sortKey: 3
traverseDist: 500.0
