aabbMax:
  X: 1.2524000406265259
  Y: 6.396349906921387
  Z: 0.45892900228500366
aabbMin:
  X: -1.248420000076294
  Y: -0.28673800826072693
  Z: -0.6588619947433472
boundingForTraverse: 6.6830878257751465
bugMask: 0
cursorOffsetY: 0.5
instSizeCafe: -1
instSizeNx: 165880
sortKey: 0
traverseDist: 1000.0
