aabbMax:
  X: 1.073349952697754
  Y: 1.6365200281143188
  Z: 1.073349952697754
aabbMin:
  X: -1.073349952697754
  Y: 0.0
  Z: -1.073349952697754
boundingForTraverse: 1.6365200281143188
bugMask: 0
cursorOffsetY: 0.5
instSizeCafe: 49472
instSizeNx: -1
sortKey: -2
