aabbMax:
  X: 5.984869956970215
  Y: 3.525330066680908
  Z: 1.6560300588607788
aabbMin:
  X: -3.590830087661743
  Y: 0.5676209926605225
  Z: -2.6620900630950928
boundingForTraverse: 2.9577090740203857
bugMask: 0
cursorOffsetY: 0.5
instSizeCafe: 49720
instSizeNx: -1
sortKey: 16
traverseDist: 300.0
