aabbMax:
  X: 14.889699935913086
  Y: 4.835000038146973
  Z: 48.235801696777344
aabbMin:
  X: -28.314899444580078
  Y: -5.469950199127197
  Z: -44.31529998779297
boundingForTraverse: 10.304950714111328
bugMask: 0
cursorOffsetY: 0.5
instSizeCafe: 17388
instSizeNx: -1
sortKey: 0
traverseDist: 4000.0
