aabbMax:
  X: 5.258969783782959
  Y: 6.291069984436035
  Z: 5.194310188293457
aabbMin:
  X: -5.258969783782959
  Y: 0.0
  Z: -5.194310188293457
boundingForTraverse: 6.291069984436035
bugMask: 0
cursorOffsetY: 0.5
instSizeCafe: 80968
instSizeNx: -1
sortKey: -2
terrainTextures:
- !u 0xffffff18
traverseDist: 514.783447265625
