aabbMax:
  X: 0.21618600189685822
  Y: 0.09824799746274948
  Z: 0.2351370006799698
aabbMin:
  X: -0.2505289912223816
  Y: -0.9178270101547241
  Z: -0.23245100677013397
boundingForTraverse: 1.0160750150680542
bugMask: 0
cursorOffsetY: 0.5
instSizeCafe: 30248
instSizeNx: 101048
rigidBodyCenterY: -0.5021809935569763
sortKey: 0
traverseDist: 500.0
