aabbMax:
  X: 0.39094701409339905
  Y: 0.9982410073280334
  Z: 0.39094799757003784
aabbMin:
  X: -0.39094701409339905
  Y: -0.005826999898999929
  Z: -0.39094799757003784
boundingForTraverse: 1.0040680170059204
bugMask: 3
cursorOffsetY: 0.5
instSizeCafe: -1
instSizeNx: 113784
rigidBodyCenterY: 0.5062599778175354
sortKey: -12
