aabbMax:
  X: 0.3012070059776306
  Y: 1.14274001121521
  Z: 0.3823939859867096
aabbMin:
  X: -0.3012070059776306
  Y: 0.0
  Z: -0.3823939859867096
boundingForTraverse: 1.14274001121521
bugMask: 0
cursorOffsetY: 0.5
instSizeCafe: 17136
instSizeNx: -1
sortKey: -4
