aabbMax:
  X: 0.981086015701294
  Y: 1.0995399951934814
  Z: 0.08458799868822098
aabbMin:
  X: -0.9831169843673706
  Y: 0.0
  Z: -1.4066599607467651
boundingForTraverse: 1.0995399951934814
bugMask: 0
cursorOffsetY: 0.5
instSizeCafe: -1
instSizeNx: 105168
rigidBodyCenterY: 0.09706699848175049
sortKey: -9
traverseDist: 150.0
