aabbMax:
  X: 28.626399993896484
  Y: 16.86680030822754
  Z: 9.356280326843262
aabbMin:
  X: -43.58760070800781
  Y: -2.5177199840545654
  Z: -21.058900833129883
boundingForTraverse: 19.384519577026367
bugMask: 0
cursorOffsetY: 0.5
instSizeCafe: 17236
instSizeNx: -1
sortKey: 0
traverseDist: 1000.0
