aabbMax:
  X: 12.940099716186523
  Y: 24.00320053100586
  Z: 13.322400093078613
aabbMin:
  X: -11.638299942016602
  Y: -0.9059249758720398
  Z: -10.758899688720703
boundingForTraverse: 24.90912628173828
bugMask: 0
instSizeCafe: 249548
instSizeNx: -1
sortKey: 0
terrainTextures:
- 1277102848
traverseDist: 2000.0
