aabbMax:
  X: 70.32730102539062
  Y: 38.91469955444336
  Z: 41.30929946899414
aabbMin:
  X: -71.3488998413086
  Y: -44.832298278808594
  Z: -35.532798767089844
boundingForTraverse: 83.74699401855469
bugMask: 0
instSizeCafe: -1
instSizeNx: 75656
sortKey: 0
traverseDist: 4000.0
