aabbMax:
  X: 22.731199264526367
  Y: 3.9154999256134033
  Z: 6.0584797859191895
aabbMin:
  X: -23.021099090576172
  Y: -20.41939926147461
  Z: -6.056469917297363
boundingForTraverse: 24.33489990234375
bugMask: 0
instSizeCafe: 17780
instSizeNx: 75656
sortKey: 0
traverseDist: 1000.0
