aabbMax:
  X: 0.2311359941959381
  Y: 0.8371260166168213
  Z: 0.17785200476646423
aabbMin:
  X: -0.30686700344085693
  Y: -9.000000318337698e-06
  Z: -0.42066100239753723
boundingForTraverse: 0.8371350169181824
bugMask: 0
cursorOffsetY: 0.5
instSizeCafe: 46808
instSizeNx: -1
sortKey: 24
