aabbMax:
  X: 10.989999771118164
  Y: 1.2999999523162842
  Z: 10.989999771118164
aabbMin:
  X: -10.989999771118164
  Y: 0.3540000021457672
  Z: -10.989999771118164
boundingForTraverse: 0.9459999799728394
bugMask: 1
cursorOffsetY: 0.5
instSizeCafe: 23452
instSizeNx: -1
sortKey: -19
traverseDist: 500.0
