aabbMax:
  X: 1.267989993095398
  Y: 2.374850034713745
  Z: 0.3009360134601593
aabbMin:
  X: -0.4397270083427429
  Y: -0.39230599999427795
  Z: -0.27325600385665894
boundingForTraverse: 2.767155885696411
bugMask: 1
instSizeCafe: -1
instSizeNx: 168720
lookAtOffsetY: 1.2999999523162842
rigidBodyCenterY: 1.1923199892044067
sortKey: 2
traverseDist: 50.0
