aabbMax:
  X: 82.74500274658203
  Y: 11.219599723815918
  Z: 68.80000305175781
aabbMin:
  X: -79.31809997558594
  Y: -1.0193300247192383
  Z: -87.30000305175781
boundingForTraverse: 12.238929748535156
bugMask: 0
cursorOffsetY: 0.5
instSizeCafe: 342988
instSizeNx: -1
sortKey: 0
terrainTextures:
- !u 0xffffff3b
traverseDist: 4000.0
