aabbMax:
  X: 51.51190185546875
  Y: 56.95439910888672
  Z: 21.615999221801758
aabbMin:
  X: -51.51190185546875
  Y: 45.779998779296875
  Z: -53.60240173339844
boundingForTraverse: 11.174400329589844
bugMask: 0
cursorOffsetY: 0.5
instSizeCafe: 96900
instSizeNx: -1
sortKey: 6
terrainTextures:
- !u 0xffffff40
traverseDist: 627.5606079101562
