aabbMax:
  X: 29.975799560546875
  Y: 30.615400314331055
  Z: 18.002199172973633
aabbMin:
  X: -28.15290069580078
  Y: -1.5466099977493286
  Z: -17.021400451660156
boundingForTraverse: 32.162010192871094
bugMask: 0
instSizeCafe: -1
instSizeNx: 497680
sortKey: 0
traverseDist: 2000.0
