aabbMax:
  X: 51.57469940185547
  Y: 57.13999938964844
  Z: 21.848499298095703
aabbMin:
  X: -51.63019943237305
  Y: 45.7672004699707
  Z: -54.02920150756836
boundingForTraverse: 11.372798919677734
bugMask: 0
cursorOffsetY: 0.5
instSizeCafe: -1
instSizeNx: 76184
sortKey: 0
traverseDist: 1000.0
