aabbMax:
  X: 0.29123300313949585
  Y: 0.6093059778213501
  Z: 0.29123398661613464
aabbMin:
  X: -0.29123300313949585
  Y: 0.0
  Z: -0.29123300313949585
boundingForTraverse: 0.6093059778213501
bugMask: 3
cursorOffsetY: 0.5
instSizeCafe: 42856
instSizeNx: -1
rigidBodyCenterY: 0.29149898886680603
sortKey: -11
