aabbMax:
  X: 8.702679634094238
  Y: 12.246199607849121
  Z: 7.82328987121582
aabbMin:
  X: -8.702679634094238
  Y: -0.331928014755249
  Z: -7.533699989318848
boundingForTraverse: 12.57812786102295
bugMask: 0
cursorOffsetY: 0.5
instSizeCafe: 135580
instSizeNx: -1
sortKey: -5
traverseDist: 200.0
