aabbMax:
  X: 12.348400115966797
  Y: 0.16932900249958038
  Z: 9.474029541015625
aabbMin:
  X: -13.906599998474121
  Y: -30.347299575805664
  Z: -8.727919578552246
boundingForTraverse: 30.51662826538086
bugMask: 0
cursorOffsetY: 0.5
instSizeCafe: 17400
instSizeNx: -1
sortKey: 0
traverseDist: 1000.0
