aabbMax:
  X: 0.4525269865989685
  Y: 1.199679970741272
  Z: 0.7771829962730408
aabbMin:
  X: -0.41252601146698
  Y: -0.003978999797254801
  Z: -0.5685170292854309
boundingForTraverse: 1.2036590576171875
bugMask: 0
cursorOffsetY: 0.5
instSizeCafe: 48896
instSizeNx: 141272
sortKey: 4
