aabbMax:
  X: 12.88029956817627
  Y: 10.819700241088867
  Z: 11.840700149536133
aabbMin:
  X: -12.88029956817627
  Y: -1.7539700269699097
  Z: -13.632499694824219
boundingForTraverse: 12.573670387268066
bugMask: 1
cursorOffsetY: 0.5
instSizeCafe: -1
instSizeNx: 205648
rigidBodyCenterY: 5.611400127410889
sortKey: -1
traverseDist: 536.2283325195312
