aabbMax:
  X: 0.8582280278205872
  Y: 0.7710689902305603
  Z: 0.1608940064907074
aabbMin:
  X: -0.634518027305603
  Y: -3.768019914627075
  Z: -0.2075739949941635
boundingForTraverse: 4.539089202880859
bugMask: 0
cursorOffsetY: 0.5
instSizeCafe: 17772
instSizeNx: -1
sortKey: 0
