aabbMax:
  X: 7.91018009185791
  Y: 3.6608400344848633
  Z: 8.636240005493164
aabbMin:
  X: -8.469880104064941
  Y: -0.2138029932975769
  Z: -4.824240207672119
boundingForTraverse: 3.874643087387085
bugMask: 0
cursorOffsetY: 0.5
instSizeCafe: 132064
instSizeNx: -1
sortKey: 12
traverseDist: 300.0
