aabbMax:
  X: 1.2047499418258667
  Y: 1.2992500066757202
  Z: 0.5975469946861267
aabbMin:
  X: -0.5787019729614258
  Y: 0.0
  Z: -0.33365699648857117
boundingForTraverse: 1.2992500066757202
bugMask: 0
cursorOffsetY: 0.5
instSizeCafe: 59108
instSizeNx: 165880
sortKey: 2
