aabbMax:
  X: 0.8467469811439514
  Y: 1.2869399785995483
  Z: 0.125
aabbMin:
  X: -0.8467469811439514
  Y: -0.20000000298023224
  Z: -0.125
boundingForTraverse: 1.4869400262832642
bugMask: 1
cursorOffsetY: 0.699999988079071
instSizeCafe: 52200
instSizeNx: 140000
rigidBodyCenterY: 0.5646430253982544
sortKey: -2
