aabbMax:
  X: 43.16910171508789
  Y: -17.889999389648438
  Z: 48.102500915527344
aabbMin:
  X: -50.361698150634766
  Y: -232.75599670410156
  Z: -43.472198486328125
boundingForTraverse: 214.86599731445312
bugMask: 0
instSizeCafe: -1
instSizeNx: 96160
sortKey: -2
terrainTextures:
- 1279139584
traverseDist: 630.8966674804688
