aabbMax:
  X: 5.515480041503906
  Y: 9.519410133361816
  Z: 2.1321299076080322
aabbMin:
  X: -5.9574198722839355
  Y: -0.8586909770965576
  Z: -7.5125298500061035
boundingForTraverse: 10.378101348876953
bugMask: 0
cursorOffsetY: 0.5
instSizeCafe: -1
instSizeNx: 210992
sortKey: -21
traverseDist: 500.0
