aabbMax:
  X: 1.0461699962615967
  Y: 1.1387200355529785
  Z: 2.094870090484619
aabbMin:
  X: -1.224020004272461
  Y: 0.563293993473053
  Z: -2.2465500831604004
boundingForTraverse: 0.5754259824752808
bugMask: 1
instSizeCafe: 56232
instSizeNx: -1
rigidBodyCenterY: 0.44999998807907104
sortKey: 0
terrainTextures:
- !u 0xffffff2a
