aabbMax:
  X: 12.87969970703125
  Y: 10.866499900817871
  Z: 11.798600196838379
aabbMin:
  X: -12.878800392150879
  Y: -1.518380045890808
  Z: -13.651300430297852
boundingForTraverse: 12.384880065917969
bugMask: 1
instSizeCafe: 86256
instSizeNx: -1
rigidBodyCenterY: 5.611400127410889
sortKey: 0
traverseDist: 1000.0
