aabbMax:
  X: 131.96600341796875
  Y: 15.293100357055664
  Z: 55.2504997253418
aabbMin:
  X: -30.678699493408203
  Y: -12.043600082397461
  Z: -56.93870162963867
boundingForTraverse: 27.336700439453125
bugMask: 0
cursorOffsetY: 0.5
instSizeCafe: 18548
instSizeNx: 75656
sortKey: -2
traverseDist: 697.584716796875
