aabbMax:
  X: 0.3785009980201721
  Y: 12.200200080871582
  Z: 4.729139804840088
aabbMin:
  X: -0.3785009980201721
  Y: 0.0
  Z: -4.729139804840088
boundingForTraverse: 12.200200080871582
bugMask: 3
cursorOffsetY: 0.5
instSizeCafe: 44524
instSizeNx: -1
locators:
- pos_x: 0.0
  pos_y: 0.0
  pos_z: 0.0
  rot_x: 0.0
  rot_y: 0.0
  rot_z: 0.0
  type: MagnePos
rigidBodyCenterY: 6.272510051727295
sortKey: -17
