aabbMax:
  X: 14.233699798583984
  Y: 4.1934099197387695
  Z: 12.18970012664795
aabbMin:
  X: -12.90999984741211
  Y: -0.5984600186347961
  Z: -48.75640106201172
boundingForTraverse: 4.7918701171875
bugMask: 0
cursorOffsetY: 0.5
instSizeCafe: -1
instSizeNx: 145368
sortKey: 2
traverseDist: 500.0
