aabbMax:
  X: 2.2535998821258545
  Y: 2.9826500415802
  Z: 5.864739894866943
aabbMin:
  X: -2.2535998821258545
  Y: -0.38435500860214233
  Z: -5.1926398277282715
boundingForTraverse: 3.3670051097869873
bugMask: 0
cursorOffsetY: 0.5
instSizeCafe: 28440
instSizeNx: -1
sortKey: 0
traverseDist: 300.0
