aabbMax:
  X: 11.629199981689453
  Y: 24.006200790405273
  Z: 13.238300323486328
aabbMin:
  X: -13.530900001525879
  Y: -0.9053270220756531
  Z: -10.964699745178223
boundingForTraverse: 24.911527633666992
bugMask: 0
cursorOffsetY: 0.5
instSizeCafe: 272528
instSizeNx: -1
sortKey: 0
terrainTextures:
- 1277102848
traverseDist: 534.9115600585938
