aabbMax:
  X: 5.259479999542236
  Y: 4.841509819030762
  Z: 6.535580158233643
aabbMin:
  X: -4.429530143737793
  Y: 1.7651300430297852
  Z: -8.459019660949707
boundingForTraverse: 3.0763800144195557
bugMask: 0
cursorOffsetY: 0.5
instSizeCafe: 152092
instSizeNx: -1
sortKey: 2
traverseDist: 517.8526000976562
