aabbMax:
  X: 1.9911199808120728
  Y: 3.623110055923462
  Z: 1.343400001525879
aabbMin:
  X: -2.097520112991333
  Y: -0.6183180212974548
  Z: -1.1050200462341309
boundingForTraverse: 4.241427898406982
bugMask: 1
cursorOffsetY: 2.0999999046325684
instSizeCafe: 107880
instSizeNx: -1
rigidBodyCenterY: 2.383820056915283
sortKey: -15
