aabbMax:
  X: 21.255399703979492
  Y: 0.26192501187324524
  Z: 9.492469787597656
aabbMin:
  X: -21.239099502563477
  Y: -30.185400009155273
  Z: -13.540800094604492
boundingForTraverse: 30.447324752807617
bugMask: 0
cursorOffsetY: 0.5
instSizeCafe: 17396
instSizeNx: -1
sortKey: 0
traverseDist: 1000.0
