aabbMax:
  X: 2.2691800594329834
  Y: 5.658339977264404
  Z: 2.0536301136016846
aabbMin:
  X: -2.0976600646972656
  Y: -7.997129917144775
  Z: -2.4972000122070312
boundingForTraverse: 13.65546989440918
bugMask: 0
cursorOffsetY: 0.5
instSizeCafe: -1
instSizeNx: 231496
sortKey: 0
terrainTextures:
- !u 0xffff1e12
