aabbMax:
  X: 2.9449000358581543
  Y: 6.4686198234558105
  Z: 16.51460075378418
aabbMin:
  X: -2.9449000358581543
  Y: -0.8858979940414429
  Z: -16.79640007019043
boundingForTraverse: 7.354517936706543
bugMask: 0
cursorOffsetY: 0.5
instSizeCafe: 59772
instSizeNx: -1
sortKey: -2
traverseDist: 533.8276977539062
