aabbMax:
  X: 1.3586900234222412
  Y: 2.7070300579071045
  Z: 0.1540530025959015
aabbMin:
  X: -1.3590600490570068
  Y: -0.006862999871373177
  Z: -0.1540530025959015
boundingForTraverse: 2.713892936706543
bugMask: 3
cursorOffsetY: 0.5
instSizeCafe: -1
instSizeNx: 109416
rigidBodyCenterY: 1.3495700359344482
sortKey: 0
traverseDist: 200.0
