aabbMax:
  X: 1.7580100297927856
  Y: 4.633669853210449
  Z: 1.549340009689331
aabbMin:
  X: -1.797379970550537
  Y: -0.30000001192092896
  Z: -1.4702399969100952
boundingForTraverse: 4.9336700439453125
bugMask: 0
cursorOffsetY: 0.5
instSizeCafe: 59236
instSizeNx: 165880
sortKey: 6
