aabbMax:
  X: 1.1014399528503418
  Y: 1.5385099649429321
  Z: 0.3766559958457947
aabbMin:
  X: -1.1399600505828857
  Y: -0.025905000045895576
  Z: -0.47129499912261963
boundingForTraverse: 1.5644149780273438
bugMask: 0
cursorOffsetY: 0.5
instSizeCafe: 39772
instSizeNx: 116672
sortKey: 0
