aabbMax:
  X: 36.61880111694336
  Y: 101.93399810791016
  Z: 36.36410140991211
aabbMin:
  X: -34.9536018371582
  Y: -124.9800033569336
  Z: -36.40370178222656
boundingForTraverse: 226.91400146484375
bugMask: 0
cursorOffsetY: 0.5
instSizeCafe: 41640
instSizeNx: 119184
sortKey: 0
traverseDist: 5000.0
