aabbMax:
  X: 4.103280067443848
  Y: 2.7791099548339844
  Z: 4.696549892425537
aabbMin:
  X: -1.0310300588607788
  Y: -0.10683900117874146
  Z: -0.8251829743385315
boundingForTraverse: 2.885948896408081
bugMask: 0
instSizeCafe: -1
instSizeNx: 96160
sortKey: 0
traverseDist: 400.0
