aabbMax:
  X: 4.415559768676758
  Y: 13.937299728393555
  Z: 5.799849987030029
aabbMin:
  X: -6.256199836730957
  Y: -1.8174899816513062
  Z: -4.346700191497803
boundingForTraverse: 15.754789352416992
bugMask: 0
cursorOffsetY: 0.5
instSizeCafe: 17140
instSizeNx: 75656
sortKey: 0
traverseDist: 3000.0
