aabbMax:
  X: 0.41279301047325134
  Y: 1.2492599487304688
  Z: 0.2922550141811371
aabbMin:
  X: -0.2928769886493683
  Y: 0.0
  Z: -0.2922550141811371
boundingForTraverse: 1.2492599487304688
bugMask: 0
cursorOffsetY: 0.5
instSizeCafe: 59300
instSizeNx: 165880
sortKey: 2
