aabbMax:
  X: 45.67499923706055
  Y: 102.3499984741211
  Z: 45.680999755859375
aabbMin:
  X: -45.67499923706055
  Y: -0.30699899792671204
  Z: -45.680999755859375
boundingForTraverse: 102.65699768066406
bugMask: 0
cursorOffsetY: 0.5
instSizeCafe: 304924
instSizeNx: -1
sortKey: 0
terrainTextures:
- !u 0xff511d11
traverseDist: 300.0
