aabbMax:
  X: 0.2337149977684021
  Y: 0.7929139733314514
  Z: 1.001870036125183
aabbMin:
  X: -0.23351000249385834
  Y: -0.762802004814148
  Z: -0.16879700124263763
boundingForTraverse: 1.5557160377502441
bugMask: 3
cursorOffsetY: 0.5
instSizeCafe: 40048
instSizeNx: -1
rigidBodyCenterY: 0.12359800189733505
sortKey: -7
