aabbMax:
  X: 11.084799766540527
  Y: 16.17840003967285
  Z: 21.07740020751953
aabbMin:
  X: -11.106800079345703
  Y: -5.074530124664307
  Z: -24.649099349975586
boundingForTraverse: 21.2529296875
bugMask: 0
cursorOffsetY: 0.5
instSizeCafe: -1
instSizeNx: 231496
sortKey: 0
terrainTextures:
- !u 0xff531d11
traverseDist: 200.0
