aabbMax:
  X: 0.19591300189495087
  Y: 2.0657598972320557
  Z: 0.19259899854660034
aabbMin:
  X: -0.19591300189495087
  Y: 0.0
  Z: -0.18632400035858154
boundingForTraverse: 2.0657598972320557
bugMask: 0
cursorOffsetY: 0.5
instSizeCafe: 39412
instSizeNx: -1
sortKey: 6
traverseDist: 150.0
