aabbMax:
  X: 16.56999969482422
  Y: 16.039100646972656
  Z: 16.882400512695312
aabbMin:
  X: -17.276199340820312
  Y: -0.7717549800872803
  Z: -17.47879981994629
boundingForTraverse: 16.810855865478516
bugMask: 0
cursorOffsetY: 0.5
instSizeCafe: 17388
instSizeNx: -1
sortKey: 0
traverseDist: 4000.0
