aabbMax:
  X: 1.5142199993133545
  Y: 12.676799774169922
  Z: 10.576899528503418
aabbMin:
  X: -1.1417200565338135
  Y: -1.115090012550354
  Z: -12.480600357055664
boundingForTraverse: 13.791890144348145
bugMask: 0
cursorOffsetY: 0.5
instSizeCafe: 50040
instSizeNx: -1
sortKey: 3
