aabbMax:
  X: 0.21286100149154663
  Y: 0.5860869884490967
  Z: 0.21286100149154663
aabbMin:
  X: -0.21286100149154663
  Y: 0.0
  Z: -0.21286100149154663
boundingForTraverse: 0.5860869884490967
bugMask: 0
cursorOffsetY: 0.5
instSizeCafe: 18220
instSizeNx: -1
sortKey: 0
