aabbMax:
  X: 1.233299970626831
  Y: 3.4220499992370605
  Z: 1.0293200016021729
aabbMin:
  X: -1.2333600521087646
  Y: -0.02244899980723858
  Z: -0.9379010200500488
boundingForTraverse: 3.4444990158081055
bugMask: 1
cursorOffsetY: 0.699999988079071
instSizeCafe: 33204
instSizeNx: -1
rigidBodyCenterY: 1.6240700483322144
sortKey: 0
traverseDist: 200.0
