aabbMax:
  X: 7.072000026702881
  Y: 10.046899795532227
  Z: 8.56344985961914
aabbMin:
  X: -6.072000026702881
  Y: -1.3221299648284912
  Z: -6.679200172424316
boundingForTraverse: 11.369029998779297
bugMask: 0
cursorOffsetY: 0.5
instSizeCafe: 185224
instSizeNx: 479272
sortKey: 0
terrainTextures:
- !u 0xffffff08
traverseDist: 500.0
