aabbMax:
  X: 0.2832390069961548
  Y: 0.027354000136256218
  Z: 0.2832440137863159
aabbMin:
  X: -0.28323298692703247
  Y: -0.7537299990653992
  Z: -0.28324198722839355
boundingForTraverse: 0.7810840010643005
bugMask: 0
cursorOffsetY: 0.5
instSizeCafe: 29032
instSizeNx: -1
sortKey: 1
