aabbMax:
  X: 32.40869903564453
  Y: 1.8860100507736206
  Z: 8.785759925842285
aabbMin:
  X: -31.42840003967285
  Y: -60.092899322509766
  Z: -14.928400039672852
boundingForTraverse: 61.97890853881836
bugMask: 0
cursorOffsetY: 0.5
instSizeCafe: 17236
instSizeNx: 75656
sortKey: 0
traverseDist: 5000.0
