aabbMax:
  X: 8.646010398864746
  Y: 6.290740013122559
  Z: 5.915480136871338
aabbMin:
  X: -8.499739646911621
  Y: -0.5439460277557373
  Z: -6.383299827575684
boundingForTraverse: 6.834685802459717
bugMask: 0
instSizeCafe: 16880
instSizeNx: -1
sortKey: 0
traverseDist: 2000.0
