aabbMax:
  X: 23.605899810791016
  Y: 6.778289794921875
  Z: 17.365299224853516
aabbMin:
  X: -19.617700576782227
  Y: -3.477289915084839
  Z: -19.766599655151367
boundingForTraverse: 10.255579948425293
bugMask: 2
cursorOffsetY: 0.5
instSizeCafe: 118592
instSizeNx: -1
sortKey: -8
traverseDist: 556.9829711914062
