aabbMax:
  X: 0.9292179942131042
  Y: 2.2069900035858154
  Z: 0.6387839913368225
aabbMin:
  X: -0.6370069980621338
  Y: 0.0
  Z: -0.6387839913368225
boundingForTraverse: 2.2069900035858154
bugMask: 0
cursorOffsetY: 0.5
instSizeCafe: -1
instSizeNx: 75656
sortKey: 0
