aabbMax:
  X: 5.8937602043151855
  Y: 8.001609802246094
  Z: 7.3238701820373535
aabbMin:
  X: -5.8937602043151855
  Y: -24.05459976196289
  Z: -7.489039897918701
boundingForTraverse: 32.056209564208984
bugMask: 0
instSizeCafe: 102292
instSizeNx: -1
sortKey: 0
traverseDist: 3000.0
