aabbMax:
  X: 7.713230133056641
  Y: 10.336999893188477
  Z: 10.270700454711914
aabbMin:
  X: -7.850689888000488
  Y: 2.8988800048828125
  Z: -4.843120098114014
boundingForTraverse: 7.438119888305664
bugMask: 0
cursorOffsetY: 0.5
instSizeCafe: -1
instSizeNx: 280704
sortKey: 0
