aabbMax:
  X: 4.037759780883789
  Y: 2.8081400394439697
  Z: 0.5905460119247437
aabbMin:
  X: -4.159689903259277
  Y: -0.19601699709892273
  Z: -0.5421289801597595
boundingForTraverse: 3.004157066345215
bugMask: 0
instSizeCafe: 16884
instSizeNx: 75656
sortKey: -5
traverseDist: 500.0
