aabbMax:
  X: 1.848520040512085
  Y: 7.398940086364746
  Z: 0.28637099266052246
aabbMin:
  X: -1.848520040512085
  Y: -0.07024499773979187
  Z: -0.28637099266052246
boundingForTraverse: 7.469184875488281
bugMask: 0
cursorOffsetY: 0.5
instSizeCafe: -1
instSizeNx: 116672
sortKey: -2
traverseDist: 400.0
