aabbMax:
  X: 0.6627780199050903
  Y: 0.9921560287475586
  Z: 0.5341489911079407
aabbMin:
  X: -0.6627780199050903
  Y: -0.031183000653982162
  Z: -0.45978400111198425
boundingForTraverse: 1.023339033126831
bugMask: 0
cursorOffsetY: 0.5
instSizeCafe: 17396
instSizeNx: -1
sortKey: -4
