aabbMax:
  X: 2.140000104904175
  Y: 6.0
  Z: 2.5467100143432617
aabbMin:
  X: -2.0
  Y: -0.3496919870376587
  Z: -2.3815999031066895
boundingForTraverse: 6.349691867828369
bugMask: 0
cursorOffsetY: 0.5
instSizeCafe: 17140
instSizeNx: 75656
sortKey: 2
traverseDist: 150.0
