aabbMax:
  X: 6.575590133666992
  Y: 1.760830044746399
  Z: 2.5271999835968018
aabbMin:
  X: -5.36067008972168
  Y: -0.09403400123119354
  Z: -2.3220300674438477
boundingForTraverse: 1.8548640012741089
bugMask: 0
cursorOffsetY: 0.5
instSizeCafe: 81100
instSizeNx: 210992
sortKey: 4
traverseDist: 200.0
