aabbMax:
  X: 75.98470306396484
  Y: 63.012901306152344
  Z: 115.08300018310547
aabbMin:
  X: -75.80670166015625
  Y: -63.77170181274414
  Z: -108.17500305175781
boundingForTraverse: 126.78460693359375
bugMask: 0
cursorOffsetY: 0.5
instSizeCafe: 17776
instSizeNx: -1
sortKey: 0
traverseDist: 5000.0
