aabbMax:
  X: 6.167399883270264
  Y: 0.7813760042190552
  Z: 17.90999984741211
aabbMin:
  X: -6.428450107574463
  Y: -19.216999053955078
  Z: -18.118499755859375
boundingForTraverse: 19.998374938964844
bugMask: 0
cursorOffsetY: 0.5
instSizeCafe: -1
instSizeNx: 350128
sortKey: -18
traverseDist: 538.1668701171875
