aabbMax:
  X: 0.13500000536441803
  Y: 6.269999980926514
  Z: 2.285599946975708
aabbMin:
  X: -0.29499998688697815
  Y: -0.4000000059604645
  Z: -2.285599946975708
boundingForTraverse: 6.670000076293945
bugMask: 3
cursorOffsetY: 0.5
instSizeCafe: 58188
instSizeNx: -1
rigidBodyCenterY: 2.8998899459838867
sortKey: -19
