aabbMax:
  X: 113.28600311279297
  Y: 55.963600158691406
  Z: 54.97019958496094
aabbMin:
  X: -113.42900085449219
  Y: -55.963600158691406
  Z: -118.75499725341797
boundingForTraverse: 111.92720031738281
bugMask: 0
cursorOffsetY: 0.5
instSizeCafe: 150308
instSizeNx: -1
sortKey: -18
terrainTextures:
- 1344082188
traverseDist: 785.6223754882812
