aabbMax:
  X: 32.64189910888672
  Y: 17.453399658203125
  Z: 37.39670181274414
aabbMin:
  X: -26.390499114990234
  Y: -9.390600204467773
  Z: -37.31529998779297
boundingForTraverse: 26.8439998626709
bugMask: 0
cursorOffsetY: 0.5
instSizeCafe: 17140
instSizeNx: 75656
sortKey: 0
