aabbMax:
  X: 6.971700191497803
  Y: 4.575819969177246
  Z: 1.3465499877929688
aabbMin:
  X: -3.1730499267578125
  Y: 1.5958000421524048
  Z: -8.936530113220215
boundingForTraverse: 2.980020046234131
bugMask: 0
cursorOffsetY: 0.5
instSizeCafe: 122128
instSizeNx: -1
sortKey: 0
