aabbMax:
  X: 5.8937602043151855
  Y: 0.48791900277137756
  Z: 14.75
aabbMin:
  X: -5.8937602043151855
  Y: -17.687299728393555
  Z: -7.443490028381348
boundingForTraverse: 18.17521858215332
bugMask: 0
instSizeCafe: 133920
instSizeNx: 329912
sortKey: -6
terrainTextures:
- !u 0xffff1a0d
traverseDist: 525.1295776367188
