aabbMax:
  X: 1.5947500467300415
  Y: 12.885499954223633
  Z: 1.5309900045394897
aabbMin:
  X: -1.5852999687194824
  Y: -0.14740799367427826
  Z: -1.7747700214385986
boundingForTraverse: 13.032906532287598
bugMask: 0
instSizeCafe: 16880
instSizeNx: -1
sortKey: -3
traverseDist: 500.0
