aabbMax:
  X: 18.30929946899414
  Y: 5.38306999206543
  Z: 27.30109977722168
aabbMin:
  X: -18.30929946899414
  Y: -8.404500007629395
  Z: -17.416500091552734
boundingForTraverse: 13.787569999694824
bugMask: 0
cursorOffsetY: 0.5
instSizeCafe: 145368
instSizeNx: -1
sortKey: 6
terrainTextures:
- !u 0xffffff40
traverseDist: 557.7977905273438
