aabbMax:
  X: 1.2648999691009521
  Y: 1.1711299419403076
  Z: 0.8762030005455017
aabbMin:
  X: -0.0001140000022132881
  Y: 0.0
  Z: -0.792290985584259
boundingForTraverse: 1.1711299419403076
bugMask: 0
cursorOffsetY: 0.5
instSizeCafe: 38172
instSizeNx: -1
sortKey: 21
traverseDist: 300.0
