aabbMax:
  X: 9.671879768371582
  Y: 9.671879768371582
  Z: 1.6291899681091309
aabbMin:
  X: -9.671879768371582
  Y: -9.671879768371582
  Z: 0.013086000457406044
boundingForTraverse: 19.343759536743164
bugMask: 3
cursorOffsetY: 0.5
instSizeCafe: 71464
instSizeNx: -1
rigidBodyCenterY: -0.1589449942111969
sortKey: 0
