aabbMax:
  X: 4.7439398765563965
  Y: 3.783289909362793
  Z: 1.9728000164031982
aabbMin:
  X: -2.747299909591675
  Y: 0.5676220059394836
  Z: -2.3041601181030273
boundingForTraverse: 3.215667963027954
bugMask: 0
cursorOffsetY: 0.5
instSizeCafe: 59236
instSizeNx: 165880
sortKey: 16
traverseDist: 300.0
