aabbMax:
  X: 0.27031099796295166
  Y: 0.758558988571167
  Z: 0.28640300035476685
aabbMin:
  X: -0.26861101388931274
  Y: -9.000000318337698e-06
  Z: -0.23663699626922607
boundingForTraverse: 0.7585679888725281
bugMask: 0
cursorOffsetY: 0.5
instSizeCafe: 28056
instSizeNx: 96160
sortKey: 22
