aabbMax:
  X: 47.31850051879883
  Y: -7.734310150146484
  Z: 47.94889831542969
aabbMin:
  X: -47.731201171875
  Y: -120.31800079345703
  Z: -45.209800720214844
boundingForTraverse: 112.58369445800781
bugMask: 0
instSizeCafe: 28760
instSizeNx: -1
sortKey: -5
terrainTextures:
- 1279139584
traverseDist: 633.0901489257812
