aabbMax:
  X: 4.534560203552246
  Y: 7.43120002746582
  Z: 5.598390102386475
aabbMin:
  X: -4.730000019073486
  Y: 3.0139501094818115
  Z: -5.701409816741943
boundingForTraverse: 4.417250156402588
bugMask: 0
cursorOffsetY: 0.5
instSizeCafe: 122620
instSizeNx: 309408
sortKey: 0
