aabbMax:
  X: 0.2752789855003357
  Y: 0.6155520081520081
  Z: 0.31175100803375244
aabbMin:
  X: -0.33453699946403503
  Y: -0.2932310104370117
  Z: -0.3234829902648926
boundingForTraverse: 0.9087830185890198
bugMask: 0
cursorOffsetY: 0.5
instSizeCafe: 34720
instSizeNx: -1
sortKey: 0
