aabbMax:
  X: 4.1373701095581055
  Y: 14.780200004577637
  Z: 4.318419933319092
aabbMin:
  X: -4.052919864654541
  Y: 11.543600082397461
  Z: -4.153220176696777
boundingForTraverse: 3.236599922180176
bugMask: 0
cursorOffsetY: 0.5
instSizeCafe: 60540
instSizeNx: -1
sortKey: -2
