aabbMax:
  X: 2.114419937133789
  Y: 9.500289916992188
  Z: 2.070189952850342
aabbMin:
  X: -2.4312400817871094
  Y: 0.4931569993495941
  Z: -3.099519968032837
boundingForTraverse: 9.007132530212402
bugMask: 0
cursorOffsetY: 0.5
instSizeCafe: -1
instSizeNx: 145368
sortKey: 0
traverseDist: 1000.0
