aabbMax:
  X: 0.29973599314689636
  Y: 0.5191879868507385
  Z: 0.29973599314689636
aabbMin:
  X: -0.29973599314689636
  Y: -0.05166900157928467
  Z: -0.29973599314689636
boundingForTraverse: 0.5708569884300232
bugMask: 0
cursorOffsetY: 0.5
instSizeCafe: 17140
instSizeNx: -1
sortKey: -3
