aabbMax:
  X: 3.6972100734710693
  Y: 8.110090255737305
  Z: 0.031318001449108124
aabbMin:
  X: -3.6972100734710693
  Y: -0.24039900302886963
  Z: -7.839250087738037
boundingForTraverse: 8.350489616394043
bugMask: 0
cursorOffsetY: 0.5
instSizeCafe: 52128
instSizeNx: -1
sortKey: 4
traverseDist: 510.7992248535156
