aabbMax:
  X: 84.75180053710938
  Y: 39.56529998779297
  Z: 65.29650115966797
aabbMin:
  X: -84.3021011352539
  Y: -39.79100036621094
  Z: -65.35469818115234
boundingForTraverse: 79.3563003540039
bugMask: 0
cursorOffsetY: 0.5
instSizeCafe: 18348
instSizeNx: -1
sortKey: 0
traverseDist: 5000.0
