aabbMax:
  X: 21.920299530029297
  Y: 8.76945972442627
  Z: 5.247179985046387
aabbMin:
  X: -79.83609771728516
  Y: -9.858460426330566
  Z: -20.81800079345703
boundingForTraverse: 18.627920150756836
bugMask: 0
instSizeCafe: 17136
instSizeNx: -1
sortKey: 0
traverseDist: 4000.0
