aabbMax:
  X: 115.4000015258789
  Y: 59.548500061035156
  Z: 69.16449737548828
aabbMin:
  X: -114.2750015258789
  Y: -59.12670135498047
  Z: -69.52069854736328
boundingForTraverse: 118.67520141601562
bugMask: 0
cursorOffsetY: 0.5
instSizeCafe: 117876
instSizeNx: -1
sortKey: -18
terrainTextures:
- 1344082188
traverseDist: 768.2987060546875
