aabbMax:
  X: 2.514120101928711
  Y: 1.100000023841858
  Z: 0.12495200335979462
aabbMin:
  X: -0.22817300260066986
  Y: -0.4433229863643646
  Z: -0.12960299849510193
boundingForTraverse: 1.543323040008545
bugMask: 0
cursorOffsetY: 0.5
instSizeCafe: -1
instSizeNx: 96160
sortKey: 7
