aabbMax:
  X: 0.4446600079536438
  Y: 1.0
  Z: 0.44915398955345154
aabbMin:
  X: -0.43359699845314026
  Y: 0.0
  Z: -0.42559298872947693
boundingForTraverse: 1.0
bugMask: 0
cursorOffsetY: 0.5
instSizeCafe: 27608
instSizeNx: 96160
sortKey: 0
traverseDist: 150.0
