aabbMax:
  X: 5.340219974517822
  Y: 8.701169967651367
  Z: 17.12190055847168
aabbMin:
  X: -36.87179946899414
  Y: -12.544099807739258
  Z: -24.34000015258789
boundingForTraverse: 21.245269775390625
bugMask: 0
cursorOffsetY: 0.5
instSizeCafe: 239320
instSizeNx: -1
sortKey: -2
terrainTextures:
- 1397890321
traverseDist: 300.0
