aabbMax:
  X: 0.6559849977493286
  Y: 1.7386800050735474
  Z: 0.7074379920959473
aabbMin:
  X: -0.6929730176925659
  Y: -0.4757010042667389
  Z: -0.6553869843482971
boundingForTraverse: 2.214380979537964
bugMask: 2
instSizeCafe: -1
instSizeNx: 82448
sortKey: 0
