aabbMax:
  X: 4.015120029449463
  Y: 2.641249895095825
  Z: 0.550927996635437
aabbMin:
  X: -4.015120029449463
  Y: -0.40182599425315857
  Z: -0.550927996635437
boundingForTraverse: 3.0430760383605957
bugMask: 0
instSizeCafe: 27608
instSizeNx: -1
sortKey: 0
traverseDist: 400.0
