aabbMax:
  X: 0.6952430009841919
  Y: 0.7075899839401245
  Z: 2.372760057449341
aabbMin:
  X: -0.705839991569519
  Y: -0.9936000108718872
  Z: -1.19173002243042
boundingForTraverse: 1.7011899948120117
bugMask: 0
cursorOffsetY: 0.5
instSizeCafe: 48508
instSizeNx: -1
sortKey: 12
