aabbMax:
  X: 1.9871400594711304
  Y: 0.9551960229873657
  Z: 0.7025589942932129
aabbMin:
  X: -2.0083000659942627
  Y: -0.08342199772596359
  Z: -0.7340490221977234
boundingForTraverse: 1.0386179685592651
bugMask: 0
cursorOffsetY: 0.5
instSizeCafe: 59108
instSizeNx: 165880
sortKey: 0
