aabbMax:
  X: 5.537720203399658
  Y: 3.5172600746154785
  Z: 5.885340213775635
aabbMin:
  X: -8.534330368041992
  Y: 0.0
  Z: -4.796150207519531
boundingForTraverse: 3.5172600746154785
bugMask: 0
cursorOffsetY: 0.5
instSizeCafe: 111032
instSizeNx: -1
sortKey: 15
traverseDist: 300.0
