aabbMax:
  X: 0.605334997177124
  Y: 2.621659994125366
  Z: 0.7568730115890503
aabbMin:
  X: -0.6097549796104431
  Y: -0.4571689963340759
  Z: -0.6556810140609741
boundingForTraverse: 3.078829050064087
bugMask: 0
cursorOffsetY: 0.5
instSizeCafe: -1
instSizeNx: 145368
sortKey: 12
traverseDist: 150.0
