aabbMax:
  X: 4.014570236206055
  Y: 8.020259857177734
  Z: 0.5893499851226807
aabbMin:
  X: -4.131810188293457
  Y: -0.10843700170516968
  Z: -0.6581680178642273
boundingForTraverse: 8.12869644165039
bugMask: 0
instSizeCafe: -1
instSizeNx: 75656
sortKey: -8
traverseDist: 500.0
