aabbMax:
  X: 0.18925100564956665
  Y: 0.7224879860877991
  Z: 0.33524200320243835
aabbMin:
  X: -0.18925100564956665
  Y: 0.0
  Z: -0.23862700164318085
boundingForTraverse: 0.7224879860877991
bugMask: 0
cursorOffsetY: 0.5
instSizeCafe: -1
instSizeNx: 75656
sortKey: 4
