aabbMax:
  X: 13.196999549865723
  Y: 24.0044002532959
  Z: 13.322400093078613
aabbMin:
  X: -11.63759994506836
  Y: -0.9053270220756531
  Z: -10.7608003616333
boundingForTraverse: 24.909727096557617
bugMask: 0
instSizeCafe: -1
instSizeNx: 841800
sortKey: -13
terrainTextures:
- 1277102848
traverseDist: 534.5941772460938
