aabbMax:
  X: 7.880300045013428
  Y: 10.381099700927734
  Z: 10.118000030517578
aabbMin:
  X: -7.667630195617676
  Y: 2.6628100872039795
  Z: -10.038800239562988
boundingForTraverse: 7.718288898468018
bugMask: 0
cursorOffsetY: 0.5
instSizeCafe: 126484
instSizeNx: -1
sortKey: 0
