aabbMax:
  X: 30.910400390625
  Y: 24.856399536132812
  Z: 19.9768009185791
aabbMin:
  X: -23.328100204467773
  Y: -1.5758800506591797
  Z: -22.249399185180664
boundingForTraverse: 26.432279586791992
bugMask: 0
cursorOffsetY: 0.5
instSizeCafe: -1
instSizeNx: 743720
sortKey: 0
terrainTextures:
- 1397890321
traverseDist: 200.0
