aabbMax:
  X: 5.079349994659424
  Y: 14.57390022277832
  Z: 4.394430160522461
aabbMin:
  X: -5.0601701736450195
  Y: -1.6980700492858887
  Z: -3.6215999126434326
boundingForTraverse: 16.271970748901367
bugMask: 0
cursorOffsetY: 0.5
instSizeCafe: 17140
instSizeNx: 75656
sortKey: 0
traverseDist: 3000.0
