aabbMax:
  X: 3.648240089416504
  Y: 1.5639300346374512
  Z: 3.3241000175476074
aabbMin:
  X: -2.881200075149536
  Y: -17.79829978942871
  Z: -1.6800099611282349
boundingForTraverse: 19.36223030090332
bugMask: 0
cursorOffsetY: 0.5
instSizeCafe: -1
instSizeNx: 75656
sortKey: 0
