aabbMax:
  X: 0.2532980144023895
  Y: 0.40700799226760864
  Z: 0.1847279965877533
aabbMin:
  X: -0.25382199883461
  Y: -0.9501870274543762
  Z: -0.3428199887275696
boundingForTraverse: 1.3571950197219849
bugMask: 0
cursorOffsetY: 0.5
instSizeCafe: 17968
instSizeNx: -1
sortKey: -5
