aabbMax:
  X: 1.9807300567626953
  Y: 2.377239942550659
  Z: 0.5007889866828918
aabbMin:
  X: -1.9770599603652954
  Y: 0.0
  Z: -0.49921101331710815
boundingForTraverse: 2.377239942550659
bugMask: 0
cursorOffsetY: 0.5
instSizeCafe: 17392
instSizeNx: -1
sortKey: 6
