aabbMax:
  X: 6.677680015563965
  Y: 16.75670051574707
  Z: 12.97659969329834
aabbMin:
  X: -7.790019989013672
  Y: -1.5142099857330322
  Z: -13.632499694824219
boundingForTraverse: 18.270910263061523
bugMask: 3
cursorOffsetY: 0.5
farModelCulling:
  center:
    X: 0.0
    Y: 18.270910263061523
    Z: 0.0
  height: 36.54182052612305
  radius: 18.270910263061523
instSizeCafe: 883308
instSizeNx: -1
rigidBodyCenterY: 5.611400127410889
sortKey: 4
traverseDist: 1000.0
