aabbMax:
  X: 0.175245001912117
  Y: 0.0399009995162487
  Z: 0.15176700055599213
aabbMin:
  X: -0.175245001912117
  Y: -0.8039429783821106
  Z: -0.15176700055599213
boundingForTraverse: 0.8438439965248108
bugMask: 0
cursorOffsetY: 0.5
instSizeCafe: 28848
instSizeNx: -1
sortKey: 0
traverseDist: 300.0
