aabbMax:
  X: 20.209199905395508
  Y: 8.927490234375
  Z: 11.116499900817871
aabbMin:
  X: -7.0832600593566895
  Y: -9.442469596862793
  Z: -17.716400146484375
boundingForTraverse: 18.36996078491211
bugMask: 0
cursorOffsetY: 0.5
instSizeCafe: 186128
instSizeNx: -1
sortKey: 0
traverseDist: 2000.0
