aabbMax:
  X: 23.936500549316406
  Y: 6.938389778137207
  Z: 17.536699295043945
aabbMin:
  X: -19.963600158691406
  Y: -3.662060022354126
  Z: -19.90019989013672
boundingForTraverse: 10.600449562072754
bugMask: 2
cursorOffsetY: 0.5
instSizeCafe: -1
instSizeNx: 79208
sortKey: 0
traverseDist: 1000.0
