aabbMax:
  X: 4.6851301193237305
  Y: 4.815529823303223
  Z: 5.754879951477051
aabbMin:
  X: -4.776430130004883
  Y: -1.0800000429153442
  Z: -2.545259952545166
boundingForTraverse: 5.8955302238464355
bugMask: 0
cursorOffsetY: 0.5
instSizeCafe: -1
instSizeNx: 432584
sortKey: -12
