aabbMax:
  X: 5.429969787597656
  Y: 11.647299766540527
  Z: 0.0
aabbMin:
  X: -5.429969787597656
  Y: 0.0
  Z: -2.1275999546051025
boundingForTraverse: 11.647299766540527
bugMask: 0
cursorOffsetY: 0.5
instSizeCafe: 91568
instSizeNx: -1
sortKey: 6
terrainTextures:
- !u 0xffffff53
