aabbMax:
  X: 0.19400499761104584
  Y: 1.6727499961853027
  Z: 0.26823100447654724
aabbMin:
  X: -3.4159300327301025
  Y: -0.40389201045036316
  Z: -0.2552329897880554
boundingForTraverse: 2.0766420364379883
bugMask: 0
cursorOffsetY: 0.5
instSizeCafe: -1
instSizeNx: 75656
sortKey: -22
traverseDist: 200.0
