aabbMax:
  X: 28.135099411010742
  Y: 75.04280090332031
  Z: 27.926799774169922
aabbMin:
  X: -28.135099411010742
  Y: -3.0
  Z: -28.135099411010742
boundingForTraverse: 78.04280090332031
bugMask: 0
cursorOffsetY: 0.5
instSizeCafe: -1
instSizeNx: 581272
sortKey: -6
terrainTextures:
- !u 0xffffff52
traverseDist: 579.430908203125
variationMatAnim: TwnObj_HyruleCastle_CitadelBase_A_01
variationMatAnimFrame: 0
