aabbMax:
  X: 14.189399719238281
  Y: 6.106480121612549
  Z: 9.859700202941895
aabbMin:
  X: -4.098780155181885
  Y: -0.4089890122413635
  Z: -9.962579727172852
boundingForTraverse: 6.515469074249268
bugMask: 0
instSizeCafe: 70336
instSizeNx: -1
sortKey: 0
traverseDist: 400.0
