aabbMax:
  X: 18.53580093383789
  Y: 20.98390007019043
  Z: 17.467199325561523
aabbMin:
  X: -12.301600456237793
  Y: -4.648600101470947
  Z: -11.572799682617188
boundingForTraverse: 25.63249969482422
bugMask: 0
instSizeCafe: 269392
instSizeNx: -1
sortKey: 0
traverseDist: 2000.0
