aabbMax:
  X: 91.3821029663086
  Y: 1.9771300554275513
  Z: 104.22799682617188
aabbMin:
  X: -85.32350158691406
  Y: -14.725500106811523
  Z: -62.87699890136719
boundingForTraverse: 16.7026309967041
bugMask: 0
cursorOffsetY: 0.5
instSizeCafe: 17748
instSizeNx: -1
sortKey: 7
traverseDist: 500.0
