aabbMax:
  X: 5.245349884033203
  Y: 5.907899856567383
  Z: 3.895390033721924
aabbMin:
  X: -1.8061200380325317
  Y: -2.0652899742126465
  Z: -5.63532018661499
boundingForTraverse: 7.973189830780029
bugMask: 3
cursorOffsetY: 0.5
instSizeCafe: 29836
instSizeNx: 90504
sortKey: -8
traverseDist: 500.0
