aabbMax:
  X: 6.999619960784912
  Y: 14.442700386047363
  Z: 10.172699928283691
aabbMin:
  X: -7.259860038757324
  Y: -0.05417000129818916
  Z: -10.661499977111816
boundingForTraverse: 14.496870040893555
bugMask: 0
instSizeCafe: 154216
instSizeNx: -1
sortKey: 0
traverseDist: 2000.0
