aabbMax:
  X: 11.685199737548828
  Y: 0.0
  Z: 9.973649978637695
aabbMin:
  X: -11.685199737548828
  Y: -54.46480178833008
  Z: -1.8035399913787842
boundingForTraverse: 54.46480178833008
bugMask: 0
cursorOffsetY: 0.5
instSizeCafe: 19960
instSizeNx: -1
sortKey: 0
traverseDist: 526.170166015625
