aabbMax:
  X: 5.532060146331787
  Y: 12.86970043182373
  Z: 12.249199867248535
aabbMin:
  X: -5.538090229034424
  Y: 0.0
  Z: -12.57979965209961
boundingForTraverse: 12.86970043182373
bugMask: 0
cursorOffsetY: 0.5
instSizeCafe: 144476
instSizeNx: -1
sortKey: -2
traverseDist: 300.0
