aabbMax:
  X: 1.5359300374984741
  Y: 3.9397900104522705
  Z: 0.28980299830436707
aabbMin:
  X: -1.5359300374984741
  Y: -0.24788300693035126
  Z: -1.9207700490951538
boundingForTraverse: 4.187673091888428
bugMask: 1
cursorOffsetY: 1.0
instSizeCafe: -1
instSizeNx: 148624
lookAtOffsetY: 1.7999999523162842
rigidBodyCenterY: 1.6402599811553955
sortKey: 0
traverseDist: 50.0
