aabbMax:
  X: 8.20071029663086
  Y: 25.23069953918457
  Z: 9.239480018615723
aabbMin:
  X: -8.204389572143555
  Y: -0.5593069791793823
  Z: -7.153890132904053
boundingForTraverse: 25.790006637573242
bugMask: 0
instSizeCafe: 17388
instSizeNx: -1
sortKey: 0
traverseDist: 1000.0
