aabbMax:
  X: 1.080549955368042
  Y: 1.344099998474121
  Z: 1.8190399408340454
aabbMin:
  X: -1.0805399417877197
  Y: 0.0
  Z: -1.634809970855713
boundingForTraverse: 1.344099998474121
bugMask: 0
cursorOffsetY: 0.5
instSizeCafe: 17396
instSizeNx: 75656
sortKey: -4
