aabbMax:
  X: 0.6079540252685547
  Y: 0.7066370248794556
  Z: 0.26824501156806946
aabbMin:
  X: -0.5422090291976929
  Y: -0.014310000464320183
  Z: -0.2745879888534546
boundingForTraverse: 0.7209470272064209
bugMask: 0
cursorOffsetY: 0.5
instSizeCafe: 27608
instSizeNx: 96160
sortKey: 5
