aabbMax:
  X: 18.89900016784668
  Y: 4.600840091705322
  Z: 14.645999908447266
aabbMin:
  X: -19.006500244140625
  Y: -5.462180137634277
  Z: -13.576700210571289
boundingForTraverse: 10.063020706176758
bugMask: 0
cursorOffsetY: 0.5
instSizeCafe: 122880
instSizeNx: -1
sortKey: -26
traverseDist: 500.0
