aabbMax:
  X: 0.3108069896697998
  Y: 1.6367900371551514
  Z: 0.36347898840904236
aabbMin:
  X: -0.3031579852104187
  Y: 0.0
  Z: -0.40777501463890076
boundingForTraverse: 1.6367900371551514
bugMask: 2
cursorOffsetY: 1.5
instSizeCafe: 54964
instSizeNx: -1
lookAtOffsetY: 1.5
rigidBodyCenterY: 0.5
sortKey: -31
