aabbMax:
  X: 6.677680015563965
  Y: 16.758100509643555
  Z: 12.976699829101562
aabbMin:
  X: -7.790019989013672
  Y: -1.5143400430679321
  Z: -13.632499694824219
boundingForTraverse: 18.27243995666504
bugMask: 3
cursorOffsetY: 0.5
farModelCulling:
  center:
    X: 0.0
    Y: 18.27243995666504
    Z: 0.0
  height: 36.54487991333008
  radius: 18.27243995666504
instSizeCafe: -1
instSizeNx: 2101584
rigidBodyCenterY: 5.611400127410889
sortKey: 4
traverseDist: 1000.0
