aabbMax:
  X: 0.782230019569397
  Y: 4.033750057220459
  Z: 0.8095300197601318
aabbMin:
  X: -0.8038579821586609
  Y: -0.02284500002861023
  Z: -0.791172981262207
boundingForTraverse: 4.0565948486328125
bugMask: 0
cursorOffsetY: 0.5
instSizeCafe: 41180
instSizeNx: -1
sortKey: 0
traverseDist: 2000.0
