aabbMax:
  X: 1.1768100261688232
  Y: 2.2322800159454346
  Z: 0.4398910105228424
aabbMin:
  X: -1.1768100261688232
  Y: -1.55771005153656
  Z: 0.0
boundingForTraverse: 3.789989948272705
bugMask: 0
cursorOffsetY: 0.5
instSizeCafe: 28376
instSizeNx: 96160
sortKey: 5
