aabbMax:
  X: 3.0924599170684814
  Y: 5.527550220489502
  Z: 1.1461299657821655
aabbMin:
  X: -3.0055599212646484
  Y: -0.0450109988451004
  Z: -0.6260340213775635
boundingForTraverse: 5.572560787200928
bugMask: 0
cursorOffsetY: 0.5
instSizeCafe: 39796
instSizeNx: -1
sortKey: 0
traverseDist: 1000.0
