aabbMax:
  X: 14.47070026397705
  Y: 6.5272297859191895
  Z: 9.924909591674805
aabbMin:
  X: -4.336100101470947
  Y: -0.518218994140625
  Z: -10.093299865722656
boundingForTraverse: 7.0454487800598145
bugMask: 0
instSizeCafe: 16884
instSizeNx: 75656
sortKey: -2
traverseDist: 500.0
