aabbMax:
  X: 11.375
  Y: 13.399999618530273
  Z: 3.700000047683716
aabbMin:
  X: -0.5
  Y: -1.5
  Z: -3.700000047683716
boundingForTraverse: 14.899999618530273
bugMask: 0
cursorOffsetY: 0.5
instSizeCafe: -1
instSizeNx: 378832
sortKey: -2
terrainTextures:
- !u 0xffffff53
traverseDist: 3000.0
