aabbMax:
  X: 0.3617910146713257
  Y: 0.9968979954719543
  Z: 0.3617910146713257
aabbMin:
  X: -0.3617910146713257
  Y: 0.0
  Z: -0.3617910146713257
boundingForTraverse: 0.9968979954719543
bugMask: 3
cursorOffsetY: 0.5
instSizeCafe: -1
instSizeNx: 113784
rigidBodyCenterY: 0.5062599778175354
sortKey: 0
