aabbMax:
  X: 11.407299995422363
  Y: 13.65820026397705
  Z: 3.8070600032806396
aabbMin:
  X: -0.6019539833068848
  Y: -3.7035300731658936
  Z: -3.7294199466705322
boundingForTraverse: 17.361730575561523
bugMask: 0
cursorOffsetY: 0.5
instSizeCafe: -1
instSizeNx: 75656
sortKey: 0
traverseDist: 3000.0
