aabbMax:
  X: 3.5731000900268555
  Y: 23.618499755859375
  Z: 2.230649948120117
aabbMin:
  X: -1.0652600526809692
  Y: -0.484050989151001
  Z: -2.203350067138672
boundingForTraverse: 24.102550506591797
bugMask: 0
cursorOffsetY: 0.5
instSizeCafe: 17136
instSizeNx: -1
sortKey: 0
traverseDist: 2000.0
