aabbMax:
  X: 1.1280100345611572
  Y: 2.4805099964141846
  Z: 0.5191149711608887
aabbMin:
  X: -1.1280100345611572
  Y: -1.5915900468826294
  Z: -0.019359000027179718
boundingForTraverse: 4.0721001625061035
bugMask: 0
cursorOffsetY: 0.5
instSizeCafe: 28372
instSizeNx: -1
sortKey: 4
