aabbMax:
  X: 0.26621299982070923
  Y: 0.49712899327278137
  Z: 0.2805269956588745
aabbMin:
  X: -0.24739499390125275
  Y: -0.003338000038638711
  Z: -0.2345529943704605
boundingForTraverse: 0.5004670023918152
bugMask: 0
cursorOffsetY: 0.5
instSizeCafe: -1
instSizeNx: 116672
sortKey: 0
