aabbMax:
  X: 37.775001525878906
  Y: 14.660099983215332
  Z: 37.775001525878906
aabbMin:
  X: -37.775001525878906
  Y: -2.9201300144195557
  Z: -37.775001525878906
boundingForTraverse: 17.580230712890625
bugMask: 2
instSizeCafe: 222528
instSizeNx: -1
sortKey: 0
traverseDist: 606.8438110351562
