aabbMax:
  X: 21.089099884033203
  Y: 12.86970043182373
  Z: 66.4999008178711
aabbMin:
  X: -6.481410026550293
  Y: -0.2702600061893463
  Z: -3.150059938430786
boundingForTraverse: 13.139960289001465
bugMask: 0
cursorOffsetY: 0.5
instSizeCafe: -1
instSizeNx: 477152
sortKey: -2
terrainTextures:
- !u 0xffffff52
traverseDist: 300.0
