aabbMax:
  X: 0.7257159948348999
  Y: 1.3491400480270386
  Z: 0.726934015750885
aabbMin:
  X: -0.6823099851608276
  Y: -0.014593999832868576
  Z: -0.6618480086326599
boundingForTraverse: 1.3637340068817139
bugMask: 0
cursorOffsetY: 0.5
instSizeCafe: 17716
instSizeNx: 75656
sortKey: 0
