aabbMax:
  X: 72.24040222167969
  Y: 123.01799774169922
  Z: 79.18319702148438
aabbMin:
  X: -69.72820281982422
  Y: 14.646499633789062
  Z: -37.81760025024414
boundingForTraverse: 108.37149810791016
bugMask: 0
cursorOffsetY: 0.5
instSizeCafe: 50816
instSizeNx: -1
sortKey: 0
terrainTextures:
- 959455767
traverseDist: 683.9681396484375
