aabbMax:
  X: 31.74250030517578
  Y: 61.75170135498047
  Z: 4.282750129699707
aabbMin:
  X: -30.391000747680664
  Y: -1.255329966545105
  Z: -18.023700714111328
boundingForTraverse: 63.00703048706055
bugMask: 0
cursorOffsetY: 0.5
instSizeCafe: 17776
instSizeNx: -1
sortKey: 0
traverseDist: 1500.0
