aabbMax:
  X: 35.426998138427734
  Y: 26.564199447631836
  Z: 11.033499717712402
aabbMin:
  X: -35.357200622558594
  Y: -1.8931100368499756
  Z: -7.731550216674805
boundingForTraverse: 28.45730972290039
bugMask: 0
cursorOffsetY: 0.5
instSizeCafe: -1
instSizeNx: 75656
sortKey: 0
traverseDist: 3000.0
