aabbMax:
  X: 35.079200744628906
  Y: 15.95680046081543
  Z: 3.752530097961426
aabbMin:
  X: -3.3465700149536133
  Y: -0.16250599920749664
  Z: -39.14699935913086
boundingForTraverse: 16.119306564331055
bugMask: 0
cursorOffsetY: 0.5
instSizeCafe: 193112
instSizeNx: -1
sortKey: 5147
terrainTextures:
- !u 0xff521d11
traverseDist: 300.0
