aabbMax:
  X: 7.2598700523376465
  Y: 14.477999687194824
  Z: 10.077799797058105
aabbMin:
  X: -6.99960994720459
  Y: -0.05375999957323074
  Z: -10.685700416564941
boundingForTraverse: 14.531760215759277
bugMask: 0
instSizeCafe: 141888
instSizeNx: -1
sortKey: 0
traverseDist: 2000.0
