aabbMax:
  X: 44.61750030517578
  Y: 18.358999252319336
  Z: 71.50189971923828
aabbMin:
  X: -44.61750030517578
  Y: -4.800000190734863
  Z: -71.50189971923828
boundingForTraverse: 23.159000396728516
bugMask: 0
cursorOffsetY: 0.5
instSizeCafe: 118860
instSizeNx: -1
sortKey: -10
traverseDist: 668.5614624023438
