aabbMax:
  X: 4.107769966125488
  Y: 6.106480121612549
  Z: 1.3203200101852417
aabbMin:
  X: -4.098780155181885
  Y: -0.21484699845314026
  Z: -3.849600076675415
boundingForTraverse: 6.321327209472656
bugMask: 0
instSizeCafe: -1
instSizeNx: 186384
sortKey: 0
traverseDist: 400.0
