aabbMax:
  X: 0.5510770082473755
  Y: 2.68503999710083
  Z: 0.38697999715805054
aabbMin:
  X: -1.370419979095459
  Y: -0.33175599575042725
  Z: -0.3342689871788025
boundingForTraverse: 3.016796112060547
bugMask: 1
cursorOffsetY: 1.2000000476837158
instSizeCafe: 46192
instSizeNx: -1
rigidBodyCenterY: 1.77114999294281
sortKey: 2
traverseDist: 50.0
