aabbMax:
  X: 11.759200096130371
  Y: 11.427200317382812
  Z: 6.439859867095947
aabbMin:
  X: -6.962430000305176
  Y: 0.24020899832248688
  Z: -5.57889986038208
boundingForTraverse: 11.186991691589355
bugMask: 0
cursorOffsetY: 0.5
instSizeCafe: 213296
instSizeNx: -1
sortKey: 1
