aabbMax:
  X: 3.7316699028015137
  Y: 9.969949722290039
  Z: 3.5823800563812256
aabbMin:
  X: -3.1177101135253906
  Y: -0.22850799560546875
  Z: -2.4934000968933105
boundingForTraverse: 10.198457717895508
bugMask: 0
cursorOffsetY: 0.5
instSizeCafe: 120956
instSizeNx: -1
sortKey: 10
