aabbMax:
  X: 7.245409965515137
  Y: 7.484610080718994
  Z: 5.028550148010254
aabbMin:
  X: -7.91609001159668
  Y: 2.8816099166870117
  Z: -4.904469966888428
boundingForTraverse: 4.603000164031982
bugMask: 0
cursorOffsetY: 0.5
instSizeCafe: 101652
instSizeNx: -1
sortKey: 0
