aabbMax:
  X: 7.090199947357178
  Y: 4.677529811859131
  Z: 1.290179967880249
aabbMin:
  X: -3.1730499267578125
  Y: 1.5955499410629272
  Z: -8.402830123901367
boundingForTraverse: 3.081979990005493
bugMask: 0
cursorOffsetY: 0.5
instSizeCafe: -1
instSizeNx: 309400
sortKey: 0
