aabbMax:
  X: 1.0671000480651855
  Y: 1.2289899587631226
  Z: 1.6358400583267212
aabbMin:
  X: -1.0336899757385254
  Y: 0.0
  Z: -1.5532300472259521
boundingForTraverse: 1.2289899587631226
bugMask: 0
cursorOffsetY: 0.5
instSizeCafe: 17392
instSizeNx: -1
sortKey: -10
