aabbMax:
  X: 1.2057499885559082
  Y: 1.4720300436019897
  Z: 1.7799700498580933
aabbMin:
  X: -1.118649959564209
  Y: -3.000000106112566e-06
  Z: -1.6415899991989136
boundingForTraverse: 1.4720330238342285
bugMask: 0
cursorOffsetY: 0.5
instSizeCafe: 48256
instSizeNx: 145368
sortKey: 11
