aabbMax:
  X: 0.35717299580574036
  Y: 0.7641779780387878
  Z: 0.3603459894657135
aabbMin:
  X: -0.3593589961528778
  Y: 0.0
  Z: -0.35717299580574036
boundingForTraverse: 0.7641779780387878
bugMask: 0
cursorOffsetY: 0.5
instSizeCafe: 17140
instSizeNx: -1
sortKey: 20
