aabbMax:
  X: 2.8309099674224854
  Y: 0.5359020233154297
  Z: 0.9793819785118103
aabbMin:
  X: -2.3895599842071533
  Y: -0.5546630024909973
  Z: -0.9793819785118103
boundingForTraverse: 1.0905649662017822
bugMask: 0
cursorOffsetY: 0.5
instSizeCafe: 60772
instSizeNx: -1
sortKey: 0
