aabbMax:
  X: 4.7694501876831055
  Y: -4.781750202178955
  Z: 0.8793830275535583
aabbMin:
  X: -4.7694501876831055
  Y: -6.128960132598877
  Z: -0.8606629967689514
boundingForTraverse: 1.3472100496292114
bugMask: 0
cursorOffsetY: 0.5
instSizeCafe: 17972
instSizeNx: 75656
sortKey: 10
