aabbMax:
  X: 0.15130800008773804
  Y: 2.710779905319214
  Z: 0.15768399834632874
aabbMin:
  X: -1.4987900257110596
  Y: 0.004666999913752079
  Z: -0.15164099633693695
boundingForTraverse: 2.70611310005188
bugMask: 3
cursorOffsetY: 0.5
instSizeCafe: -1
instSizeNx: 147584
rigidBodyCenterY: 1.350000023841858
sortKey: -1
traverseDist: 200.0
