aabbMax:
  X: 70.14920043945312
  Y: 38.79460144042969
  Z: 40.966400146484375
aabbMin:
  X: -71.22689819335938
  Y: -44.340301513671875
  Z: -35.58679962158203
boundingForTraverse: 83.13490295410156
bugMask: 0
instSizeCafe: -1
instSizeNx: 1579264
sortKey: -30
terrainTextures:
- !u 0xffff3b06
traverseDist: 660.7718505859375
