aabbMax:
  X: 0.3440900146961212
  Y: 0.9914960265159607
  Z: 0.34401199221611023
aabbMin:
  X: -0.3442629873752594
  Y: -0.00042100000428035855
  Z: -0.3443410098552704
boundingForTraverse: 0.9919170141220093
bugMask: 3
cursorOffsetY: 0.5
instSizeCafe: -1
instSizeNx: 113832
rigidBodyCenterY: 0.5062599778175354
sortKey: 9
