aabbMax:
  X: 0.4109799861907959
  Y: 1.0647599697113037
  Z: 0.48224300146102905
aabbMin:
  X: -0.4109190106391907
  Y: 0.025891000404953957
  Z: -0.012013999745249748
boundingForTraverse: 1.038869023323059
bugMask: 3
cursorOffsetY: 0.5
instSizeCafe: 61716
instSizeNx: -1
rigidBodyCenterY: 0.710224986076355
sortKey: -8
