aabbMax:
  X: 6.280389785766602
  Y: 22.657400131225586
  Z: 5.588659763336182
aabbMin:
  X: -7.664989948272705
  Y: -0.011688999831676483
  Z: -8.325429916381836
boundingForTraverse: 22.669090270996094
bugMask: 0
instSizeCafe: 176636
instSizeNx: -1
sortKey: 5
traverseDist: 2000.0
