aabbMax:
  X: 21.611499786376953
  Y: 16.755599975585938
  Z: 17.452299118041992
aabbMin:
  X: -21.610700607299805
  Y: -0.006969999987632036
  Z: -14.531800270080566
boundingForTraverse: 16.762571334838867
bugMask: 0
cursorOffsetY: 0.5
instSizeCafe: 122044
instSizeNx: -1
sortKey: 0
traverseDist: 1000.0
