aabbMax:
  X: 1.8612799644470215
  Y: 1.643239974975586
  Z: 0.3001820147037506
aabbMin:
  X: -1.740090012550354
  Y: -0.021873999387025833
  Z: -0.2553820013999939
boundingForTraverse: 1.6651140451431274
bugMask: 0
instSizeCafe: 28180
instSizeNx: -1
sortKey: 28
