aabbMax:
  X: 3.6803700923919678
  Y: 66.28679656982422
  Z: 6.117909908294678
aabbMin:
  X: -3.655179977416992
  Y: -0.4617690145969391
  Z: -14.771699905395508
boundingForTraverse: 66.74856567382812
bugMask: 0
cursorOffsetY: 0.5
instSizeCafe: 18348
instSizeNx: -1
sortKey: 0
traverseDist: 2000.0
