aabbMax:
  X: 0.6236330270767212
  Y: 0.8805879950523376
  Z: 0.5300329923629761
aabbMin:
  X: -0.45578598976135254
  Y: -0.014259000308811665
  Z: -0.5958549976348877
boundingForTraverse: 0.8948469758033752
bugMask: 0
cursorOffsetY: 0.5
instSizeCafe: -1
instSizeNx: 120768
sortKey: 17
traverseDist: 150.0
