aabbMax:
  X: 106.63600158691406
  Y: 52.54710006713867
  Z: 86.78469848632812
aabbMin:
  X: -106.09100341796875
  Y: -52.37919998168945
  Z: -86.87349700927734
boundingForTraverse: 104.92630004882812
bugMask: 0
cursorOffsetY: 0.5
instSizeCafe: 18036
instSizeNx: -1
sortKey: 0
traverseDist: 5000.0
