aabbMax:
  X: 13.246899604797363
  Y: 11.076700210571289
  Z: 6.639739990234375
aabbMin:
  X: -16.795299530029297
  Y: -3.3756000995635986
  Z: -24.79829978942871
boundingForTraverse: 14.452300071716309
bugMask: 0
instSizeCafe: 136856
instSizeNx: -1
sortKey: -5
traverseDist: 300.0
