aabbMax:
  X: 12.76200008392334
  Y: 15.855400085449219
  Z: 23.695199966430664
aabbMin:
  X: -12.76200008392334
  Y: -0.20001499354839325
  Z: -23.695100784301758
boundingForTraverse: 16.0554141998291
bugMask: 0
cursorOffsetY: 0.5
instSizeCafe: 183668
instSizeNx: -1
sortKey: 5143
terrainTextures:
- !u 0xffffff52
traverseDist: 300.0
