aabbMax:
  X: 3.030910015106201
  Y: 7.379260063171387
  Z: 0.27803999185562134
aabbMin:
  X: -3.030910015106201
  Y: 0.049998000264167786
  Z: -0.27803999185562134
boundingForTraverse: 7.329261779785156
bugMask: 3
cursorOffsetY: 0.5
instSizeCafe: 36840
instSizeNx: -1
rigidBodyCenterY: 3.047379970550537
sortKey: -18
