aabbMax:
  X: 55.43259811401367
  Y: 154.99200439453125
  Z: 40.74610137939453
aabbMin:
  X: -55.34669876098633
  Y: 0.5574679970741272
  Z: -33.679298400878906
boundingForTraverse: 154.43453979492188
bugMask: 0
cursorOffsetY: 0.5
instSizeCafe: -1
instSizeNx: 415720
sortKey: -2
terrainTextures:
- !u 0xffffff40
traverseDist: 633.4586181640625
