aabbMax:
  X: 1.354200005531311
  Y: 0.057624999433755875
  Z: 0.7151970267295837
aabbMin:
  X: -1.4381099939346313
  Y: -0.06208699941635132
  Z: -0.7562400102615356
boundingForTraverse: 0.11971300095319748
bugMask: 0
cursorOffsetY: 0.5
instSizeCafe: 17136
instSizeNx: -1
sortKey: 0
