aabbMax:
  X: 5.420300006866455
  Y: 5.86191987991333
  Z: 12.090499877929688
aabbMin:
  X: -6.036399841308594
  Y: 0.4900810122489929
  Z: -6.514790058135986
boundingForTraverse: 5.3718390464782715
bugMask: 0
cursorOffsetY: 0.5
instSizeCafe: 178784
instSizeNx: -1
sortKey: 2
