aabbMax:
  X: 1.3586900234222412
  Y: 2.6992199420928955
  Z: 0.1540530025959015
aabbMin:
  X: -1.3588099479675293
  Y: 0.0
  Z: -0.10107400268316269
boundingForTraverse: 2.6992199420928955
bugMask: 3
cursorOffsetY: 0.5
instSizeCafe: 53632
instSizeNx: -1
rigidBodyCenterY: 1.3495700359344482
sortKey: 0
traverseDist: 200.0
