aabbMax:
  X: 0.2376900017261505
  Y: 0.028040999546647072
  Z: 0.06228800117969513
aabbMin:
  X: -0.2376910001039505
  Y: -1.87663996219635
  Z: -0.10666699707508087
boundingForTraverse: 1.9046809673309326
bugMask: 0
cursorOffsetY: 0.5
instSizeCafe: 39028
instSizeNx: -1
sortKey: 2
