aabbMax:
  X: 1.7960400581359863
  Y: 2.827199935913086
  Z: 1.7960400581359863
aabbMin:
  X: -1.7960400581359863
  Y: 0.013155999593436718
  Z: -1.7960400581359863
boundingForTraverse: 2.8140439987182617
bugMask: 3
cursorOffsetY: 0.5
instSizeCafe: 65608
instSizeNx: 166280
rigidBodyCenterY: 1.5264899730682373
sortKey: -30
