aabbMax:
  X: 49.59600067138672
  Y: 37.892601013183594
  Z: 28.056800842285156
aabbMin:
  X: -49.59600067138672
  Y: -43.257598876953125
  Z: -27.86680030822754
boundingForTraverse: 81.15019989013672
bugMask: 0
cursorOffsetY: 0.5
instSizeCafe: 191860
instSizeNx: -1
sortKey: -6
traverseDist: 613.8705444335938
