aabbMax:
  X: 11.984100341796875
  Y: 10.476799964904785
  Z: 1.5045599937438965
aabbMin:
  X: -12.425600051879883
  Y: -1.7353899478912354
  Z: -45.385398864746094
boundingForTraverse: 12.212189674377441
bugMask: 0
cursorOffsetY: 0.5
instSizeCafe: 91784
instSizeNx: -1
sortKey: 0
terrainTextures:
- !u 0xffffff1a
traverseDist: 552.863037109375
