aabbMax:
  X: 7.838170051574707
  Y: 25.069299697875977
  Z: 9.062239646911621
aabbMin:
  X: -7.96396017074585
  Y: -0.2345539927482605
  Z: -7.386509895324707
boundingForTraverse: 25.30385398864746
bugMask: 0
instSizeCafe: 315548
instSizeNx: -1
sortKey: -1
traverseDist: 522.8093872070312
