aabbMax:
  X: 42.44599914550781
  Y: 27.886199951171875
  Z: 116.9530029296875
aabbMin:
  X: -53.55270004272461
  Y: -29.212299346923828
  Z: -125.95899963378906
boundingForTraverse: 57.0984992980957
bugMask: 0
cursorOffsetY: 0.5
instSizeCafe: 58848
instSizeNx: -1
sortKey: 6
terrainTextures:
- !u 0xff1d110c
traverseDist: 500.0
