aabbMax:
  X: 0.5399600267410278
  Y: 0.6469380259513855
  Z: 0.32148998975753784
aabbMin:
  X: -0.3206689953804016
  Y: 0.0
  Z: -0.3392840027809143
boundingForTraverse: 0.6469380259513855
bugMask: 0
cursorOffsetY: 0.5
instSizeCafe: 38044
instSizeNx: -1
sortKey: 0
