aabbMax:
  X: -0.0023960000835359097
  Y: 1.3091299533843994
  Z: 0.5415409803390503
aabbMin:
  X: -0.7629680037498474
  Y: -0.00671500014141202
  Z: -0.62739497423172
boundingForTraverse: 1.315845012664795
bugMask: 0
cursorOffsetY: 0.5
instSizeCafe: 38580
instSizeNx: -1
sortKey: 2
