aabbMax:
  X: 0.6632450222969055
  Y: 2.205359935760498
  Z: 0.1571269929409027
aabbMin:
  X: -0.6910229921340942
  Y: 1.100000023841858
  Z: -0.05172299966216087
boundingForTraverse: 1.1053600311279297
bugMask: 3
cursorOffsetY: 0.5
instSizeCafe: -1
instSizeNx: 152992
rigidBodyCenterY: 1.712980031967163
sortKey: -30
traverseDist: 150.0
