aabbMax:
  X: 4.383080005645752
  Y: 0.4583730101585388
  Z: 4.074689865112305
aabbMin:
  X: -5.052480220794678
  Y: -0.25492599606513977
  Z: -2.882740020751953
boundingForTraverse: 0.7132989764213562
bugMask: 0
cursorOffsetY: 0.5
instSizeCafe: 49856
instSizeNx: -1
sortKey: 9
traverseDist: 300.0
