aabbMax:
  X: 3.7170701026916504
  Y: 11.298999786376953
  Z: 0.6385059952735901
aabbMin:
  X: -1.2572100162506104
  Y: -0.9245910048484802
  Z: -0.7052469849586487
boundingForTraverse: 12.223590850830078
bugMask: 0
cursorOffsetY: 0.5
instSizeCafe: 39316
instSizeNx: -1
rigidBodyCenterY: 4.326159954071045
sortKey: -15
traverseDist: 500.0
