aabbMax:
  X: 12.48859977722168
  Y: 5.918059825897217
  Z: 7.586490154266357
aabbMin:
  X: -14.876500129699707
  Y: 0.7599040269851685
  Z: -8.507550239562988
boundingForTraverse: 5.158155918121338
bugMask: 0
cursorOffsetY: 0.5
instSizeCafe: -1
instSizeNx: 546880
sortKey: 1
