aabbMax:
  X: 22.17140007019043
  Y: 56.71390151977539
  Z: 3.034759998321533
aabbMin:
  X: -22.17140007019043
  Y: -0.10527600347995758
  Z: -18.169300079345703
boundingForTraverse: 56.819175720214844
bugMask: 0
cursorOffsetY: 0.5
instSizeCafe: 117236
instSizeNx: -1
sortKey: -23
traverseDist: 500.0
