aabbMax:
  X: 0.5866659879684448
  Y: 0.2629390060901642
  Z: 0.4423829913139343
aabbMin:
  X: -0.5822439789772034
  Y: -0.025436000898480415
  Z: -0.3974609971046448
boundingForTraverse: 0.28837499022483826
bugMask: 1
cursorOffsetY: 0.30000001192092896
instSizeCafe: 31792
instSizeNx: -1
sortKey: -4
