aabbMax:
  X: 10.0
  Y: 14.399999618530273
  Z: 3.700000047683716
aabbMin:
  X: 0.0
  Y: -1.5
  Z: -3.700000047683716
boundingForTraverse: 15.899999618530273
bugMask: 0
cursorOffsetY: 0.5
instSizeCafe: -1
instSizeNx: 186384
sortKey: 0
traverseDist: 512.4402465820312
