aabbMax:
  X: 1.457800030708313
  Y: 0.40142300724983215
  Z: 0.771714985370636
aabbMin:
  X: -1.887529969215393
  Y: -0.14342300593852997
  Z: -0.8715810179710388
boundingForTraverse: 0.5448459982872009
bugMask: 0
cursorOffsetY: 0.5
instSizeCafe: 27608
instSizeNx: 96160
sortKey: 6
