aabbMax:
  X: 14.17140007019043
  Y: 13.05150032043457
  Z: 6.093929767608643
aabbMin:
  X: -63.21580123901367
  Y: -0.6038619875907898
  Z: -22.689199447631836
boundingForTraverse: 13.655362129211426
bugMask: 0
cursorOffsetY: 0.5
instSizeCafe: 203292
instSizeNx: -1
sortKey: 5141
terrainTextures:
- 1397890321
traverseDist: 300.0
