aabbMax:
  X: 21.93869972229004
  Y: 11.072600364685059
  Z: 39.326698303222656
aabbMin:
  X: -18.875200271606445
  Y: -2.1946699619293213
  Z: 21.944700241088867
boundingForTraverse: 13.2672700881958
bugMask: 0
cursorOffsetY: 0.5
instSizeCafe: -1
instSizeNx: 231496
sortKey: 0
traverseDist: 1000.0
