aabbMax:
  X: 7.075109958648682
  Y: 7.811999797821045
  Z: 6.70619010925293
aabbMin:
  X: -11.724599838256836
  Y: 0.3336940109729767
  Z: -5.4703898429870605
boundingForTraverse: 7.478305816650391
bugMask: 0
cursorOffsetY: 0.5
instSizeCafe: -1
instSizeNx: 477168
sortKey: 0
