aabbMax:
  X: 16.51300048828125
  Y: 12.703800201416016
  Z: 15.989700317382812
aabbMin:
  X: -14.825400352478027
  Y: -1.8552900552749634
  Z: -17.653099060058594
boundingForTraverse: 14.559090614318848
bugMask: 0
instSizeCafe: 229664
instSizeNx: 559176
sortKey: -3
traverseDist: 500.0
