aabbMax:
  X: 20.59510040283203
  Y: 0.23464900255203247
  Z: 6.4313201904296875
aabbMin:
  X: -20.88990020751953
  Y: -34.742401123046875
  Z: -6.0296502113342285
boundingForTraverse: 34.97705078125
bugMask: 0
cursorOffsetY: 0.5
instSizeCafe: 40220
instSizeNx: -1
sortKey: -12
terrainTextures:
- 1344082188
traverseDist: 543.3160400390625
