aabbMax:
  X: 2.5003700256347656
  Y: 5.353419780731201
  Z: 2.5481300354003906
aabbMin:
  X: -3.3229899406433105
  Y: -0.3119499981403351
  Z: -2.382200002670288
boundingForTraverse: 5.665369987487793
bugMask: 0
cursorOffsetY: 0.5
instSizeCafe: -1
instSizeNx: 120768
sortKey: 0
