aabbMax:
  X: 341.48699951171875
  Y: 9.506059646606445
  Z: 365.7879943847656
aabbMin:
  X: -340.26300048828125
  Y: -12.42490005493164
  Z: -366.21099853515625
boundingForTraverse: 21.930959701538086
bugMask: 0
cursorOffsetY: 0.5
instSizeCafe: 17772
instSizeNx: -1
sortKey: 0
traverseDist: 5000.0
