aabbMax:
  X: 7.528870105743408
  Y: 58.813899993896484
  Z: 7.2175798416137695
aabbMin:
  X: -7.513390064239502
  Y: -0.1423420011997223
  Z: -21.024099349975586
boundingForTraverse: 58.956241607666016
bugMask: 0
cursorOffsetY: 0.5
instSizeCafe: 18348
instSizeNx: -1
sortKey: 0
traverseDist: 3000.0
