aabbMax:
  X: 38.599098205566406
  Y: 47.918800354003906
  Z: 24.99530029296875
aabbMin:
  X: -39.73820114135742
  Y: -8.65095043182373
  Z: -25.512699127197266
boundingForTraverse: 56.56975173950195
bugMask: 0
instSizeCafe: 383556
instSizeNx: -1
rigidBodyCenterY: -0.9027870297431946
sortKey: 0
terrainTextures:
- !u 0xffffff3b
traverseDist: 500.0
