aabbMax:
  X: 5.535039901733398
  Y: 12.86970043182373
  Z: 8.154350280761719
aabbMin:
  X: -34.27199935913086
  Y: -0.33283698558807373
  Z: -51.41469955444336
boundingForTraverse: 13.202537536621094
bugMask: 0
cursorOffsetY: 0.5
instSizeCafe: 183284
instSizeNx: -1
sortKey: 5144
terrainTextures:
- !u 0xffffff52
traverseDist: 300.0
