aabbMax:
  X: 9.306489944458008
  Y: 5.121570110321045
  Z: 8.638480186462402
aabbMin:
  X: -10.320199966430664
  Y: -2.2024600505828857
  Z: -4.913869857788086
boundingForTraverse: 7.324029922485352
bugMask: 0
cursorOffsetY: 0.5
instSizeCafe: 123412
instSizeNx: -1
sortKey: 12
traverseDist: 300.0
