aabbMax:
  X: 8.64957046508789
  Y: 1.8890600204467773
  Z: 5.477459907531738
aabbMin:
  X: -20.371000289916992
  Y: -2.979749917984009
  Z: -6.251810073852539
boundingForTraverse: 4.868810176849365
bugMask: 0
cursorOffsetY: 0.5
instSizeCafe: -1
instSizeNx: 1108320
sortKey: 2
