aabbMax:
  X: 30.793699264526367
  Y: 62.63650131225586
  Z: 4.1999101638793945
aabbMin:
  X: -30.376399993896484
  Y: -1.0281800031661987
  Z: -18.01449966430664
boundingForTraverse: 63.66468048095703
bugMask: 0
cursorOffsetY: 0.5
instSizeCafe: -1
instSizeNx: 342200
sortKey: 0
terrainTextures:
- !u 0xffffff08
traverseDist: 565.078857421875
