aabbMax:
  X: 105.11199951171875
  Y: 29.881500244140625
  Z: 111.45899963378906
aabbMin:
  X: -105.11199951171875
  Y: -30.806299209594727
  Z: -82.97160339355469
boundingForTraverse: 60.68779754638672
bugMask: 0
cursorOffsetY: 0.5
instSizeCafe: 161124
instSizeNx: -1
sortKey: -18
terrainTextures:
- 1344082188
traverseDist: 786.3518676757812
