aabbMax:
  X: 0.27720001339912415
  Y: 1.030769944190979
  Z: 0.26908499002456665
aabbMin:
  X: -0.27004700899124146
  Y: 0.0
  Z: -0.2835789918899536
boundingForTraverse: 1.030769944190979
bugMask: 3
cursorOffsetY: 0.5
instSizeCafe: -1
instSizeNx: 113784
rigidBodyCenterY: 0.369394987821579
sortKey: 13
