aabbMax:
  X: 4.769309997558594
  Y: 15.55679988861084
  Z: 2.9655399322509766
aabbMin:
  X: -4.76839017868042
  Y: 0.0
  Z: -3.4951300621032715
boundingForTraverse: 15.55679988861084
bugMask: 3
cursorOffsetY: 5.0
instSizeCafe: 57944
instSizeNx: 144496
lookAtOffsetY: 3.0
rigidBodyCenterY: 8.433039665222168
sortKey: 0
traverseDist: 300.0
