aabbMax:
  X: 0.0
  Y: 1.6036399602890015
  Z: 8.638480186462402
aabbMin:
  X: -2.31919002532959
  Y: -0.6777169704437256
  Z: -4.913869857788086
boundingForTraverse: 2.2813570499420166
bugMask: 0
cursorOffsetY: 0.5
instSizeCafe: -1
instSizeNx: 165880
sortKey: 19
traverseDist: 300.0
