aabbMax:
  X: 4.970260143280029
  Y: 14.399999618530273
  Z: 4.255579948425293
aabbMin:
  X: -4.970260143280029
  Y: -1.5
  Z: -3.714400053024292
boundingForTraverse: 15.899999618530273
bugMask: 0
cursorOffsetY: 0.5
instSizeCafe: -1
instSizeNx: 186384
sortKey: 0
traverseDist: 512.7410278320312
