aabbMax:
  X: 120.56999969482422
  Y: 66.95349884033203
  Z: 213.02000427246094
aabbMin:
  X: -120.41400146484375
  Y: -67.61190032958984
  Z: -109.35399627685547
boundingForTraverse: 134.56539916992188
bugMask: 0
cursorOffsetY: 0.5
instSizeCafe: 18348
instSizeNx: -1
sortKey: 0
traverseDist: 5000.0
