aabbMax:
  X: 75.6489028930664
  Y: 62.89970016479492
  Z: 114.822998046875
aabbMin:
  X: -80.21530151367188
  Y: -63.465599060058594
  Z: -107.7020034790039
boundingForTraverse: 126.36529541015625
bugMask: 0
cursorOffsetY: 0.5
instSizeCafe: -1
instSizeNx: 555104
sortKey: -18
terrainTextures:
- 1344082188
traverseDist: 771.6818237304688
