aabbMax:
  X: 6.215410232543945
  Y: 16.67340087890625
  Z: 0.1772730052471161
aabbMin:
  X: -6.215410232543945
  Y: -11.597599983215332
  Z: -26.861299514770508
boundingForTraverse: 28.270999908447266
bugMask: 0
cursorOffsetY: 0.5
instSizeCafe: -1
instSizeNx: 354520
sortKey: -2
traverseDist: 300.0
