aabbMax:
  X: 0.27727699279785156
  Y: 0.4942210018634796
  Z: 0.27727600932121277
aabbMin:
  X: -0.27727699279785156
  Y: 0.0
  Z: -0.27727699279785156
boundingForTraverse: 0.4942210018634796
bugMask: 0
cursorOffsetY: 0.5
instSizeCafe: 17968
instSizeNx: -1
sortKey: 0
traverseDist: 300.0
