aabbMax:
  X: 4.591050148010254
  Y: 1.9704999923706055
  Z: 17.648000717163086
aabbMin:
  X: -7.904679775238037
  Y: -4.299520015716553
  Z: -0.7030280232429504
boundingForTraverse: 6.270020008087158
bugMask: 0
cursorOffsetY: 0.5
instSizeCafe: -1
instSizeNx: 743744
sortKey: 2
