aabbMax:
  X: 0.7863289713859558
  Y: 1.4260400533676147
  Z: 0.8651540279388428
aabbMin:
  X: -0.7453070282936096
  Y: -0.4757460057735443
  Z: -0.636489987373352
boundingForTraverse: 1.901785969734192
bugMask: 2
instSizeCafe: -1
instSizeNx: 82448
sortKey: 0
