aabbMax:
  X: 0.27720001339912415
  Y: 0.9750869870185852
  Z: 0.26908499002456665
aabbMin:
  X: -0.27004700899124146
  Y: 0.0
  Z: -0.2835789918899536
boundingForTraverse: 0.9750869870185852
bugMask: 3
cursorOffsetY: 0.5
instSizeCafe: 42632
instSizeNx: -1
rigidBodyCenterY: 0.41136398911476135
sortKey: 12
