aabbMax:
  X: 9.866450309753418
  Y: 37.51530075073242
  Z: 10.22659969329834
aabbMin:
  X: -15.441900253295898
  Y: -120.21700286865234
  Z: -10.495400428771973
boundingForTraverse: 157.7322998046875
bugMask: 0
instSizeCafe: 18544
instSizeNx: -1
sortKey: -6
terrainTextures:
- !u 0xffffff3e
traverseDist: 532.7095336914062
