aabbMax:
  X: 20.0
  Y: 13.430100440979004
  Z: 3.700000047683716
aabbMin:
  X: 0.0
  Y: -1.5
  Z: -3.700000047683716
boundingForTraverse: 14.930100440979004
bugMask: 0
cursorOffsetY: 0.5
instSizeCafe: 95240
instSizeNx: -1
sortKey: 0
traverseDist: 521.3250732421875
