aabbMax:
  X: 80.43509674072266
  Y: 34.99580001831055
  Z: 109.67400360107422
aabbMin:
  X: -81.0447006225586
  Y: -35.35110092163086
  Z: -109.76499938964844
boundingForTraverse: 70.3469009399414
bugMask: 0
cursorOffsetY: 0.5
instSizeCafe: 17812
instSizeNx: 75656
sortKey: 0
traverseDist: 5000.0
