aabbMax:
  X: 25.98699951171875
  Y: 10.863699913024902
  Z: 25.50909996032715
aabbMin:
  X: -25.98699951171875
  Y: -24.0
  Z: -26.002300262451172
boundingForTraverse: 34.86370086669922
bugMask: 0
cursorOffsetY: 0.5
instSizeCafe: -1
instSizeNx: 498320
sortKey: 6
terrainTextures:
- !u 0xffffff40
traverseDist: 573.1759643554688
