aabbMax:
  X: 33.714298248291016
  Y: 111.51599884033203
  Z: 25.146400451660156
aabbMin:
  X: -30.612600326538086
  Y: -183.06300354003906
  Z: -30.913700103759766
boundingForTraverse: 294.5790100097656
bugMask: 0
instSizeCafe: 17136
instSizeNx: -1
sortKey: 0
traverseDist: 3000.0
