aabbMax:
  X: 97.87539672851562
  Y: 71.18499755859375
  Z: 78.23069763183594
aabbMin:
  X: -104.08499908447266
  Y: -6.5
  Z: -95.0864028930664
boundingForTraverse: 77.68499755859375
bugMask: 0
cursorOffsetY: 0.5
instSizeCafe: 18432
instSizeNx: -1
sortKey: 0
terrainTextures:
- !u 0xffff1c03
traverseDist: 766.133056640625
