aabbMax:
  X: 21.27589988708496
  Y: 19.09869956970215
  Z: 19.35099983215332
aabbMin:
  X: -21.357500076293945
  Y: -1.265239953994751
  Z: -14.30720043182373
boundingForTraverse: 20.36393928527832
bugMask: 0
cursorOffsetY: 0.5
instSizeCafe: -1
instSizeNx: 150224
rigidBodyCenterY: 5.523449897766113
sortKey: -1
