aabbMax:
  X: 6.692689895629883
  Y: 73.3447036743164
  Z: 6.645890235900879
aabbMin:
  X: -7.612229824066162
  Y: 24.25349998474121
  Z: -6.5919599533081055
boundingForTraverse: 49.09120178222656
bugMask: 0
cursorOffsetY: 0.5
instSizeCafe: 45996
instSizeNx: -1
sortKey: 0
traverseDist: 1000.0
