aabbMax:
  X: 93.10220336914062
  Y: 71.19210052490234
  Z: 85.31220245361328
aabbMin:
  X: -92.68340301513672
  Y: -69.643798828125
  Z: -86.09200286865234
boundingForTraverse: 140.83590698242188
bugMask: 0
cursorOffsetY: 0.5
instSizeCafe: 18348
instSizeNx: -1
sortKey: 0
traverseDist: 5000.0
