aabbMax:
  X: 9.114629745483398
  Y: 3.700000047683716
  Z: 5.551420211791992
aabbMin:
  X: -20.25
  Y: -3.0
  Z: -6.400000095367432
boundingForTraverse: 6.699999809265137
bugMask: 0
cursorOffsetY: 0.5
instSizeCafe: 145984
instSizeNx: -1
sortKey: 26
