aabbMax:
  X: 28.102800369262695
  Y: 87.67980194091797
  Z: 23.514400482177734
aabbMin:
  X: -48.79690170288086
  Y: 7.584720134735107
  Z: -22.945100784301758
boundingForTraverse: 80.09508514404297
bugMask: 0
cursorOffsetY: 0.5
instSizeCafe: 17136
instSizeNx: -1
sortKey: 0
traverseDist: 1000.0
