aabbMax:
  X: 3.267810106277466
  Y: 8.416179656982422
  Z: 3.267810106277466
aabbMin:
  X: -3.267810106277466
  Y: -0.15498900413513184
  Z: -3.267810106277466
boundingForTraverse: 8.571168899536133
bugMask: 0
cursorOffsetY: 0.5
instSizeCafe: 80652
instSizeNx: -1
sortKey: 0
