aabbMax:
  X: 11.755200386047363
  Y: 8.04738998413086
  Z: 9.608329772949219
aabbMin:
  X: -7.4214701652526855
  Y: -0.9405050277709961
  Z: -7.756649971008301
boundingForTraverse: 8.987895011901855
bugMask: 0
instSizeCafe: 149532
instSizeNx: -1
sortKey: 0
terrainTextures:
- 622789632
- !u 0xffffff4c
traverseDist: 500.0
