aabbMax:
  X: 5.814459800720215
  Y: 12.741800308227539
  Z: 32.977298736572266
aabbMin:
  X: -41.424198150634766
  Y: -0.3231230080127716
  Z: -4.541200160980225
boundingForTraverse: 13.064923286437988
bugMask: 0
cursorOffsetY: 0.5
instSizeCafe: -1
instSizeNx: 448448
sortKey: -2
terrainTextures:
- !u 0xffffff52
traverseDist: 300.0
