aabbMax:
  X: 3.639940023422241
  Y: 66.71060180664062
  Z: 6.142670154571533
aabbMin:
  X: -3.6398000717163086
  Y: -0.375900000333786
  Z: -15.091300010681152
boundingForTraverse: 67.08650207519531
bugMask: 0
cursorOffsetY: 0.5
instSizeCafe: 105232
instSizeNx: -1
sortKey: 0
terrainTextures:
- !u 0xffffff08
traverseDist: 522.4472045898438
