aabbMax:
  X: 0.2927129864692688
  Y: 0.06021000072360039
  Z: 0.2095949947834015
aabbMin:
  X: -0.2927129864692688
  Y: -0.0003490000090096146
  Z: -0.2095949947834015
boundingForTraverse: 0.060559000819921494
bugMask: 1
cursorOffsetY: 0.30000001192092896
instSizeCafe: 45976
instSizeNx: -1
sortKey: 5
