aabbMax:
  X: 2.2271900177001953
  Y: 2.2025198936462402
  Z: 3.818350076675415
aabbMin:
  X: -2.2271900177001953
  Y: -0.5
  Z: -0.29616299271583557
boundingForTraverse: 2.7025198936462402
bugMask: 0
cursorOffsetY: 0.5
instSizeCafe: 30740
instSizeNx: -1
sortKey: 7
