aabbMax:
  X: 43.777198791503906
  Y: 9.961689949035645
  Z: 19.881999969482422
aabbMin:
  X: -44.114898681640625
  Y: -0.5
  Z: -37.27239990234375
boundingForTraverse: 10.461689949035645
bugMask: 0
cursorOffsetY: 0.5
instSizeCafe: 52092
instSizeNx: -1
sortKey: 0
traverseDist: 604.841064453125
