aabbMax:
  X: 0.7654280066490173
  Y: 2.3122000694274902
  Z: 0.5728669762611389
aabbMin:
  X: -0.774308979511261
  Y: 0.0
  Z: -0.5946710109710693
boundingForTraverse: 2.3122000694274902
bugMask: 3
cursorOffsetY: 0.5
instSizeCafe: 33204
instSizeNx: -1
lookAtOffsetY: 0.699999988079071
rigidBodyCenterY: 1.0264999866485596
sortKey: 0
