aabbMax:
  X: 40.94609832763672
  Y: 58.57720184326172
  Z: 50.458099365234375
aabbMin:
  X: -57.24369812011719
  Y: -3.0165700912475586
  Z: -37.73929977416992
boundingForTraverse: 61.593772888183594
bugMask: 0
cursorOffsetY: 0.5
instSizeCafe: -1
instSizeNx: 895224
sortKey: -8
terrainTextures:
- !u 0xffff5250
traverseDist: 631.9849243164062
