aabbMax:
  X: 11.96150016784668
  Y: 24.819299697875977
  Z: 11.758600234985352
aabbMin:
  X: -9.205659866333008
  Y: -0.3687500059604645
  Z: -9.839879989624023
boundingForTraverse: 25.18804931640625
bugMask: 0
instSizeCafe: 17140
instSizeNx: -1
sortKey: 0
traverseDist: 1000.0
