aabbMax:
  X: 1.2050299644470215
  Y: 9.533280372619629
  Z: 0.4495689868927002
aabbMin:
  X: -1.0654799938201904
  Y: 4.401169776916504
  Z: -1.8336299657821655
boundingForTraverse: 5.132111072540283
bugMask: 2
cursorOffsetY: 0.5
instSizeCafe: 33292
instSizeNx: -1
rigidBodyCenterY: 6.5612101554870605
sortKey: 6
traverseDist: 50.0
