aabbMax:
  X: 6.257629871368408
  Y: 3.296489953994751
  Z: 6.519959926605225
aabbMin:
  X: -5.055819988250732
  Y: -2.484679937362671
  Z: -6.490729808807373
boundingForTraverse: 5.781169891357422
bugMask: 0
cursorOffsetY: 0.5
instSizeCafe: -1
instSizeNx: 309408
sortKey: 26
