aabbMax:
  X: 13.06190013885498
  Y: 2.050729990005493
  Z: 4.699619770050049
aabbMin:
  X: -12.140000343322754
  Y: -19.207199096679688
  Z: -4.938139915466309
boundingForTraverse: 21.2579288482666
bugMask: 0
cursorOffsetY: 0.5
instSizeCafe: 17388
instSizeNx: -1
sortKey: 0
