aabbMax:
  X: 2.549999952316284
  Y: 2.9674999713897705
  Z: 2.9000000953674316
aabbMin:
  X: -2.700000047683716
  Y: -0.5
  Z: -2.799999952316284
boundingForTraverse: 3.4674999713897705
bugMask: 0
cursorOffsetY: 0.5
instSizeCafe: 73928
instSizeNx: 186384
sortKey: -2
