aabbMax:
  X: 3.6563000679016113
  Y: 8.349069595336914
  Z: 8.638420104980469
aabbMin:
  X: -5.278049945831299
  Y: -1.3326599597930908
  Z: -6.124370098114014
boundingForTraverse: 9.681729316711426
bugMask: 0
cursorOffsetY: 0.5
instSizeCafe: 300756
instSizeNx: 720536
rigidBodyCenterY: -1.2497299909591675
sortKey: -4
traverseDist: 1000.0
