aabbMax:
  X: 7.5
  Y: 58.762901306152344
  Z: 7.171080112457275
aabbMin:
  X: -7.5
  Y: -0.10527399927377701
  Z: -21.011600494384766
boundingForTraverse: 58.8681755065918
bugMask: 0
cursorOffsetY: 0.5
instSizeCafe: 119440
instSizeNx: -1
sortKey: -22
traverseDist: 531.9259033203125
