aabbMax:
  X: 0.22518199682235718
  Y: 1.0362299680709839
  Z: 0.2627139985561371
aabbMin:
  X: -0.22415299713611603
  Y: 0.0
  Z: -0.20029400289058685
boundingForTraverse: 1.0362299680709839
bugMask: 0
cursorOffsetY: 0.5
instSizeCafe: 18476
instSizeNx: -1
sortKey: -3
