aabbMax:
  X: 0.8832839727401733
  Y: 2.026249885559082
  Z: 0.8864200115203857
aabbMin:
  X: -0.916998028755188
  Y: -0.054297998547554016
  Z: -0.874284029006958
boundingForTraverse: 2.080548048019409
bugMask: 0
cursorOffsetY: 0.5
instSizeCafe: -1
instSizeNx: 165880
sortKey: -4
