aabbMax:
  X: 3.299999952316284
  Y: 0.6727749705314636
  Z: 4.419270038604736
aabbMin:
  X: -3.449810028076172
  Y: -2.299949884414673
  Z: -4.4411702156066895
boundingForTraverse: 2.9727249145507812
bugMask: 0
cursorOffsetY: 0.5
instSizeCafe: 17644
instSizeNx: -1
sortKey: 6
traverseDist: 511.1385498046875
