aabbMax:
  X: 2.7398600578308105
  Y: 29.15169906616211
  Z: 2.6498899459838867
aabbMin:
  X: -2.5625200271606445
  Y: -0.4847150146961212
  Z: -2.5245699882507324
boundingForTraverse: 29.63641357421875
bugMask: 0
cursorOffsetY: 0.5
instSizeCafe: 17140
instSizeNx: -1
sortKey: 0
