aabbMax:
  X: 0.12202499806880951
  Y: 13.434800148010254
  Z: 62.89580154418945
aabbMin:
  X: -75.10430145263672
  Y: -0.0204709991812706
  Z: -11.027700424194336
boundingForTraverse: 13.455270767211914
bugMask: 0
cursorOffsetY: 0.5
instSizeCafe: 17140
instSizeNx: -1
sortKey: 0
