aabbMax:
  X: 29.8927001953125
  Y: 60.23149871826172
  Z: 29.292499542236328
aabbMin:
  X: -29.81089973449707
  Y: -3.4026598930358887
  Z: -28.34510040283203
boundingForTraverse: 63.634159088134766
bugMask: 0
cursorOffsetY: 0.5
instSizeCafe: 17116
instSizeNx: -1
sortKey: 0
traverseDist: 1000.0
variationMatAnim: TwnObj_HyruleCastle_CitadelBase_A_01
variationMatAnimFrame: 0
