aabbMax:
  X: 7.687099933624268
  Y: 10.388099670410156
  Z: 17.596799850463867
aabbMin:
  X: -7.743150234222412
  Y: 1.14628005027771
  Z: -4.843120098114014
boundingForTraverse: 9.241819381713867
bugMask: 0
cursorOffsetY: 0.5
instSizeCafe: 102160
instSizeNx: -1
sortKey: 0
