aabbMax:
  X: 0.45794400572776794
  Y: 0.8552700281143188
  Z: 0.16202299296855927
aabbMin:
  X: -0.45794400572776794
  Y: 0.0
  Z: -0.16202299296855927
boundingForTraverse: 0.8552700281143188
bugMask: 3
cursorOffsetY: 0.5
instSizeCafe: 29888
instSizeNx: -1
rigidBodyCenterY: 0.41887399554252625
sortKey: -11
