aabbMax:
  X: 21.171899795532227
  Y: 4.925779819488525
  Z: 20.984399795532227
aabbMin:
  X: -21.781299591064453
  Y: -15.472100257873535
  Z: -19.734399795532227
boundingForTraverse: 20.39788055419922
bugMask: 3
cursorOffsetY: 0.5
instSizeCafe: 371264
instSizeNx: -1
rigidBodyCenterY: -0.9970030188560486
sortKey: 10
traverseDist: 200.0
