aabbMax:
  X: 1.2106200456619263
  Y: 0.7913119792938232
  Z: 0.06040000170469284
aabbMin:
  X: -1.2106200456619263
  Y: -0.6984540224075317
  Z: 0.0
boundingForTraverse: 1.489766001701355
bugMask: 0
cursorOffsetY: 0.5
instSizeCafe: 32308
instSizeNx: -1
rigidBodyCenterY: 0.04642900079488754
sortKey: 6
