aabbMax:
  X: 0.4996129870414734
  Y: 0.8170329928398132
  Z: 0.36927101016044617
aabbMin:
  X: -0.4722760021686554
  Y: -0.02752700075507164
  Z: -0.5530210137367249
boundingForTraverse: 0.8445600271224976
bugMask: 0
cursorOffsetY: 0.5
instSizeCafe: 58468
instSizeNx: 165880
sortKey: 0
