aabbMax:
  X: 9.461009979248047
  Y: 26.670900344848633
  Z: 12.501299858093262
aabbMin:
  X: -10.890700340270996
  Y: -1.0994900465011597
  Z: -12.17140007019043
boundingForTraverse: 27.770389556884766
bugMask: 0
instSizeCafe: 17776
instSizeNx: -1
sortKey: 0
traverseDist: 1000.0
