aabbMax:
  X: 139.21400451660156
  Y: 7.53863000869751
  Z: 138.95199584960938
aabbMin:
  X: -139.14199829101562
  Y: 0.5328559875488281
  Z: -40.006900787353516
boundingForTraverse: 7.005774021148682
bugMask: 0
cursorOffsetY: 0.5
instSizeCafe: 76808
instSizeNx: 194576
sortKey: -2
traverseDist: 400.0
