aabbMax:
  X: 4.103280067443848
  Y: 2.7791099548339844
  Z: 0.5473179817199707
aabbMin:
  X: -4.103280067443848
  Y: -0.11760099977254868
  Z: -0.5473179817199707
boundingForTraverse: 2.8967111110687256
bugMask: 0
instSizeCafe: -1
instSizeNx: 96160
sortKey: 0
traverseDist: 400.0
