aabbMax:
  X: 15.184599876403809
  Y: 8.357150077819824
  Z: 16.748899459838867
aabbMin:
  X: -16.75469970703125
  Y: -0.8292959928512573
  Z: -17.992799758911133
boundingForTraverse: 9.186446189880371
bugMask: 0
instSizeCafe: 232312
instSizeNx: -1
sortKey: -4
traverseDist: 500.0
