aabbMax:
  X: 21.319000244140625
  Y: 17.315900802612305
  Z: 18.58650016784668
aabbMin:
  X: -20.875600814819336
  Y: -2.025710105895996
  Z: -13.795000076293945
boundingForTraverse: 19.341609954833984
bugMask: 0
cursorOffsetY: 0.5
instSizeCafe: 102728
instSizeNx: -1
rigidBodyCenterY: 5.061950206756592
sortKey: -1
