aabbMax:
  X: 0.6036909818649292
  Y: 1.6740100383758545
  Z: 0.4934700131416321
aabbMin:
  X: -0.6036909818649292
  Y: 0.0
  Z: -0.4934700131416321
boundingForTraverse: 1.6740100383758545
bugMask: 3
cursorOffsetY: 0.5
instSizeCafe: -1
instSizeNx: 113752
rigidBodyCenterY: 0.9707919955253601
sortKey: 0
