aabbMax:
  X: 20.447599411010742
  Y: 0.7391589879989624
  Z: 19.673200607299805
aabbMin:
  X: -20.468599319458008
  Y: -13.087699890136719
  Z: -30.118000030517578
boundingForTraverse: 13.826859474182129
bugMask: 0
cursorOffsetY: 0.5
instSizeCafe: -1
instSizeNx: 236144
sortKey: 0
terrainTextures:
- !u 0xffffff40
traverseDist: 1000.0
