aabbMax:
  X: 30.095699310302734
  Y: 30.79759979248047
  Z: 18.172100067138672
aabbMin:
  X: -28.12380027770996
  Y: -1.604200005531311
  Z: -17.00349998474121
boundingForTraverse: 32.401798248291016
bugMask: 0
instSizeCafe: 384000
instSizeNx: 960696
sortKey: 0
traverseDist: 568.0208129882812
