aabbMax:
  X: 2.0
  Y: 0.75
  Z: 0.20000000298023224
aabbMin:
  X: -1.9500000476837158
  Y: -0.75
  Z: -0.20000000298023224
boundingForTraverse: 1.5
bugMask: 0
cursorOffsetY: 0.5
instSizeCafe: 17268
instSizeNx: -1
sortKey: 0
