aabbMax:
  X: 3.885509967803955
  Y: 3.0621399879455566
  Z: 3.2554800510406494
aabbMin:
  X: -28.4158992767334
  Y: -3.598949909210205
  Z: -3.147979974746704
boundingForTraverse: 6.661089897155762
bugMask: 0
instSizeCafe: 17140
instSizeNx: 75656
sortKey: 0
traverseDist: 1000.0
