aabbMax:
  X: 2.884500026702881
  Y: 5.173759937286377
  Z: 0.1632619947195053
aabbMin:
  X: -2.925869941711426
  Y: 4.047719955444336
  Z: -0.20149199664592743
boundingForTraverse: 1.126039981842041
bugMask: 0
cursorOffsetY: 0.5
instSizeCafe: 37788
instSizeNx: -1
sortKey: 15
