aabbMax:
  X: 1.411120057106018
  Y: 4.250259876251221
  Z: 2.453850030899048
aabbMin:
  X: -1.585010051727295
  Y: -0.3463220000267029
  Z: -2.382309913635254
boundingForTraverse: 4.596581935882568
bugMask: 0
cursorOffsetY: 0.5
instSizeCafe: 39708
instSizeNx: -1
sortKey: -4
traverseDist: 300.0
