aabbMax:
  X: 2.6168100833892822
  Y: 2.4639899730682373
  Z: 1.8465800285339355
aabbMin:
  X: -2.6168100833892822
  Y: -0.0498259998857975
  Z: 0.0
boundingForTraverse: 2.5138161182403564
bugMask: 0
cursorOffsetY: 0.5
instSizeCafe: 17644
instSizeNx: -1
sortKey: 9
