aabbMax:
  X: 21.0
  Y: 0.0
  Z: 9.462389945983887
aabbMin:
  X: -21.0
  Y: -30.170400619506836
  Z: -13.5
boundingForTraverse: 30.170400619506836
bugMask: 0
cursorOffsetY: 0.5
instSizeCafe: 19960
instSizeNx: 76088
sortKey: -1
traverseDist: 547.8672485351562
