aabbMax:
  X: 81.5114974975586
  Y: 31.40730094909668
  Z: 60.02220153808594
aabbMin:
  X: -126.33999633789062
  Y: -24.79439926147461
  Z: -230.2550048828125
boundingForTraverse: 56.201698303222656
bugMask: 0
cursorOffsetY: 0.5
instSizeCafe: 18068
instSizeNx: 75656
sortKey: 0
traverseDist: 5000.0
