aabbMax:
  X: 0.5150439739227295
  Y: 1.8980300426483154
  Z: 0.3848179876804352
aabbMin:
  X: -0.5719559788703918
  Y: 0.013081000186502934
  Z: -0.5747780203819275
boundingForTraverse: 1.884948968887329
bugMask: 0
cursorOffsetY: 0.5
instSizeCafe: 37784
instSizeNx: -1
sortKey: 2
