aabbMax:
  X: 1.2463699579238892
  Y: 6.4415202140808105
  Z: 0.43444401025772095
aabbMin:
  X: -1.2446600198745728
  Y: -0.2812260091304779
  Z: -0.6672499775886536
boundingForTraverse: 6.722745895385742
bugMask: 0
cursorOffsetY: 0.5
instSizeCafe: 70600
instSizeNx: -1
sortKey: -3
traverseDist: 300.0
