aabbMax:
  X: 5.356150150299072
  Y: 1.6334099769592285
  Z: 4.211349964141846
aabbMin:
  X: -5.260359764099121
  Y: -0.1787080019712448
  Z: -4.162899971008301
boundingForTraverse: 1.8121180534362793
bugMask: 0
cursorOffsetY: 0.5
instSizeCafe: -1
instSizeNx: 432064
sortKey: 4
terrainTextures:
- !u 0xffffff52
traverseDist: 200.0
