aabbMax:
  X: 10.381199836730957
  Y: 15.78030014038086
  Z: 10.706700325012207
aabbMin:
  X: -16.916900634765625
  Y: -0.21241599321365356
  Z: -9.065890312194824
boundingForTraverse: 15.992715835571289
bugMask: 0
instSizeCafe: -1
instSizeNx: 841800
sortKey: -5
terrainTextures:
- !u 0xffff1d11
traverseDist: 300.0
