aabbMax:
  X: 20.829299926757812
  Y: 10.390800476074219
  Z: 18.755699157714844
aabbMin:
  X: -21.357500076293945
  Y: -1.265239953994751
  Z: -14.979000091552734
boundingForTraverse: 11.65604019165039
bugMask: 0
cursorOffsetY: 0.5
instSizeCafe: -1
instSizeNx: 137904
rigidBodyCenterY: 3.1909101009368896
sortKey: -1
