aabbMax:
  X: 20.11590003967285
  Y: 9.05955982208252
  Z: 10.922699928283691
aabbMin:
  X: -7.1493000984191895
  Y: -9.399999618530273
  Z: -17.716400146484375
boundingForTraverse: 18.45956039428711
bugMask: 0
cursorOffsetY: 0.5
instSizeCafe: 249312
instSizeNx: -1
sortKey: 0
traverseDist: 539.542236328125
