aabbMax:
  X: 9.825050354003906
  Y: 5.7852301597595215
  Z: 58.84479904174805
aabbMin:
  X: -9.825050354003906
  Y: -40.41630172729492
  Z: -17.387100219726562
boundingForTraverse: 46.20153045654297
bugMask: 0
instSizeCafe: 39324
instSizeNx: -1
sortKey: -14
traverseDist: 578.7237548828125
