aabbMax:
  X: 6.937910079956055
  Y: 7.317249774932861
  Z: 2.7404398918151855
aabbMin:
  X: -6.937910079956055
  Y: -0.38691601157188416
  Z: -4.083139896392822
boundingForTraverse: 7.704165935516357
bugMask: 0
cursorOffsetY: 0.5
instSizeCafe: 258864
instSizeNx: -1
sortKey: -18
