aabbMax:
  X: 0.2750000059604645
  Y: 0.09807299822568893
  Z: 0.2199999988079071
aabbMin:
  X: -0.2750000059604645
  Y: 0.0
  Z: -0.2199999988079071
boundingForTraverse: 0.09807299822568893
bugMask: 0
cursorOffsetY: 0.5
instSizeCafe: 17140
instSizeNx: 75656
sortKey: -4
