aabbMax:
  X: 12.317999839782715
  Y: 0.0
  Z: 9.462389945983887
aabbMin:
  X: -13.83549976348877
  Y: -30.170400619506836
  Z: -8.651089668273926
boundingForTraverse: 30.170400619506836
bugMask: 0
cursorOffsetY: 0.5
instSizeCafe: 19960
instSizeNx: 76088
sortKey: 1
traverseDist: 531.8135986328125
