aabbMax:
  X: 9.284879684448242
  Y: 0.170973002910614
  Z: 4.040200233459473
aabbMin:
  X: -8.985679626464844
  Y: -18.061100006103516
  Z: -1.4877500534057617
boundingForTraverse: 18.232072830200195
bugMask: 0
cursorOffsetY: 0.5
instSizeCafe: 17136
instSizeNx: -1
sortKey: 0
