aabbMax:
  X: 0.17001299560070038
  Y: 2.74714994430542
  Z: 0.1515679955482483
aabbMin:
  X: -1.5199999809265137
  Y: -0.029999999329447746
  Z: -0.13716499507427216
boundingForTraverse: 2.7771499156951904
bugMask: 3
cursorOffsetY: 0.5
instSizeCafe: 73920
instSizeNx: -1
rigidBodyCenterY: 1.317620038986206
sortKey: 0
traverseDist: 200.0
