aabbMax:
  X: 4.129990100860596
  Y: 2.793760061264038
  Z: 4.655139923095703
aabbMin:
  X: -1.0630799531936646
  Y: -0.15490099787712097
  Z: -0.8048319816589355
boundingForTraverse: 2.9486610889434814
bugMask: 0
instSizeCafe: 16880
instSizeNx: -1
sortKey: -6
traverseDist: 500.0
