aabbMax:
  X: 12.86400032043457
  Y: 10.867799758911133
  Z: 11.798600196838379
aabbMin:
  X: -12.879400253295898
  Y: -1.5185999870300293
  Z: -13.651700019836426
boundingForTraverse: 12.38640022277832
bugMask: 1
cursorOffsetY: 0.5
instSizeCafe: 85124
instSizeNx: -1
rigidBodyCenterY: 5.611400127410889
sortKey: 0
traverseDist: 1000.0
