aabbMax:
  X: 0.6706969738006592
  Y: 3.1500000953674316
  Z: 0.19820299744606018
aabbMin:
  X: -0.6706969738006592
  Y: 0.1251000016927719
  Z: 0.0
boundingForTraverse: 3.024899959564209
bugMask: 1
cursorOffsetY: 0.5
instSizeCafe: -1
instSizeNx: 81864
rigidBodyCenterY: 1.529379963874817
sortKey: -7
