aabbMax:
  X: 1.6050100326538086
  Y: 12.743800163269043
  Z: 1.748610019683838
aabbMin:
  X: -1.5897400379180908
  Y: 0.0
  Z: -1.7599400281906128
boundingForTraverse: 12.743800163269043
bugMask: 0
instSizeCafe: 49208
instSizeNx: -1
sortKey: 0
traverseDist: 400.0
