aabbMax:
  X: 11.212800025939941
  Y: 1.3317400217056274
  Z: 11.238499641418457
aabbMin:
  X: -11.013199806213379
  Y: 0.28730499744415283
  Z: -11.412799835205078
boundingForTraverse: 1.0444350242614746
bugMask: 1
cursorOffsetY: 0.5
instSizeCafe: 59772
instSizeNx: -1
sortKey: 0
traverseDist: 100.0
