aabbMax:
  X: 0.7551890015602112
  Y: 5.121039867401123
  Z: 0.7551890015602112
aabbMin:
  X: -0.7551890015602112
  Y: 0.0
  Z: -0.7551890015602112
boundingForTraverse: 5.121039867401123
bugMask: 0
cursorOffsetY: 0.5
instSizeCafe: 54204
instSizeNx: -1
sortKey: -20
traverseDist: 502.135986328125
