aabbMax:
  X: 30.73430061340332
  Y: 31.602399826049805
  Z: 35.8119010925293
aabbMin:
  X: -30.737199783325195
  Y: -31.4822998046875
  Z: -29.23699951171875
boundingForTraverse: 63.08470153808594
bugMask: 0
cursorOffsetY: 0.5
instSizeCafe: 188216
instSizeNx: -1
sortKey: 0
terrainTextures:
- !u 0xffff402c
traverseDist: 1000.0
