aabbMax:
  X: 4.440790176391602
  Y: 6.176609992980957
  Z: 0.827796995639801
aabbMin:
  X: -1.6494499444961548
  Y: -0.17963899672031403
  Z: -0.827072024345398
boundingForTraverse: 6.35624885559082
bugMask: 0
instSizeCafe: 16880
instSizeNx: -1
sortKey: 0
traverseDist: 500.0
