aabbMax:
  X: 2.7275800704956055
  Y: 5.207759857177734
  Z: 2.938119888305664
aabbMin:
  X: -3.668459892272949
  Y: 0.5676220059394836
  Z: -2.066620111465454
boundingForTraverse: 4.640138149261475
bugMask: 0
cursorOffsetY: 0.5
instSizeCafe: 59236
instSizeNx: -1
sortKey: 16
traverseDist: 300.0
