aabbMax:
  X: 16.414600372314453
  Y: 13.785799980163574
  Z: 15.48490047454834
aabbMin:
  X: -18.551300048828125
  Y: -193.51300048828125
  Z: -23.96030044555664
boundingForTraverse: 207.29879760742188
bugMask: 0
instSizeCafe: 17140
instSizeNx: 75656
sortKey: 0
traverseDist: 3000.0
