aabbMax:
  X: 12.990699768066406
  Y: 21.524499893188477
  Z: 9.147419929504395
aabbMin:
  X: -13.355500221252441
  Y: -1.7823200225830078
  Z: -10.112299919128418
boundingForTraverse: 23.306819915771484
bugMask: 0
cursorOffsetY: 0.5
instSizeCafe: 17140
instSizeNx: 75656
sortKey: 0
traverseDist: 3000.0
