aabbMax:
  X: 1.7983100414276123
  Y: 2.0285000801086426
  Z: 1.6300300359725952
aabbMin:
  X: -1.797569990158081
  Y: -0.14782899618148804
  Z: -1.6197400093078613
boundingForTraverse: 2.1763288974761963
bugMask: 0
cursorOffsetY: 0.5
instSizeCafe: 49536
instSizeNx: 145368
sortKey: 0
