aabbMax:
  X: 0.7658489942550659
  Y: 0.8685969710350037
  Z: 0.8980100154876709
aabbMin:
  X: -0.7776219844818115
  Y: -3.842780113220215
  Z: -0.9724370241165161
boundingForTraverse: 4.711377143859863
bugMask: 3
cursorOffsetY: 0.5
instSizeCafe: 91268
instSizeNx: 230792
rigidBodyCenterY: -2.306649923324585
sortKey: 0
