aabbMax:
  X: 2.3570899963378906
  Y: 0.3878200054168701
  Z: 4.107329845428467
aabbMin:
  X: -2.327470064163208
  Y: -0.22437800467014313
  Z: -0.22437800467014313
boundingForTraverse: 0.612197995185852
bugMask: 0
cursorOffsetY: 0.5
instSizeCafe: 20924
instSizeNx: -1
rigidBodyCenterY: 0.20000000298023224
sortKey: 1
