aabbMax:
  X: 0.3614319860935211
  Y: 0.6663830280303955
  Z: 0.2712540030479431
aabbMin:
  X: -0.257625013589859
  Y: 0.0
  Z: -0.27913200855255127
boundingForTraverse: 0.6663830280303955
bugMask: 0
cursorOffsetY: 0.5
instSizeCafe: 17140
instSizeNx: 75656
sortKey: -9
