aabbMax:
  X: 0.5449429750442505
  Y: 0.5294049978256226
  Z: 3.16336989402771
aabbMin:
  X: -0.5391700267791748
  Y: -0.037071000784635544
  Z: -1.0912699699401855
boundingForTraverse: 0.5664759874343872
bugMask: 0
cursorOffsetY: 0.5
instSizeCafe: 17392
instSizeNx: -1
sortKey: 1
