aabbMax:
  X: 4.015810012817383
  Y: 2.7776401042938232
  Z: 4.379700183868408
aabbMin:
  X: -1.0785200595855713
  Y: -0.386352002620697
  Z: -0.5917549729347229
boundingForTraverse: 3.163991928100586
bugMask: 0
instSizeCafe: 16880
instSizeNx: -1
sortKey: -7
traverseDist: 500.0
