aabbMax:
  X: 66.81159973144531
  Y: 19.594100952148438
  Z: 55.55820083618164
aabbMin:
  X: -65.37229919433594
  Y: 0.4099999964237213
  Z: -92.71019744873047
boundingForTraverse: 19.184101104736328
bugMask: 0
cursorOffsetY: 0.5
instSizeCafe: 54148
instSizeNx: -1
sortKey: 25
traverseDist: 500.0
