aabbMax:
  X: 31.593299865722656
  Y: 60.00400161743164
  Z: 4.2068400382995605
aabbMin:
  X: -30.298200607299805
  Y: -1.0362199544906616
  Z: -18.012500762939453
boundingForTraverse: 61.04022216796875
bugMask: 0
cursorOffsetY: 0.5
instSizeCafe: 148568
instSizeNx: -1
sortKey: -14
terrainTextures:
- !u 0xff4c1f00
traverseDist: 900.0
