aabbMax:
  X: 21.25
  Y: 4.976560115814209
  Z: 21.031299591064453
aabbMin:
  X: -21.859399795532227
  Y: -16.179500579833984
  Z: -19.734399795532227
boundingForTraverse: 21.15606117248535
bugMask: 1
cursorOffsetY: 0.5
instSizeCafe: -1
instSizeNx: 227584
sortKey: 10
traverseDist: 200.0
