aabbMax:
  X: 8.740269660949707
  Y: 5.270880222320557
  Z: 9.747039794921875
aabbMin:
  X: -8.740269660949707
  Y: -0.4557870030403137
  Z: -7.5747199058532715
boundingForTraverse: 5.7266669273376465
bugMask: 0
cursorOffsetY: 0.5
instSizeCafe: -1
instSizeNx: 350152
sortKey: -4
traverseDist: 500.0
