aabbMax:
  X: 56.68619918823242
  Y: 48.43939971923828
  Z: 101.01899719238281
aabbMin:
  X: -56.55799865722656
  Y: -49.332298278808594
  Z: -97.00879669189453
boundingForTraverse: 97.77169799804688
bugMask: 0
cursorOffsetY: 0.5
instSizeCafe: 63012
instSizeNx: 169976
sortKey: -18
terrainTextures:
- 1344082188
traverseDist: 728.1211547851562
