aabbMax:
  X: 30.48539924621582
  Y: 61.50040054321289
  Z: 4.308450222015381
aabbMin:
  X: -31.704500198364258
  Y: -1.4411900043487549
  Z: -18.135700225830078
boundingForTraverse: 62.94158935546875
bugMask: 0
cursorOffsetY: 0.5
instSizeCafe: 18348
instSizeNx: -1
sortKey: 0
traverseDist: 1500.0
