aabbMax:
  X: 0.4074310064315796
  Y: 1.2498699426651
  Z: 0.3071730136871338
aabbMin:
  X: -0.4091010093688965
  Y: 0.0
  Z: -0.31062600016593933
boundingForTraverse: 1.2498699426651
bugMask: 0
cursorOffsetY: 0.5
instSizeCafe: 17140
instSizeNx: -1
sortKey: 21
