aabbMax:
  X: 22.169700622558594
  Y: 10.22089958190918
  Z: 48.5885009765625
aabbMin:
  X: -22.254199981689453
  Y: -12.662500381469727
  Z: -28.666200637817383
boundingForTraverse: 22.883399963378906
bugMask: 0
cursorOffsetY: 0.5
instSizeCafe: -1
instSizeNx: 895128
sortKey: -29
traverseDist: 500.0
