aabbMax:
  X: 0.19591300189495087
  Y: 0.08067099750041962
  Z: 0.19259899854660034
aabbMin:
  X: -0.19591300189495087
  Y: -0.6500009894371033
  Z: -0.18632400035858154
boundingForTraverse: 0.7306720018386841
bugMask: 0
cursorOffsetY: 0.5
instSizeCafe: 28184
instSizeNx: 96160
sortKey: 5
traverseDist: 150.0
