aabbMax:
  X: 0.3555940091609955
  Y: 0.5607820153236389
  Z: 0.3282780051231384
aabbMin:
  X: -0.33914899826049805
  Y: -0.0008379999781027436
  Z: -0.32190901041030884
boundingForTraverse: 0.5616199970245361
bugMask: 0
cursorOffsetY: 0.5
instSizeCafe: -1
instSizeNx: 75656
sortKey: -3
