aabbMax:
  X: 5.8937602043151855
  Y: 8.001609802246094
  Z: 7.403960227966309
aabbMin:
  X: -5.8937602043151855
  Y: -24.053300857543945
  Z: -7.443490028381348
boundingForTraverse: 32.054908752441406
bugMask: 0
instSizeCafe: 123448
instSizeNx: -1
sortKey: -1
traverseDist: 518.9576416015625
