aabbMax:
  X: 24.099899291992188
  Y: 79.74410247802734
  Z: 44.22850036621094
aabbMin:
  X: -27.926799774169922
  Y: -0.769199013710022
  Z: -44.462398529052734
boundingForTraverse: 80.51329803466797
bugMask: 0
instSizeCafe: 321044
instSizeNx: -1
sortKey: -16
traverseDist: 800.0
