aabbMax:
  X: 4.561490058898926
  Y: 4.73714017868042
  Z: 2.7057299613952637
aabbMin:
  X: -4.721970081329346
  Y: -0.2404170036315918
  Z: -2.5385398864746094
boundingForTraverse: 4.977557182312012
bugMask: 0
cursorOffsetY: 0.5
instSizeCafe: 17140
instSizeNx: 75656
sortKey: 0
traverseDist: 2000.0
