aabbMax:
  X: 4.406869888305664
  Y: 0.23637400567531586
  Z: 6.289330005645752
aabbMin:
  X: -4.312079906463623
  Y: -61.98889923095703
  Z: -17.956899642944336
boundingForTraverse: 62.22527313232422
bugMask: 0
cursorOffsetY: 0.5
instSizeCafe: 18428
instSizeNx: -1
sortKey: 0
traverseDist: 1000.0
