aabbMax:
  X: 16.104299545288086
  Y: 35.64939880371094
  Z: 11.070599555969238
aabbMin:
  X: -16.0
  Y: -1.5145699977874756
  Z: -7.537499904632568
boundingForTraverse: 37.16396713256836
bugMask: 0
cursorOffsetY: 0.5
instSizeCafe: 255116
instSizeNx: 624848
sortKey: 0
terrainTextures:
- !u 0xffff5219
traverseDist: 537.1072387695312
