aabbMax:
  X: 0.15000000596046448
  Y: 2.700000047683716
  Z: 0.20108899474143982
aabbMin:
  X: -1.5
  Y: 0.0
  Z: -0.1912979930639267
boundingForTraverse: 2.700000047683716
bugMask: 3
cursorOffsetY: 0.5
instSizeCafe: 49024
instSizeNx: -1
rigidBodyCenterY: 1.350000023841858
sortKey: 0
traverseDist: 200.0
