aabbMax:
  X: 1.9918299913406372
  Y: 3.6894400119781494
  Z: 0.8537260293960571
aabbMin:
  X: -2.0110299587249756
  Y: -0.05108899995684624
  Z: -0.7967879772186279
boundingForTraverse: 3.7405290603637695
bugMask: 1
cursorOffsetY: 0.5
instSizeCafe: 78952
instSizeNx: -1
rigidBodyCenterY: 2.1553900241851807
sortKey: -16
