aabbMax:
  X: 0.6841779947280884
  Y: 2.006380081176758
  Z: 0.797203004360199
aabbMin:
  X: -0.7518439888954163
  Y: 0.0
  Z: -0.7276899814605713
boundingForTraverse: 2.006380081176758
bugMask: 0
cursorOffsetY: 0.5
instSizeCafe: 38488
instSizeNx: -1
sortKey: 0
