aabbMax:
  X: 0.7407310009002686
  Y: 2.162400007247925
  Z: 0.688389003276825
aabbMin:
  X: -1.6432100534439087
  Y: -0.013476000167429447
  Z: -0.6175749897956848
boundingForTraverse: 2.1758759021759033
bugMask: 0
cursorOffsetY: 0.5
instSizeCafe: 16880
instSizeNx: -1
sortKey: 0
traverseDist: 1000.0
