aabbMax:
  X: 0.6372600197792053
  Y: 0.9100000262260437
  Z: 0.6522179841995239
aabbMin:
  X: -0.6457340121269226
  Y: 0.0
  Z: -0.601639986038208
boundingForTraverse: 0.9100000262260437
bugMask: 3
cursorOffsetY: 0.5
instSizeCafe: 53864
instSizeNx: -1
rigidBodyCenterY: 0.37400299310684204
sortKey: -5
