aabbMax:
  X: 7.55010986328125
  Y: 10.17240047454834
  Z: 5.069650173187256
aabbMin:
  X: -7.671420097351074
  Y: 2.7180700302124023
  Z: -4.801549911499023
boundingForTraverse: 7.454329967498779
bugMask: 0
cursorOffsetY: 0.5
instSizeCafe: 71296
instSizeNx: -1
sortKey: 0
