aabbMax:
  X: 5.4851298332214355
  Y: 1.546910047531128
  Z: 3.7734200954437256
aabbMin:
  X: -5.4851298332214355
  Y: -0.048246998339891434
  Z: -3.885190010070801
boundingForTraverse: 1.5951570272445679
bugMask: 0
cursorOffsetY: 0.5
instSizeCafe: 38172
instSizeNx: -1
sortKey: 17
traverseDist: 300.0
