aabbMax:
  X: 7.349309921264648
  Y: 2.63457989692688
  Z: 4.208399772644043
aabbMin:
  X: -9.519129753112793
  Y: -3.388240098953247
  Z: -6.297309875488281
boundingForTraverse: 6.022819995880127
bugMask: 0
cursorOffsetY: 0.5
instSizeCafe: 113720
instSizeNx: -1
sortKey: 26
