aabbMax:
  X: 12.418299674987793
  Y: 24.272899627685547
  Z: 13.891500473022461
aabbMin:
  X: -11.784700393676758
  Y: -0.7010220289230347
  Z: -11.339200019836426
boundingForTraverse: 24.973920822143555
bugMask: 0
instSizeCafe: 262060
instSizeNx: -1
sortKey: 2
terrainTextures:
- 1277102848
traverseDist: 534.9624633789062
