aabbMax:
  X: 30.793699264526367
  Y: 60.0
  Z: 4.1999101638793945
aabbMin:
  X: -30.373300552368164
  Y: -1.0281800031661987
  Z: -17.926300048828125
boundingForTraverse: 61.02817916870117
bugMask: 0
cursorOffsetY: 0.5
instSizeCafe: 144320
instSizeNx: -1
sortKey: -13
terrainTextures:
- !u 0xff4c1f00
traverseDist: 500.0
