aabbMax:
  X: 0.3479369878768921
  Y: 0.5558080077171326
  Z: 0.5096150040626526
aabbMin:
  X: -0.4445599913597107
  Y: -0.0042050001211464405
  Z: -0.6791890263557434
boundingForTraverse: 0.5600129961967468
bugMask: 0
cursorOffsetY: 0.5
instSizeCafe: 17968
instSizeNx: -1
sortKey: 2
