aabbMax:
  X: 0.33015599846839905
  Y: 0.9210820198059082
  Z: 0.25
aabbMin:
  X: -0.33015599846839905
  Y: 0.0
  Z: -0.25
boundingForTraverse: 0.9210820198059082
bugMask: 3
cursorOffsetY: 0.5
instSizeCafe: 42632
instSizeNx: 113832
rigidBodyCenterY: 0.369394987821579
sortKey: 14
