aabbMax:
  X: 289.7659912109375
  Y: 454.0199890136719
  Z: 376.2250061035156
aabbMin:
  X: -302.3550109863281
  Y: 50.0
  Z: -316.43701171875
boundingForTraverse: 404.0199890136719
bugMask: 0
cursorOffsetY: 0.5
instSizeCafe: -1
instSizeNx: 228664
sortKey: 0
traverseDist: 500.0
