aabbMax:
  X: 3.935260057449341
  Y: 2.6328799724578857
  Z: 4.35768985748291
aabbMin:
  X: -1.0712000131607056
  Y: -0.3593690097332001
  Z: -0.5388140082359314
boundingForTraverse: 2.992249011993408
bugMask: 0
instSizeCafe: 28272
instSizeNx: -1
sortKey: 0
traverseDist: 400.0
