aabbMax:
  X: 74.19300079345703
  Y: 151.45799255371094
  Z: 108.63800048828125
aabbMin:
  X: -93.22650146484375
  Y: -35.04079818725586
  Z: -31.954599380493164
boundingForTraverse: 186.49879455566406
bugMask: 0
cursorOffsetY: 0.5
instSizeCafe: 20600
instSizeNx: 78448
sortKey: 0
traverseDist: 400.0
