aabbMax:
  X: 8.20740032196045
  Y: 15.602299690246582
  Z: 7.296870231628418
aabbMin:
  X: -6.395209789276123
  Y: -0.6118280291557312
  Z: -7.597559928894043
boundingForTraverse: 16.214128494262695
bugMask: 0
cursorOffsetY: 0.5
instSizeCafe: -1
instSizeNx: 944312
sortKey: 0
terrainTextures:
- !u 0xff522622
traverseDist: 200.0
