aabbMax:
  X: 0.8175600171089172
  Y: 5.339360237121582
  Z: 1.500349998474121
aabbMin:
  X: -0.8175600171089172
  Y: 5.8000001445179805e-05
  Z: -1.654539942741394
boundingForTraverse: 5.339302062988281
bugMask: 0
cursorOffsetY: 0.5
instSizeCafe: 95276
instSizeNx: -1
sortKey: 6
traverseDist: 300.0
