aabbMax:
  X: 0.1441580057144165
  Y: 1.673949956893921
  Z: 0.1446090042591095
aabbMin:
  X: -0.13752000033855438
  Y: -0.3968690037727356
  Z: -0.14166399836540222
boundingForTraverse: 2.0708189010620117
bugMask: 0
cursorOffsetY: 0.5
instSizeCafe: -1
instSizeNx: 75656
sortKey: -3
