aabbMax:
  X: 3.8035199642181396
  Y: 2.8304100036621094
  Z: 3.0100200176239014
aabbMin:
  X: -28.32659912109375
  Y: -3.448090076446533
  Z: -3.0133299827575684
boundingForTraverse: 6.278500080108643
bugMask: 0
instSizeCafe: 69960
instSizeNx: -1
sortKey: -7
traverseDist: 532.6898193359375
