aabbMax:
  X: 1.290809988975525
  Y: 0.5306519865989685
  Z: 2.4686999320983887
aabbMin:
  X: -1.290809988975525
  Y: -6.0983500480651855
  Z: -0.1468369960784912
boundingForTraverse: 6.629002094268799
bugMask: 0
cursorOffsetY: 0.5
instSizeCafe: 27608
instSizeNx: 96160
sortKey: 4
