aabbMax:
  X: 18.30929946899414
  Y: 5.632239818572998
  Z: 27.301799774169922
aabbMin:
  X: -18.30929946899414
  Y: -8.407620429992676
  Z: -17.4148006439209
boundingForTraverse: 14.039859771728516
bugMask: 0
cursorOffsetY: 0.5
instSizeCafe: 113152
instSizeNx: 264888
sortKey: 0
terrainTextures:
- !u 0xffffff40
traverseDist: 1000.0
