aabbMax:
  X: 5.8937602043151855
  Y: 0.481673002243042
  Z: 14.859600067138672
aabbMin:
  X: -5.8937602043151855
  Y: -17.702199935913086
  Z: -7.527989864349365
boundingForTraverse: 18.18387222290039
bugMask: 0
instSizeCafe: 92872
instSizeNx: -1
sortKey: 0
terrainTextures:
- !u 0xffffff0d
traverseDist: 3000.0
