aabbMax:
  X: 5.8937602043151855
  Y: 5.070559978485107
  Z: 7.406330108642578
aabbMin:
  X: -5.8937602043151855
  Y: -24.0575008392334
  Z: -7.494929790496826
boundingForTraverse: 29.128061294555664
bugMask: 0
instSizeCafe: 144132
instSizeNx: 358616
sortKey: 0
traverseDist: 3000.0
