aabbMax:
  X: 2.3984999656677246
  Y: 0.1067499965429306
  Z: 0.2460470050573349
aabbMin:
  X: -2.507009983062744
  Y: -52.00429916381836
  Z: -3.394629955291748
boundingForTraverse: 52.11104965209961
bugMask: 0
cursorOffsetY: 0.5
instSizeCafe: 17648
instSizeNx: -1
sortKey: 0
traverseDist: 2000.0
