aabbMax:
  X: 1.263700008392334
  Y: 1.2010300159454346
  Z: 4.332489967346191
aabbMin:
  X: -1.2140799760818481
  Y: -3.7637200355529785
  Z: -4.299630165100098
boundingForTraverse: 4.964749813079834
bugMask: 0
cursorOffsetY: 0.5
instSizeCafe: 48256
instSizeNx: 145368
sortKey: -4
