aabbMax:
  X: 7.04557991027832
  Y: 8.375900268554688
  Z: 11.289400100708008
aabbMin:
  X: -20.20949935913086
  Y: -9.442429542541504
  Z: -17.716400146484375
boundingForTraverse: 17.818328857421875
bugMask: 0
cursorOffsetY: 0.5
instSizeCafe: -1
instSizeNx: 497752
sortKey: 0
traverseDist: 2000.0
