aabbMax:
  X: 21.81879997253418
  Y: 8.718720436096191
  Z: 5.146309852600098
aabbMin:
  X: -79.81829833984375
  Y: -9.611220359802246
  Z: -20.82040023803711
boundingForTraverse: 18.329940795898438
bugMask: 0
instSizeCafe: 214812
instSizeNx: 526456
sortKey: -15
traverseDist: 604.9017333984375
