aabbMax:
  X: 1.0192699432373047
  Y: 1.3147499561309814
  Z: 0.5492039918899536
aabbMin:
  X: -1.0165799856185913
  Y: 0.0
  Z: -0.6283010244369507
boundingForTraverse: 1.3147499561309814
bugMask: 0
cursorOffsetY: 0.5
instSizeCafe: -1
instSizeNx: 116672
sortKey: 0
