aabbMax:
  X: 20.534799575805664
  Y: 10.390800476074219
  Z: 18.755699157714844
aabbMin:
  X: -20.92620086669922
  Y: -1.5219199657440186
  Z: -14.224499702453613
boundingForTraverse: 11.912720680236816
bugMask: 0
cursorOffsetY: 0.5
instSizeCafe: -1
instSizeNx: 137904
rigidBodyCenterY: 2.986769914627075
sortKey: -1
