aabbMax:
  X: 15.67080020904541
  Y: 8.797650337219238
  Z: 16.191999435424805
aabbMin:
  X: -15.67080020904541
  Y: -11.832500457763672
  Z: -16.192100524902344
boundingForTraverse: 20.630149841308594
bugMask: 0
cursorOffsetY: 0.5
instSizeCafe: -1
instSizeNx: 497656
sortKey: 5142
terrainTextures:
- !u 0xffffff52
traverseDist: 300.0
