aabbMax:
  X: 5.336030006408691
  Y: 3.061490058898926
  Z: 7.401679992675781
aabbMin:
  X: -7.740210056304932
  Y: -1.9009000062942505
  Z: -7.735889911651611
boundingForTraverse: 4.962389945983887
bugMask: 0
cursorOffsetY: 0.5
instSizeCafe: 74632
instSizeNx: -1
sortKey: -4
traverseDist: 300.0
