aabbMax:
  X: 20.510900497436523
  Y: 28.000099182128906
  Z: 16.541099548339844
aabbMin:
  X: -16.591999053955078
  Y: -2.804450035095215
  Z: -16.727699279785156
boundingForTraverse: 30.804550170898438
bugMask: 0
cursorOffsetY: 0.5
instSizeCafe: 267732
instSizeNx: -1
sortKey: 0
terrainTextures:
- !u 0xffffff52
traverseDist: 200.0
