aabbMax:
  X: 0.32788100838661194
  Y: 0.050537001341581345
  Z: 0.3095700144767761
aabbMin:
  X: -0.31616199016571045
  Y: -0.8852699995040894
  Z: -0.3168950080871582
boundingForTraverse: 0.9358069896697998
bugMask: 2
cursorOffsetY: 0.5
instSizeCafe: 39916
instSizeNx: -1
rigidBodyCenterY: -0.699999988079071
sortKey: -9
