aabbMax:
  X: 8.00586986541748
  Y: 15.455599784851074
  Z: 2.2248599529266357
aabbMin:
  X: -6.160799980163574
  Y: 0.14539800584316254
  Z: -9.536870002746582
boundingForTraverse: 15.310201644897461
bugMask: 0
cursorOffsetY: 0.5
instSizeCafe: 146396
instSizeNx: -1
sortKey: 0
traverseDist: 1000.0
