aabbMax:
  X: 12.336299896240234
  Y: 5.348919868469238
  Z: 6.789840221405029
aabbMin:
  X: -4.169740200042725
  Y: -2.27731990814209
  Z: -12.770999908447266
boundingForTraverse: 7.626239776611328
bugMask: 0
instSizeCafe: 18544
instSizeNx: -1
sortKey: 0
terrainTextures:
- !u 0xffff1d11
