aabbMax:
  X: 0.4411979913711548
  Y: 0.699999988079071
  Z: 0.3499999940395355
aabbMin:
  X: -0.4411979913711548
  Y: 0.0016830000095069408
  Z: -0.3499999940395355
boundingForTraverse: 0.6983169913291931
bugMask: 0
cursorOffsetY: 0.5
instSizeCafe: 17644
instSizeNx: -1
sortKey: 6
