aabbMax:
  X: 1.139430046081543
  Y: 10.858499526977539
  Z: 8.572629928588867
aabbMin:
  X: -0.6530389785766602
  Y: -0.6428800225257874
  Z: -11.227999687194824
boundingForTraverse: 11.50137996673584
bugMask: 0
cursorOffsetY: 0.5
instSizeCafe: 49084
instSizeNx: -1
sortKey: 0
