aabbMax:
  X: 105.20999908447266
  Y: 71.57350158691406
  Z: 57.91130065917969
aabbMin:
  X: -93.3302001953125
  Y: -5.472660064697266
  Z: -78.74189758300781
boundingForTraverse: 77.04615783691406
bugMask: 0
cursorOffsetY: 0.5
instSizeCafe: 191636
instSizeNx: 481272
sortKey: 0
terrainTextures:
- 487656448
- !u 0xffff4c1f
traverseDist: 500.0
