aabbMax:
  X: 0.7167770266532898
  Y: 0.9272050261497498
  Z: 2.3720500469207764
aabbMin:
  X: -0.705839991569519
  Y: -0.9936000108718872
  Z: -2.3771400451660156
boundingForTraverse: 1.9208049774169922
bugMask: 0
cursorOffsetY: 0.5
instSizeCafe: 60156
instSizeNx: -1
sortKey: 13
