aabbMax:
  X: 2.1099300384521484
  Y: 0.19776399433612823
  Z: 0.7696729898452759
aabbMin:
  X: -1.8560500144958496
  Y: -0.15000000596046448
  Z: -0.827360987663269
boundingForTraverse: 0.3477639853954315
bugMask: 0
cursorOffsetY: 0.5
instSizeCafe: 38964
instSizeNx: -1
sortKey: -6
terrainTextures:
- !u 0xffffff18
