aabbMax:
  X: 4.503809928894043
  Y: 8.464059829711914
  Z: 6.3677802085876465
aabbMin:
  X: -4.550039768218994
  Y: 1.7630300521850586
  Z: -8.797989845275879
boundingForTraverse: 6.7010297775268555
bugMask: 0
cursorOffsetY: 0.5
instSizeCafe: -1
instSizeNx: 448488
sortKey: 1
