aabbMax:
  X: 5.299600124359131
  Y: 14.399999618530273
  Z: 3.927570104598999
aabbMin:
  X: -5.299600124359131
  Y: -1.5
  Z: -3.683579921722412
boundingForTraverse: 15.899999618530273
bugMask: 0
cursorOffsetY: 0.5
instSizeCafe: 73412
instSizeNx: -1
sortKey: 0
traverseDist: 513.048828125
