aabbMax:
  X: 62.49330139160156
  Y: 22.922500610351562
  Z: 55.266300201416016
aabbMin:
  X: -60.413299560546875
  Y: 0.39355701208114624
  Z: -89.95249938964844
boundingForTraverse: 22.52894401550293
bugMask: 0
cursorOffsetY: 0.5
instSizeCafe: -1
instSizeNx: 186944
sortKey: 26
traverseDist: 500.0
