aabbMax:
  X: 43.188201904296875
  Y: -17.713499069213867
  Z: 48.162200927734375
aabbMin:
  X: -50.36410140991211
  Y: -232.927001953125
  Z: -43.37080001831055
boundingForTraverse: 215.2135009765625
bugMask: 0
instSizeCafe: 17136
instSizeNx: -1
sortKey: 0
traverseDist: 4000.0
