aabbMax:
  X: 194.71099853515625
  Y: 207.3939971923828
  Z: 185.61300659179688
aabbMin:
  X: -216.8719940185547
  Y: -10.866100311279297
  Z: -201.32699584960938
boundingForTraverse: 218.26010131835938
bugMask: 3
instSizeCafe: 584736
instSizeNx: -1
sortKey: -8
traverseDist: 300.0
