aabbMax:
  X: 1.2752200365066528
  Y: 3.4336800575256348
  Z: 1.1736400127410889
aabbMin:
  X: -0.9218299984931946
  Y: -0.0600849986076355
  Z: -0.7396649718284607
boundingForTraverse: 3.493765115737915
bugMask: 0
cursorOffsetY: 0.5
instSizeCafe: 16884
instSizeNx: -1
sortKey: 0
traverseDist: 1000.0
