aabbMax:
  X: 4.989709854125977
  Y: 13.399999618530273
  Z: 4.093599796295166
aabbMin:
  X: -4.989709854125977
  Y: -1.5
  Z: -3.714400053024292
boundingForTraverse: 14.899999618530273
bugMask: 0
cursorOffsetY: 0.5
instSizeCafe: 83852
instSizeNx: 206896
sortKey: 0
traverseDist: 512.6709594726562
