aabbMax:
  X: 6.681940078735352
  Y: 16.18120002746582
  Z: 10.706700325012207
aabbMin:
  X: -6.642189979553223
  Y: -0.21241599321365356
  Z: -8.477179527282715
boundingForTraverse: 16.39361572265625
bugMask: 0
instSizeCafe: 293564
instSizeNx: 727312
sortKey: -8
traverseDist: 300.0
