aabbMax:
  X: 2.8577699661254883
  Y: 31.241100311279297
  Z: 2.584980010986328
aabbMin:
  X: -2.5099799633026123
  Y: -0.3740369975566864
  Z: -2.751120090484619
boundingForTraverse: 31.615137100219727
bugMask: 0
cursorOffsetY: 0.5
instSizeCafe: 17388
instSizeNx: -1
sortKey: 0
