aabbMax:
  X: 0.22678300738334656
  Y: 0.7739580273628235
  Z: 0.20177699625492096
aabbMin:
  X: -0.10626599937677383
  Y: -9.000000318337698e-06
  Z: -0.26582100987434387
boundingForTraverse: 0.7739670276641846
bugMask: 0
cursorOffsetY: 0.5
instSizeCafe: 38492
instSizeNx: -1
sortKey: 23
