aabbMax:
  X: 23.024900436401367
  Y: 51.1244010925293
  Z: 63.090599060058594
aabbMin:
  X: -22.46980094909668
  Y: -28.041799545288086
  Z: -14.210399627685547
boundingForTraverse: 79.16619873046875
bugMask: 0
cursorOffsetY: 0.5
instSizeCafe: 364200
instSizeNx: -1
sortKey: 0
traverseDist: 500.0
