aabbMax:
  X: 19.785200119018555
  Y: 44.28919982910156
  Z: -3.0136499404907227
aabbMin:
  X: -29.649700164794922
  Y: -0.44791001081466675
  Z: -56.250999450683594
boundingForTraverse: 44.73711013793945
bugMask: 0
cursorOffsetY: 0.5
instSizeCafe: -1
instSizeNx: 448472
sortKey: -2
terrainTextures:
- !u 0xffffff52
traverseDist: 300.0
