aabbMax:
  X: 66.05999755859375
  Y: 6.8484601974487305
  Z: 40.20759963989258
aabbMin:
  X: -66.49089813232422
  Y: -37.4197998046875
  Z: -19.18869972229004
boundingForTraverse: 44.26826095581055
bugMask: 0
cursorOffsetY: 0.5
instSizeCafe: -1
instSizeNx: 1624928
sortKey: 0
terrainTextures:
- 1397890321
traverseDist: 300.0
