aabbMax:
  X: 122.81900024414062
  Y: 72.260498046875
  Z: 114.62699890136719
aabbMin:
  X: -122.81900024414062
  Y: -1.477220058441162
  Z: -126.57599639892578
boundingForTraverse: 73.73771667480469
bugMask: 0
cursorOffsetY: 0.5
instSizeCafe: 206196
instSizeNx: -1
sortKey: 0
traverseDist: 2000.0
