aabbMax:
  X: 56.79970169067383
  Y: 48.414798736572266
  Z: 97.43599700927734
aabbMin:
  X: -56.5880012512207
  Y: -48.97359848022461
  Z: -96.35929870605469
boundingForTraverse: 97.38839721679688
bugMask: 0
cursorOffsetY: 0.5
instSizeCafe: 17780
instSizeNx: 75656
sortKey: 0
traverseDist: 5000.0
