aabbMax:
  X: 0.4064219892024994
  Y: 0.9959049820899963
  Z: 0.3419269919395447
aabbMin:
  X: -0.4064219892024994
  Y: 0.0
  Z: -0.3419269919395447
boundingForTraverse: 0.9959049820899963
bugMask: 3
cursorOffsetY: 0.5
instSizeCafe: 43144
instSizeNx: 113832
rigidBodyCenterY: 0.5062599778175354
sortKey: -3
