aabbMax:
  X: 7.222539901733398
  Y: 17.46430015563965
  Z: 9.12108039855957
aabbMin:
  X: -10.44629955291748
  Y: -1.7298200130462646
  Z: -10.126099586486816
boundingForTraverse: 19.194120407104492
bugMask: 1
cursorOffsetY: 0.5
instSizeCafe: -1
instSizeNx: 157488
sortKey: -9
traverseDist: 500.0
