aabbMax:
  X: 3.7515599727630615
  Y: 2.0
  Z: 3.75
aabbMin:
  X: -3.7507801055908203
  Y: -2.0
  Z: -3.125
boundingForTraverse: 4.0
bugMask: 0
instSizeCafe: -1
instSizeNx: 96160
sortKey: -3
terrainTextures:
- !u 0xffffff0b
