aabbMax:
  X: 8.657830238342285
  Y: 2.9297399520874023
  Z: 12.923700332641602
aabbMin:
  X: -8.568479537963867
  Y: -16.029600143432617
  Z: -11.691699981689453
boundingForTraverse: 18.959339141845703
bugMask: 0
cursorOffsetY: 0.5
instSizeCafe: 17140
instSizeNx: -1
sortKey: 0
traverseDist: 3000.0
