aabbMax:
  X: 10.798100471496582
  Y: 16.079999923706055
  Z: 3.961009979248047
aabbMin:
  X: -1.7009400129318237
  Y: -1.5
  Z: -4.118750095367432
boundingForTraverse: 17.579999923706055
bugMask: 0
cursorOffsetY: 0.5
instSizeCafe: 94700
instSizeNx: -1
sortKey: 0
traverseDist: 514.8831787109375
