aabbMax:
  X: 5.206920146942139
  Y: 13.719200134277344
  Z: 4.944310188293457
aabbMin:
  X: -4.739409923553467
  Y: -0.01924999989569187
  Z: -5.646080017089844
boundingForTraverse: 13.738450050354004
bugMask: 1
instSizeCafe: 281948
instSizeNx: -1
rigidBodyCenterY: 3.064300060272217
sortKey: 0
traverseDist: 300.0
