aabbMax:
  X: 0.4615820050239563
  Y: 1.8210599422454834
  Z: 0.4597429931163788
aabbMin:
  X: -0.4830949902534485
  Y: -0.011428000405430794
  Z: -0.2886059880256653
boundingForTraverse: 1.832487940788269
bugMask: 3
cursorOffsetY: 0.5
instSizeCafe: 40500
instSizeNx: -1
rigidBodyCenterY: 0.9056400060653687
sortKey: -3
