aabbMax:
  X: 4.180059909820557
  Y: 6.211619853973389
  Z: 1.4876500368118286
aabbMin:
  X: -4.160319805145264
  Y: -0.31906700134277344
  Z: -3.8959200382232666
boundingForTraverse: 6.530686855316162
bugMask: 0
instSizeCafe: -1
instSizeNx: 75656
sortKey: -1
traverseDist: 500.0
