aabbMax:
  X: 14.737500190734863
  Y: 4.645050048828125
  Z: 48.03519821166992
aabbMin:
  X: -28.273500442504883
  Y: -5.1496100425720215
  Z: -44.20600128173828
boundingForTraverse: 9.794660568237305
bugMask: 0
cursorOffsetY: 0.5
instSizeCafe: 129020
instSizeNx: -1
sortKey: 26
traverseDist: 601.776123046875
