aabbMax:
  X: 5.702919960021973
  Y: 5.8292999267578125
  Z: 12.098799705505371
aabbMin:
  X: -6.057620048522949
  Y: 0.4900810122489929
  Z: -6.508729934692383
boundingForTraverse: 5.339219093322754
bugMask: 0
cursorOffsetY: 0.5
instSizeCafe: 202924
instSizeNx: -1
sortKey: 2
