aabbMax:
  X: 6.790349960327148
  Y: 10.667200088500977
  Z: 6.406280040740967
aabbMin:
  X: -11.728599548339844
  Y: 0.8740710020065308
  Z: -5.234270095825195
boundingForTraverse: 9.793128967285156
bugMask: 0
cursorOffsetY: 0.5
instSizeCafe: -1
instSizeNx: 448464
sortKey: 1
