aabbMax:
  X: 16.333999633789062
  Y: 21.244800567626953
  Z: 35.4718017578125
aabbMin:
  X: -17.26259994506836
  Y: 10.715999603271484
  Z: -6.2972798347473145
boundingForTraverse: 10.528800964355469
bugMask: 0
cursorOffsetY: 0.5
instSizeCafe: 72520
instSizeNx: 190480
sortKey: -4
terrainTextures:
- 505221649
- !u 0xffffff26
