aabbMax:
  X: 5.8937602043151855
  Y: 6.111110210418701
  Z: 7.323860168457031
aabbMin:
  X: -5.8937602043151855
  Y: -24.001699447631836
  Z: -7.486159801483154
boundingForTraverse: 30.112810134887695
bugMask: 0
cursorOffsetY: 0.5
instSizeCafe: -1
instSizeNx: 260200
sortKey: 0
traverseDist: 3000.0
