aabbMax:
  X: 30.58169937133789
  Y: 1.4961700439453125
  Z: 9.054189682006836
aabbMin:
  X: -29.774799346923828
  Y: -59.043800354003906
  Z: -14.546500205993652
boundingForTraverse: 60.53997039794922
bugMask: 0
cursorOffsetY: 0.5
instSizeCafe: 17200
instSizeNx: -1
sortKey: 0
traverseDist: 5000.0
