aabbMax:
  X: 30.369300842285156
  Y: 19.57659912109375
  Z: 3.740950107574463
aabbMin:
  X: -0.46302199363708496
  Y: -1.625059962272644
  Z: -11.7076997756958
boundingForTraverse: 21.201658248901367
bugMask: 0
cursorOffsetY: 0.5
instSizeCafe: 17140
instSizeNx: 75656
sortKey: 0
traverseDist: 3000.0
