aabbMax:
  X: 90.8927993774414
  Y: 226.2169952392578
  Z: 116.40299987792969
aabbMin:
  X: -90.7968978881836
  Y: -41.106998443603516
  Z: -85.34230041503906
boundingForTraverse: 267.3240051269531
bugMask: 0
instSizeCafe: 937820
instSizeNx: -1
sortKey: -29
terrainTextures:
- !u 0xffffff53
traverseDist: 771.5001220703125
