aabbMax:
  X: 18.881799697875977
  Y: 24.016599655151367
  Z: 13.706500053405762
aabbMin:
  X: -13.121600151062012
  Y: -4.331920146942139
  Z: -23.7903995513916
boundingForTraverse: 28.348520278930664
bugMask: 0
instSizeCafe: 484572
instSizeNx: -1
sortKey: -10
terrainTextures:
- 1277102848
traverseDist: 549.2974243164062
