aabbMax:
  X: 0.22829200327396393
  Y: 1.7021900415420532
  Z: 0.189751997590065
aabbMin:
  X: -0.22064800560474396
  Y: 1.1721199750900269
  Z: -0.15934699773788452
boundingForTraverse: 0.5300700068473816
bugMask: 0
cursorOffsetY: 0.6000000238418579
instSizeCafe: 21752
instSizeNx: -1
lookAtOffsetY: -0.10000000149011612
rigidBodyCenterY: 1.37785005569458
sortKey: 6
