aabbMax:
  X: 0.5939099788665771
  Y: 4.252600193023682
  Z: 0.5939099788665771
aabbMin:
  X: -0.5939059853553772
  Y: 0.01306500006467104
  Z: -0.5939059853553772
boundingForTraverse: 4.239534854888916
bugMask: 0
cursorOffsetY: 0.5
instSizeCafe: 19956
instSizeNx: 75656
sortKey: 10
