aabbMax:
  X: 41.48680114746094
  Y: 3.5575499534606934
  Z: 15.012800216674805
aabbMin:
  X: -41.13970184326172
  Y: -3.5079400539398193
  Z: -15.69379997253418
boundingForTraverse: 7.065489768981934
bugMask: 0
cursorOffsetY: 0.5
instSizeCafe: 17140
instSizeNx: 75656
sortKey: 0
traverseDist: 2000.0
