aabbMax:
  X: 0.7244830131530762
  Y: 5.523250102996826
  Z: 2.09879994392395
aabbMin:
  X: -0.6333479881286621
  Y: -0.1163949966430664
  Z: -0.2802880108356476
boundingForTraverse: 5.639645099639893
bugMask: 3
cursorOffsetY: 0.5
instSizeCafe: -1
instSizeNx: 164504
rigidBodyCenterY: 3.0765600204467773
sortKey: -9
traverseDist: 200.0
