aabbMax:
  X: 7.1493000984191895
  Y: 8.959549903869629
  Z: 11.289400100708008
aabbMin:
  X: -20.116300582885742
  Y: -9.399999618530273
  Z: -17.716400146484375
boundingForTraverse: 18.35955047607422
bugMask: 0
cursorOffsetY: 0.5
instSizeCafe: 268164
instSizeNx: -1
sortKey: 1
traverseDist: 539.8088989257812
