aabbMax:
  X: 7.361579895019531
  Y: 12.28320026397705
  Z: 7.44966983795166
aabbMin:
  X: -7.361579895019531
  Y: -0.331928014755249
  Z: -7.452700138092041
boundingForTraverse: 12.615129470825195
bugMask: 0
cursorOffsetY: 0.5
instSizeCafe: 135584
instSizeNx: 329912
sortKey: -4
traverseDist: 200.0
