aabbMax:
  X: 20.844999313354492
  Y: 15.273200035095215
  Z: 65.2853012084961
aabbMin:
  X: -20.844999313354492
  Y: -15.273200035095215
  Z: -65.2853012084961
boundingForTraverse: 30.54640007019043
bugMask: 0
cursorOffsetY: 0.5
instSizeCafe: 199192
instSizeNx: 497728
sortKey: -4
terrainTextures:
- !u 0xffffff53
traverseDist: 637.064697265625
