aabbMax:
  X: 5.534850120544434
  Y: 5.207759857177734
  Z: 7.272679805755615
aabbMin:
  X: -6.584400177001953
  Y: -0.7647950053215027
  Z: -6.279660224914551
boundingForTraverse: 5.972555160522461
bugMask: 0
cursorOffsetY: 0.5
instSizeCafe: -1
instSizeNx: 329912
sortKey: 13
traverseDist: 300.0
