aabbMax:
  X: 1.686519980430603
  Y: 1.739259958267212
  Z: 0.515625
aabbMin:
  X: -1.5439499616622925
  Y: -1.6699199676513672
  Z: -1.541990041732788
boundingForTraverse: 3.409179925918579
bugMask: 3
cursorOffsetY: 1.0
instSizeCafe: 185648
instSizeNx: -1
sortKey: -19
traverseDist: 50.0
