aabbMax:
  X: 1.6390999555587769
  Y: 2.2972700595855713
  Z: 1.2273199558258057
aabbMin:
  X: -1.7086399793624878
  Y: -0.005900000222027302
  Z: -1.1448999643325806
boundingForTraverse: 2.3031699657440186
bugMask: 0
cursorOffsetY: 0.5
instSizeCafe: -1
instSizeNx: 145368
sortKey: 2
