aabbMax:
  X: 3.915410041809082
  Y: 3.124229907989502
  Z: 3.161259889602661
aabbMin:
  X: -51.34769821166992
  Y: -10.457200050354004
  Z: -3.1742498874664307
boundingForTraverse: 13.581430435180664
bugMask: 0
instSizeCafe: 17140
instSizeNx: 75656
sortKey: 0
traverseDist: 1000.0
