aabbMax:
  X: 8.47976016998291
  Y: 22.657400131225586
  Z: 7.841390132904053
aabbMin:
  X: -6.353270053863525
  Y: -0.5999990105628967
  Z: -5.512869834899902
boundingForTraverse: 23.25739860534668
bugMask: 0
instSizeCafe: 191988
instSizeNx: -1
sortKey: 4
traverseDist: 519.9588623046875
