aabbMax:
  X: 340.1579895019531
  Y: 9.39540958404541
  Z: 365.35699462890625
aabbMin:
  X: -340.1579895019531
  Y: -12.319100379943848
  Z: -365.35699462890625
boundingForTraverse: 21.714509963989258
bugMask: 0
cursorOffsetY: 0.5
instSizeCafe: 17744
instSizeNx: -1
sortKey: -16
terrainTextures:
- !u 0xffffff03
traverseDist: 1498.385009765625
