aabbMax:
  X: 0.41182801127433777
  Y: 3.1322100162506104
  Z: 0.40768399834632874
aabbMin:
  X: -0.40338099002838135
  Y: -0.005776999983936548
  Z: -0.39819100499153137
boundingForTraverse: 3.137986898422241
bugMask: 0
cursorOffsetY: 0.5
instSizeCafe: 54036
instSizeNx: -1
rigidBodyCenterY: 1.409209966659546
sortKey: 1
