aabbMax:
  X: 5.084000110626221
  Y: 3.2118399143218994
  Z: 12.256799697875977
aabbMin:
  X: -6.673449993133545
  Y: -3.336709976196289
  Z: -7.770420074462891
boundingForTraverse: 6.548550128936768
bugMask: 0
cursorOffsetY: 0.5
instSizeCafe: 102864
instSizeNx: -1
sortKey: 26
