aabbMax:
  X: 11.60890007019043
  Y: 24.134000778198242
  Z: 13.487000465393066
aabbMin:
  X: -13.175299644470215
  Y: -1.0454000234603882
  Z: -10.908100128173828
boundingForTraverse: 25.179401397705078
bugMask: 0
cursorOffsetY: 0.5
instSizeCafe: 17136
instSizeNx: -1
sortKey: 0
traverseDist: 2000.0
