aabbMax:
  X: 1.2299599647521973
  Y: 0.9860829710960388
  Z: 0.8764979839324951
aabbMin:
  X: -1.1781200170516968
  Y: -0.0067449999041855335
  Z: -1.362339973449707
boundingForTraverse: 0.9928280115127563
bugMask: 0
cursorOffsetY: 0.5
instSizeCafe: -1
instSizeNx: 141272
sortKey: 5
