aabbMax:
  X: 16.197900772094727
  Y: 3.2918701171875
  Z: 4.2718000411987305
aabbMin:
  X: -5.816090106964111
  Y: -3.870539903640747
  Z: -14.838600158691406
boundingForTraverse: 7.162409782409668
bugMask: 0
cursorOffsetY: 0.5
instSizeCafe: 17392
instSizeNx: -1
sortKey: 1
terrainTextures:
- !u 0xffff1d11
traverseDist: 529.1517333984375
