aabbMax:
  X: 0.028450999408960342
  Y: 1.4994699954986572
  Z: 0.11809799820184708
aabbMin:
  X: -3.333970069885254
  Y: -0.3001619875431061
  Z: -0.13086499273777008
boundingForTraverse: 1.799631953239441
bugMask: 0
cursorOffsetY: 0.5
instSizeCafe: -1
instSizeNx: 75656
sortKey: -25
traverseDist: 200.0
