aabbMax:
  X: 2.1470301151275635
  Y: 0.18348699808120728
  Z: 0.6208029985427856
aabbMin:
  X: -2.127810001373291
  Y: -39.75360107421875
  Z: -3.551909923553467
boundingForTraverse: 39.93708801269531
bugMask: 0
cursorOffsetY: 0.5
instSizeCafe: -1
instSizeNx: 76088
sortKey: 0
traverseDist: 1000.0
