aabbMax:
  X: 25.288799285888672
  Y: 8.989270210266113
  Z: 28.239900588989258
aabbMin:
  X: -20.435300827026367
  Y: -0.5002570152282715
  Z: -29.977100372314453
boundingForTraverse: 9.489526748657227
bugMask: 0
cursorOffsetY: 0.5
instSizeCafe: 52792
instSizeNx: -1
sortKey: 0
traverseDist: 574.0264282226562
