aabbMax:
  X: 19.363500595092773
  Y: 32.43550109863281
  Z: 14.160200119018555
aabbMin:
  X: -13.442000389099121
  Y: -0.702468991279602
  Z: -13.400799751281738
boundingForTraverse: 33.137969970703125
bugMask: 0
instSizeCafe: 343200
instSizeNx: -1
sortKey: 0
traverseDist: 542.8463745117188
