aabbMax:
  X: 26.576400756835938
  Y: 18.607999801635742
  Z: 26.968799591064453
aabbMin:
  X: -26.577999114990234
  Y: -12.465100288391113
  Z: -25.563499450683594
boundingForTraverse: 31.073101043701172
bugMask: 0
cursorOffsetY: 0.5
instSizeCafe: 204064
instSizeNx: -1
sortKey: 0
traverseDist: 1000.0
