aabbMax:
  X: 5.417379856109619
  Y: 7.275370121002197
  Z: 3.3129899501800537
aabbMin:
  X: -5.083199977874756
  Y: 2.7158000469207764
  Z: -4.807310104370117
boundingForTraverse: 4.559569835662842
bugMask: 0
cursorOffsetY: 0.5
instSizeCafe: 176104
instSizeNx: -1
sortKey: 0
