aabbMax:
  X: 1.7656500339508057
  Y: 1.6302800178527832
  Z: 1.8687599897384644
aabbMin:
  X: -1.894320011138916
  Y: -0.9349480271339417
  Z: -1.9303900003433228
boundingForTraverse: 2.56522798538208
bugMask: 0
cursorOffsetY: 0.5
instSizeCafe: 18548
instSizeNx: 75656
sortKey: 1
