aabbMax:
  X: 18.885299682617188
  Y: 23.999000549316406
  Z: 13.727299690246582
aabbMin:
  X: -12.95930004119873
  Y: -4.3359198570251465
  Z: -23.756999969482422
boundingForTraverse: 28.33492088317871
bugMask: 0
instSizeCafe: 312708
instSizeNx: -1
sortKey: 0
terrainTextures:
- 1277102848
traverseDist: 2000.0
