aabbMax:
  X: 0.3014169931411743
  Y: 1.788349986076355
  Z: 0.39924800395965576
aabbMin:
  X: -0.26305198669433594
  Y: 0.0
  Z: -0.24197599291801453
boundingForTraverse: 1.788349986076355
bugMask: 0
cursorOffsetY: 0.5
instSizeCafe: 48256
instSizeNx: -1
sortKey: 0
