aabbMax:
  X: 140.78700256347656
  Y: 16.62470054626465
  Z: 38.92279815673828
aabbMin:
  X: -28.046899795532227
  Y: -15.722599983215332
  Z: -38.92279815673828
boundingForTraverse: 32.3473014831543
bugMask: 0
instSizeCafe: 117236
instSizeNx: 272488
sortKey: -10
traverseDist: 1000.0
