aabbMax:
  X: 40.02510070800781
  Y: 62.37839889526367
  Z: 46.911800384521484
aabbMin:
  X: -28.68280029296875
  Y: -10.0
  Z: -28.040800094604492
boundingForTraverse: 72.37840270996094
bugMask: 0
cursorOffsetY: 0.5
instSizeCafe: 333160
instSizeNx: -1
sortKey: -9
terrainTextures:
- !u 0xffffff52
traverseDist: 601.6792602539062
