aabbMax:
  X: 2.35221004486084
  Y: 0.985614001750946
  Z: 0.6389139890670776
aabbMin:
  X: -2.35221004486084
  Y: 0.0
  Z: -0.6389139890670776
boundingForTraverse: 0.985614001750946
bugMask: 0
cursorOffsetY: 0.5
instSizeCafe: 38040
instSizeNx: -1
sortKey: -4
