aabbMax:
  X: 3.8604300022125244
  Y: 3.0716099739074707
  Z: 3.3310298919677734
aabbMin:
  X: -56.75740051269531
  Y: -13.093899726867676
  Z: -3.1884899139404297
boundingForTraverse: 16.165510177612305
bugMask: 0
instSizeCafe: 17140
instSizeNx: -1
sortKey: 0
traverseDist: 1000.0
