aabbMax:
  X: 30.82550048828125
  Y: 62.72829818725586
  Z: 4.268889904022217
aabbMin:
  X: -30.4591007232666
  Y: -1.2778799533843994
  Z: -17.953699111938477
boundingForTraverse: 64.00617980957031
bugMask: 0
cursorOffsetY: 0.5
instSizeCafe: -1
instSizeNx: 75656
sortKey: 0
traverseDist: 1500.0
