aabbMax:
  X: 7.06866979598999
  Y: 1.5476399660110474
  Z: 4.158689975738525
aabbMin:
  X: -3.185800075531006
  Y: -1.063770055770874
  Z: -0.7346540093421936
boundingForTraverse: 2.611409902572632
bugMask: 0
cursorOffsetY: 0.5
instSizeCafe: -1
instSizeNx: 235592
sortKey: 6
