aabbMax:
  X: 5.834239959716797
  Y: 14.742899894714355
  Z: 5.702040195465088
aabbMin:
  X: -5.803860187530518
  Y: -0.8525779843330383
  Z: -5.718709945678711
boundingForTraverse: 15.595478057861328
bugMask: 0
instSizeCafe: 91120
instSizeNx: -1
sortKey: -14
traverseDist: 516.3057861328125
