aabbMax:
  X: 1.1082099676132202
  Y: 3.031169891357422
  Z: 0.6615279912948608
aabbMin:
  X: -0.9700000286102295
  Y: -0.4762429893016815
  Z: -0.5590559840202332
boundingForTraverse: 3.507412910461426
bugMask: 0
cursorOffsetY: 0.5
instSizeCafe: 59772
instSizeNx: -1
sortKey: 6
