aabbMax:
  X: 6.214109897613525
  Y: 5.407259941101074
  Z: 6.999989986419678
aabbMin:
  X: -102.85900115966797
  Y: -15.750800132751465
  Z: -42.003299713134766
boundingForTraverse: 21.15806007385254
bugMask: 0
cursorOffsetY: 0.5
instSizeCafe: 109520
instSizeNx: -1
sortKey: 5
terrainTextures:
- !u 0xffffff2c
traverseDist: 619.5753784179688
