aabbMax:
  X: 5.383049964904785
  Y: 3.703979969024658
  Z: 5.256589889526367
aabbMin:
  X: -6.633490085601807
  Y: -2.9869699478149414
  Z: -13.939499855041504
boundingForTraverse: 6.6909499168396
bugMask: 0
cursorOffsetY: 0.5
instSizeCafe: -1
instSizeNx: 231496
sortKey: 26
