aabbMax:
  X: 118.9739990234375
  Y: 78.97239685058594
  Z: 299.5920104980469
aabbMin:
  X: -108.76599884033203
  Y: -71.0280990600586
  Z: -67.91590118408203
boundingForTraverse: 150.00048828125
bugMask: 0
cursorOffsetY: 0.5
instSizeCafe: -1
instSizeNx: 334008
sortKey: -18
terrainTextures:
- 1344082188
traverseDist: 932.3511962890625
