aabbMax:
  X: 10.362799644470215
  Y: 15.78030014038086
  Z: 10.706700325012207
aabbMin:
  X: -10.362199783325195
  Y: -0.21241599321365356
  Z: -8.547630310058594
boundingForTraverse: 15.992715835571289
bugMask: 0
instSizeCafe: 283000
instSizeNx: -1
sortKey: -7
traverseDist: 300.0
