aabbMax:
  X: 4.597109794616699
  Y: 3.272969961166382
  Z: 7.643599987030029
aabbMin:
  X: -10.31350040435791
  Y: -2.851059913635254
  Z: -7.636730194091797
boundingForTraverse: 6.124030113220215
bugMask: 0
cursorOffsetY: 0.5
instSizeCafe: 157984
instSizeNx: -1
sortKey: 26
