aabbMax:
  X: 31.608800888061523
  Y: 61.69049835205078
  Z: 4.2068400382995605
aabbMin:
  X: -30.299400329589844
  Y: -1.0362199544906616
  Z: -18.0137996673584
boundingForTraverse: 62.72671890258789
bugMask: 0
cursorOffsetY: 0.5
instSizeCafe: 155904
instSizeNx: -1
sortKey: 0
terrainTextures:
- !u 0xffffff08
traverseDist: 565.7752685546875
