aabbMax:
  X: 21.153400421142578
  Y: 9.922419548034668
  Z: 32.785400390625
aabbMin:
  X: -30.357099533081055
  Y: -0.684686005115509
  Z: -73.55690002441406
boundingForTraverse: 10.607105255126953
bugMask: 0
cursorOffsetY: 0.5
instSizeCafe: 17140
instSizeNx: 75656
sortKey: 0
traverseDist: 1000.0
