aabbMax:
  X: 46.490501403808594
  Y: 54.72700119018555
  Z: 22.43720054626465
aabbMin:
  X: -25.64430046081543
  Y: -42.422698974609375
  Z: -25.248899459838867
boundingForTraverse: 97.14970397949219
bugMask: 0
cursorOffsetY: 0.5
instSizeCafe: 579408
instSizeNx: 1391608
sortKey: 0
terrainTextures:
- 1397890321
traverseDist: 100.0
