aabbMax:
  X: 9.630249977111816
  Y: 37.01890182495117
  Z: 12.720399856567383
aabbMin:
  X: -9.916040420532227
  Y: -1.1322100162506104
  Z: -20.103599548339844
boundingForTraverse: 38.1511116027832
bugMask: 0
cursorOffsetY: 0.5
instSizeCafe: 17776
instSizeNx: -1
sortKey: 0
traverseDist: 1000.0
