aabbMax:
  X: 21.600000381469727
  Y: 16.755599975585938
  Z: 17.457599639892578
aabbMin:
  X: -21.600000381469727
  Y: 0.0
  Z: -14.527000427246094
boundingForTraverse: 16.755599975585938
bugMask: 0
cursorOffsetY: 0.5
instSizeCafe: -1
instSizeNx: 432088
sortKey: 2
traverseDist: 553.7517700195312
