aabbMax:
  X: 18.718399047851562
  Y: 14.38070011138916
  Z: 14.42609977722168
aabbMin:
  X: -14.17140007019043
  Y: -0.5763239860534668
  Z: -5.6616902351379395
boundingForTraverse: 14.957023620605469
bugMask: 0
cursorOffsetY: 0.5
instSizeCafe: 275892
instSizeNx: -1
sortKey: 5148
terrainTextures:
- 1397890321
traverseDist: 300.0
