aabbMax:
  X: 11.540399551391602
  Y: 24.03849983215332
  Z: 13.322400093078613
aabbMin:
  X: -13.091899871826172
  Y: -0.9053270220756531
  Z: -10.7608003616333
boundingForTraverse: 24.94382667541504
bugMask: 0
cursorOffsetY: 0.5
instSizeCafe: 310212
instSizeNx: -1
sortKey: -2
terrainTextures:
- 1277102848
traverseDist: 534.44921875
