aabbMax:
  X: 37.93230056762695
  Y: 14.866299629211426
  Z: 37.970699310302734
aabbMin:
  X: -37.834800720214844
  Y: -3.112410068511963
  Z: -37.89699935913086
boundingForTraverse: 17.978710174560547
bugMask: 2
instSizeCafe: 19740
instSizeNx: -1
sortKey: 0
traverseDist: 2000.0
