aabbMax:
  X: 1.079360008239746
  Y: 1.7530399560928345
  Z: 0.7839339971542358
aabbMin:
  X: -2.1935698986053467
  Y: -0.02833699993789196
  Z: -1.1730200052261353
boundingForTraverse: 1.7813769578933716
bugMask: 0
cursorOffsetY: 0.5
instSizeCafe: 49592
instSizeNx: -1
sortKey: 2
