aabbMax:
  X: 2.926759958267212
  Y: 2.11995005607605
  Z: 3.5272300243377686
aabbMin:
  X: -4.255730152130127
  Y: -0.7177640199661255
  Z: -4.231599807739258
boundingForTraverse: 2.8377139568328857
bugMask: 0
cursorOffsetY: 0.5
instSizeCafe: 53816
instSizeNx: -1
sortKey: -20
