aabbMax:
  X: 7.908299922943115
  Y: 7.325369834899902
  Z: 5.893829822540283
aabbMin:
  X: -10.913700103759766
  Y: -0.09957599639892578
  Z: -8.725729942321777
boundingForTraverse: 7.424945831298828
bugMask: 0
cursorOffsetY: 0.5
instSizeCafe: -1
instSizeNx: 383216
sortKey: 12
traverseDist: 300.0
