aabbMax:
  X: 1.3671000003814697
  Y: 15.482399940490723
  Z: 4.671969890594482
aabbMin:
  X: -1.367050051689148
  Y: -1.9083900451660156
  Z: -4.718760013580322
boundingForTraverse: 17.390789031982422
bugMask: 0
cursorOffsetY: 0.5
instSizeCafe: 17388
instSizeNx: -1
sortKey: 0
traverseDist: 3000.0
