aabbMax:
  X: 8.44789981842041
  Y: 2.32423996925354
  Z: 10.348400115966797
aabbMin:
  X: -3.867680072784424
  Y: -3.87746000289917
  Z: -9.571829795837402
boundingForTraverse: 6.201700210571289
bugMask: 0
cursorOffsetY: 0.5
instSizeCafe: 133216
instSizeNx: 329912
sortKey: -1
