aabbMax:
  X: 4.154150009155273
  Y: 0.0
  Z: 6.102829933166504
aabbMin:
  X: -4.256499767303467
  Y: -61.5806999206543
  Z: -17.935699462890625
boundingForTraverse: 61.5806999206543
bugMask: 0
cursorOffsetY: 0.5
instSizeCafe: 19580
instSizeNx: -1
sortKey: 22
traverseDist: 525.4674072265625
