aabbMax:
  X: 4.882190227508545
  Y: 24.635499954223633
  Z: 5.088600158691406
aabbMin:
  X: -4.792379856109619
  Y: 16.80069923400879
  Z: -4.867869853973389
boundingForTraverse: 7.834801197052002
bugMask: 0
cursorOffsetY: 0.5
instSizeCafe: -1
instSizeNx: 96160
sortKey: 3
terrainTextures:
- !u 0xffffff33
traverseDist: 513.8826904296875
