aabbMax:
  X: 1.638569951057434
  Y: 1.4855600595474243
  Z: 0.09194900095462799
aabbMin:
  X: -1.646880030632019
  Y: -0.32296401262283325
  Z: -0.07781100273132324
boundingForTraverse: 1.8085240125656128
bugMask: 0
cursorOffsetY: 0.5
instSizeCafe: -1
instSizeNx: 96160
sortKey: 8
