aabbMax:
  X: 5.1073899269104
  Y: 13.628600120544434
  Z: 3.971820116043091
aabbMin:
  X: -5.0137200355529785
  Y: -1.780769944190979
  Z: -3.7181999683380127
boundingForTraverse: 15.409370422363281
bugMask: 0
cursorOffsetY: 0.5
instSizeCafe: 17140
instSizeNx: -1
sortKey: 0
traverseDist: 3000.0
