aabbMax:
  X: 44.562599182128906
  Y: 18.5841007232666
  Z: 71.739501953125
aabbMin:
  X: -44.617801666259766
  Y: -4.953460216522217
  Z: -71.4635009765625
boundingForTraverse: 23.537561416625977
bugMask: 0
cursorOffsetY: 0.5
instSizeCafe: -1
instSizeNx: 75656
sortKey: 0
traverseDist: 1000.0
