aabbMax:
  X: 11.375
  Y: 13.399999618530273
  Z: 3.700000047683716
aabbMin:
  X: -0.5
  Y: -3.5
  Z: -3.700000047683716
boundingForTraverse: 16.899999618530273
bugMask: 0
cursorOffsetY: 0.5
instSizeCafe: 149824
instSizeNx: -1
sortKey: -1
terrainTextures:
- !u 0xffffff53
traverseDist: 3000.0
