aabbMax:
  X: 0.4347720146179199
  Y: 0.6854879856109619
  Z: 0.36000099778175354
aabbMin:
  X: -0.4347720146179199
  Y: 0.0
  Z: -0.4103600084781647
boundingForTraverse: 0.6854879856109619
bugMask: 0
cursorOffsetY: 0.5
instSizeCafe: 17140
instSizeNx: 75656
sortKey: 0
