aabbMax:
  X: 2.86476993560791
  Y: 0.2282869964838028
  Z: 2.536370038986206
aabbMin:
  X: -1.2403600215911865
  Y: -0.030059000477194786
  Z: -1.9102799892425537
boundingForTraverse: 0.25834599137306213
bugMask: 0
cursorOffsetY: 0.5
instSizeCafe: 18292
instSizeNx: 75656
sortKey: -2
traverseDist: 300.0
