aabbMax:
  X: 0.7370880246162415
  Y: 1.4603400230407715
  Z: 0.7370830178260803
aabbMin:
  X: -0.7370849847793579
  Y: -1.0691900253295898
  Z: -0.7370839715003967
boundingForTraverse: 2.5295300483703613
bugMask: 3
cursorOffsetY: 0.5
instSizeCafe: 72800
instSizeNx: -1
rigidBodyCenterY: 0.4678739905357361
sortKey: -8
