aabbMax:
  X: 72.28369903564453
  Y: 123.12300109863281
  Z: 79.314697265625
aabbMin:
  X: -69.79039764404297
  Y: 14.609600067138672
  Z: -37.87580108642578
boundingForTraverse: 108.51339721679688
bugMask: 0
cursorOffsetY: 0.5
instSizeCafe: -1
instSizeNx: 75656
sortKey: 0
traverseDist: 1000.0
