aabbMax:
  X: 0.15219800174236298
  Y: 0.9704110026359558
  Z: 0.15219800174236298
aabbMin:
  X: -0.15219800174236298
  Y: -0.012206999585032463
  Z: -0.15219800174236298
boundingForTraverse: 0.982617974281311
bugMask: 0
cursorOffsetY: 0.5
instSizeCafe: -1
instSizeNx: 75656
sortKey: 5690
