aabbMax:
  X: 10.273200035095215
  Y: 14.603300094604492
  Z: 3.856070041656494
aabbMin:
  X: -0.08240699768066406
  Y: -1.6162500381469727
  Z: -3.738729953765869
boundingForTraverse: 16.21955108642578
bugMask: 0
cursorOffsetY: 0.5
instSizeCafe: 17136
instSizeNx: -1
sortKey: 0
traverseDist: 3000.0
