aabbMax:
  X: 36.82379913330078
  Y: 101.63600158691406
  Z: 36.21699905395508
aabbMin:
  X: -34.53670120239258
  Y: -124.83399963378906
  Z: -36.307098388671875
boundingForTraverse: 226.47000122070312
bugMask: 0
cursorOffsetY: 0.5
instSizeCafe: 41640
instSizeNx: 119184
sortKey: -12
traverseDist: 601.7451171875
