aabbMax:
  X: 19.23889923095703
  Y: 32.57809829711914
  Z: 14.2524995803833
aabbMin:
  X: -13.905099868774414
  Y: -0.6840140223503113
  Z: -13.504899978637695
boundingForTraverse: 33.26211166381836
bugMask: 0
cursorOffsetY: 0.5
instSizeCafe: 18100
instSizeNx: 75656
sortKey: 0
