aabbMax:
  X: 2.411669969558716
  Y: 0.8098090291023254
  Z: 0.523904025554657
aabbMin:
  X: -2.411669969558716
  Y: -5.020890235900879
  Z: -0.2736879885196686
boundingForTraverse: 5.8306989669799805
bugMask: 0
cursorOffsetY: 0.5
instSizeCafe: 17268
instSizeNx: -1
sortKey: 0
