aabbMax:
  X: 6.026710033416748
  Y: 9.730569839477539
  Z: 8.864480018615723
aabbMin:
  X: -6.145810127258301
  Y: -0.724407970905304
  Z: -6.873799800872803
boundingForTraverse: 10.454977989196777
bugMask: 0
cursorOffsetY: 0.5
instSizeCafe: -1
instSizeNx: 309408
sortKey: 0
terrainTextures:
- !u 0xffffff52
