aabbMax:
  X: 30.316999435424805
  Y: 1.298550009727478
  Z: 8.854280471801758
aabbMin:
  X: -29.58329963684082
  Y: -58.73030090332031
  Z: -14.435400009155273
boundingForTraverse: 60.02885055541992
bugMask: 0
cursorOffsetY: 0.5
instSizeCafe: 39932
instSizeNx: -1
sortKey: -10
terrainTextures:
- 1344082188
traverseDist: 564.2686157226562
