aabbMax:
  X: 5.773719787597656
  Y: 14.879400253295898
  Z: 5.6196699142456055
aabbMin:
  X: -5.689410209655762
  Y: -0.8657190203666687
  Z: -5.4013800621032715
boundingForTraverse: 15.745119094848633
bugMask: 0
instSizeCafe: 17388
instSizeNx: -1
sortKey: 0
traverseDist: 2000.0
