aabbMax:
  X: 30.233299255371094
  Y: 19.422800064086914
  Z: 3.6999900341033936
aabbMin:
  X: -0.005826999898999929
  Y: -1.522779941558838
  Z: -11.69789981842041
boundingForTraverse: 20.945579528808594
bugMask: 0
cursorOffsetY: 0.5
instSizeCafe: 104916
instSizeNx: 260200
sortKey: 0
traverseDist: 533.9337768554688
