aabbMax:
  X: 24.148500442504883
  Y: 79.75090026855469
  Z: 44.299800872802734
aabbMin:
  X: -27.915599822998047
  Y: -0.8528140187263489
  Z: -44.54710006713867
boundingForTraverse: 80.60371398925781
bugMask: 0
cursorOffsetY: 0.5
instSizeCafe: 18064
instSizeNx: -1
sortKey: 0
traverseDist: 6000.0
