aabbMax:
  X: 0.7666019797325134
  Y: 0.8696290254592896
  Z: 0.8980100154876709
aabbMin:
  X: -0.7778319716453552
  Y: -3.553299903869629
  Z: -0.9724370241165161
boundingForTraverse: 4.422928810119629
bugMask: 3
cursorOffsetY: 0.5
instSizeCafe: 90756
instSizeNx: -1
rigidBodyCenterY: -1.7315200567245483
sortKey: 0
