aabbMax:
  X: 120.19400024414062
  Y: 42.22719955444336
  Z: 89.33869934082031
aabbMin:
  X: -120.43699645996094
  Y: -42.29779815673828
  Z: -90.00759887695312
boundingForTraverse: 84.52499389648438
bugMask: 0
cursorOffsetY: 0.5
instSizeCafe: -1
instSizeNx: 75656
sortKey: 0
traverseDist: 5000.0
