aabbMax:
  X: 2.7593400478363037
  Y: 0.1757110059261322
  Z: 4.026370048522949
aabbMin:
  X: -1.2563300132751465
  Y: -0.05639699846506119
  Z: -1.8162800073623657
boundingForTraverse: 0.2321079969406128
bugMask: 0
cursorOffsetY: 0.5
instSizeCafe: -1
instSizeNx: 75656
sortKey: -3
traverseDist: 300.0
