aabbMax:
  X: 8.529459953308105
  Y: 1.860509991645813
  Z: 10.05210018157959
aabbMin:
  X: -3.6579298973083496
  Y: -4.615670204162598
  Z: -9.745269775390625
boundingForTraverse: 6.476180076599121
bugMask: 0
cursorOffsetY: 0.5
instSizeCafe: -1
instSizeNx: 678128
sortKey: 0
