aabbMax:
  X: 1.0118499994277954
  Y: 2.8851399421691895
  Z: 0.20295800268650055
aabbMin:
  X: -0.9608309864997864
  Y: 1.100000023841858
  Z: -0.07821500301361084
boundingForTraverse: 1.785140037536621
bugMask: 3
cursorOffsetY: 0.5
instSizeCafe: -1
instSizeNx: 152992
rigidBodyCenterY: 2.134079933166504
sortKey: -29
traverseDist: 150.0
