aabbMax:
  X: 14.413700103759766
  Y: 0.01335499994456768
  Z: 9.982270240783691
aabbMin:
  X: -14.413700103759766
  Y: -62.170101165771484
  Z: -13.5
boundingForTraverse: 62.18345642089844
bugMask: 0
cursorOffsetY: 0.5
instSizeCafe: 19960
instSizeNx: -1
sortKey: 3
traverseDist: 537.18115234375
