aabbMax:
  X: 5.315169811248779
  Y: 5.466020107269287
  Z: 6.436379909515381
aabbMin:
  X: -4.7865400314331055
  Y: 1.525339961051941
  Z: -8.470769882202148
boundingForTraverse: 3.9406800270080566
bugMask: 0
cursorOffsetY: 0.5
instSizeCafe: 17388
instSizeNx: -1
sortKey: 0
traverseDist: 1000.0
