aabbMax:
  X: 7.562920093536377
  Y: 73.28350067138672
  Z: 6.674320220947266
aabbMin:
  X: -7.562920093536377
  Y: 24.600000381469727
  Z: -6.674320220947266
boundingForTraverse: 48.683502197265625
bugMask: 0
cursorOffsetY: 0.5
instSizeCafe: -1
instSizeNx: 145368
sortKey: 3
traverseDist: 520.1737060546875
