aabbMax:
  X: 132.0780029296875
  Y: 15.488499641418457
  Z: 55.44449996948242
aabbMin:
  X: -30.99370002746582
  Y: -12.367300033569336
  Z: -57.01810073852539
boundingForTraverse: 27.85580062866211
bugMask: 0
cursorOffsetY: 0.5
instSizeCafe: 17388
instSizeNx: -1
sortKey: 0
traverseDist: 4000.0
