aabbMax:
  X: 0.4933359920978546
  Y: 0.9647849798202515
  Z: 0.470768004655838
aabbMin:
  X: -0.3073889911174774
  Y: 0.0
  Z: -0.4512610137462616
boundingForTraverse: 0.9647849798202515
bugMask: 0
cursorOffsetY: 0.5
instSizeCafe: -1
instSizeNx: 96160
sortKey: 0
