aabbMax:
  X: 78.04620361328125
  Y: 39.327701568603516
  Z: 63.04359817504883
aabbMin:
  X: -78.10910034179688
  Y: -39.26070022583008
  Z: -63.25170135498047
boundingForTraverse: 78.5884017944336
bugMask: 0
cursorOffsetY: 0.5
instSizeCafe: 18348
instSizeNx: -1
sortKey: 0
traverseDist: 5000.0
