aabbMax:
  X: 25.97439956665039
  Y: 10.849900245666504
  Z: 25.57309913635254
aabbMin:
  X: -25.884199142456055
  Y: -24.166099548339844
  Z: -26.634899139404297
boundingForTraverse: 35.01599884033203
bugMask: 0
cursorOffsetY: 0.5
instSizeCafe: 169880
instSizeNx: -1
sortKey: 0
terrainTextures:
- !u 0xffffff40
traverseDist: 1000.0
