aabbMax:
  X: 3.639940023422241
  Y: 66.25299835205078
  Z: 6.142670154571533
aabbMin:
  X: -3.6398000717163086
  Y: -0.375900000333786
  Z: -14.74899959564209
boundingForTraverse: 66.62889862060547
bugMask: 0
cursorOffsetY: 0.5
instSizeCafe: -1
instSizeNx: 210992
sortKey: -11
terrainTextures:
- !u 0xff4c1f00
traverseDist: 522.1236572265625
