aabbMax:
  X: 0.7675819993019104
  Y: 1.1670199632644653
  Z: 0.5201680064201355
aabbMin:
  X: -0.7675819993019104
  Y: 0.0
  Z: -0.5201669931411743
boundingForTraverse: 1.1670199632644653
bugMask: 0
cursorOffsetY: 0.5
instSizeCafe: 27608
instSizeNx: 96160
sortKey: 0
