aabbMax:
  X: 3.2569499015808105
  Y: 1.2327500581741333
  Z: 2.56643009185791
aabbMin:
  X: -2.816960096359253
  Y: -0.0546099990606308
  Z: -2.5276598930358887
boundingForTraverse: 1.2873599529266357
bugMask: 0
cursorOffsetY: 0.5
instSizeCafe: 79756
instSizeNx: -1
sortKey: 22
traverseDist: 300.0
