aabbMax:
  X: 20.461200714111328
  Y: 0.5582849979400635
  Z: 6.465280055999756
aabbMin:
  X: -20.848499298095703
  Y: -35.02320098876953
  Z: -6.444779872894287
boundingForTraverse: 35.581485748291016
bugMask: 0
cursorOffsetY: 0.5
instSizeCafe: 17204
instSizeNx: -1
sortKey: 0
traverseDist: 5000.0
