aabbMax:
  X: 5.521999835968018
  Y: 0.07120899856090546
  Z: 5.521999835968018
aabbMin:
  X: -5.521999835968018
  Y: -0.1305219978094101
  Z: -5.521999835968018
boundingForTraverse: 11.043999671936035
bugMask: 0
instSizeCafe: 17392
instSizeNx: -1
sortKey: -5
