aabbMax:
  X: 35.84360122680664
  Y: 20.187000274658203
  Z: 22.37689971923828
aabbMin:
  X: -133.94500732421875
  Y: -20.187000274658203
  Z: -82.15560150146484
boundingForTraverse: 40.374000549316406
bugMask: 0
cursorOffsetY: 0.5
instSizeCafe: 187188
instSizeNx: 481272
sortKey: -7
terrainTextures:
- !u 0xffffff52
traverseDist: 699.3870849609375
