aabbMax:
  X: 0.19591300189495087
  Y: 0.6007440090179443
  Z: 0.1906130015850067
aabbMin:
  X: -0.19591300189495087
  Y: -9.999999974752427e-07
  Z: -0.18632400035858154
boundingForTraverse: 0.6007450222969055
bugMask: 0
cursorOffsetY: 0.5
instSizeCafe: 39068
instSizeNx: -1
sortKey: 4
traverseDist: 150.0
