aabbMax:
  X: 16.525400161743164
  Y: 35.305599212646484
  Z: 22.90559959411621
aabbMin:
  X: -18.880300521850586
  Y: -0.7700769901275635
  Z: -18.608600616455078
boundingForTraverse: 36.07567596435547
bugMask: 0
instSizeCafe: 38748
instSizeNx: -1
sortKey: 0
traverseDist: 1000.0
