aabbMax:
  X: 40.256500244140625
  Y: 101.63600158691406
  Z: 39.9547004699707
aabbMin:
  X: -40.256500244140625
  Y: -159.71800231933594
  Z: -39.9547004699707
boundingForTraverse: 261.35400390625
bugMask: 1
cursorOffsetY: 0.5
instSizeCafe: 48780
instSizeNx: 129432
sortKey: 1
traverseDist: 5000.0
