aabbMax:
  X: 5.8937602043151855
  Y: 11.618200302124023
  Z: 7.403960227966309
aabbMin:
  X: -5.8937602043151855
  Y: -24.053300857543945
  Z: -7.443490028381348
boundingForTraverse: 35.67150115966797
bugMask: 0
instSizeCafe: -1
instSizeNx: 309408
sortKey: -2
traverseDist: 518.9576416015625
