aabbMax:
  X: 6.834980010986328
  Y: 5.970109939575195
  Z: 6.3450798988342285
aabbMin:
  X: -8.388389587402344
  Y: 0.37064799666404724
  Z: -5.042779922485352
boundingForTraverse: 5.599462032318115
bugMask: 0
cursorOffsetY: 0.5
instSizeCafe: -1
instSizeNx: 526376
sortKey: 0
