aabbMax:
  X: 2.634200096130371
  Y: 8.882760047912598
  Z: 1.3063000440597534
aabbMin:
  X: -1.0520000457763672
  Y: -0.5001729726791382
  Z: -1.1067099571228027
boundingForTraverse: 9.382932662963867
bugMask: 0
instSizeCafe: 93952
instSizeNx: -1
rigidBodyCenterY: 4.556449890136719
sortKey: 0
