aabbMax:
  X: 0.605334997177124
  Y: 2.6000399589538574
  Z: 0.7834870219230652
aabbMin:
  X: -0.6097549796104431
  Y: -0.4571689963340759
  Z: -0.6556810140609741
boundingForTraverse: 3.057209014892578
bugMask: 0
cursorOffsetY: 0.5
instSizeCafe: 49472
instSizeNx: -1
sortKey: -6
