aabbMax:
  X: 15.69279956817627
  Y: 18.583099365234375
  Z: 14.17039966583252
aabbMin:
  X: -15.021100044250488
  Y: -0.7502300143241882
  Z: -14.168499946594238
boundingForTraverse: 19.333330154418945
bugMask: 0
cursorOffsetY: 0.5
instSizeCafe: -1
instSizeNx: 1673512
sortKey: 0
terrainTextures:
- 639770368
- !u 0xff53524c
traverseDist: 300.0
