aabbMax:
  X: 9.896129608154297
  Y: 10.922599792480469
  Z: 6.380469799041748
aabbMin:
  X: -10.714799880981445
  Y: -1.0
  Z: -16.484800338745117
boundingForTraverse: 11.922599792480469
bugMask: 0
instSizeCafe: 123316
instSizeNx: -1
sortKey: -4
traverseDist: 300.0
