aabbMax:
  X: 11.678799629211426
  Y: 0.2573089897632599
  Z: 9.977069854736328
aabbMin:
  X: -11.86359977722168
  Y: -54.52130126953125
  Z: -1.9620599746704102
boundingForTraverse: 54.77861022949219
bugMask: 0
cursorOffsetY: 0.5
instSizeCafe: 17396
instSizeNx: -1
sortKey: 0
traverseDist: 1000.0
