aabbMax:
  X: 5.8937602043151855
  Y: 5.348080158233643
  Z: 7.402480125427246
aabbMin:
  X: -5.8937602043151855
  Y: -24.01460075378418
  Z: -7.456160068511963
boundingForTraverse: 29.362680435180664
bugMask: 0
instSizeCafe: -1
instSizeNx: 399312
sortKey: 0
traverseDist: 3000.0
