aabbMax:
  X: 8.580459594726562
  Y: 22.8710994720459
  Z: 7.958580017089844
aabbMin:
  X: -6.400320053100586
  Y: -0.6196010112762451
  Z: -5.400839805603027
boundingForTraverse: 23.490699768066406
bugMask: 0
instSizeCafe: 16880
instSizeNx: -1
sortKey: 0
traverseDist: 2000.0
