aabbMax:
  X: 0.6688989996910095
  Y: 0.4067290127277374
  Z: 0.7066850066184998
aabbMin:
  X: -0.06225299835205078
  Y: -0.009875999763607979
  Z: -0.9167450070381165
boundingForTraverse: 0.41660499572753906
bugMask: 0
cursorOffsetY: 0.5
instSizeCafe: 28056
instSizeNx: 96160
sortKey: 2
