aabbMax:
  X: 1.512410044670105
  Y: 5.214009761810303
  Z: 0.7076050043106079
aabbMin:
  X: -1.512410044670105
  Y: 0.0
  Z: -0.7062000036239624
boundingForTraverse: 5.214009761810303
bugMask: 0
cursorOffsetY: 0.5
instSizeCafe: 70364
instSizeNx: 179688
rigidBodyCenterY: 2.549999952316284
sortKey: 7
traverseDist: 200.0
