aabbMax:
  X: 0.34836798906326294
  Y: 3.5764501094818115
  Z: 0.34836798906326294
aabbMin:
  X: -0.34836798906326294
  Y: -0.012206999585032463
  Z: -0.34836798906326294
boundingForTraverse: 3.5886569023132324
bugMask: 0
cursorOffsetY: 0.5
instSizeCafe: 19956
instSizeNx: -1
sortKey: -18
