aabbMax:
  X: 5.8937602043151855
  Y: 5.062190055847168
  Z: 7.414050102233887
aabbMin:
  X: -5.8937602043151855
  Y: -24.053300857543945
  Z: -7.443490028381348
boundingForTraverse: 29.115489959716797
bugMask: 0
instSizeCafe: 178472
instSizeNx: -1
sortKey: -18
traverseDist: 518.965576171875
