aabbMax:
  X: 20.00790023803711
  Y: 13.849900245666504
  Z: 3.799139976501465
aabbMin:
  X: -0.23122400045394897
  Y: -1.9060300588607788
  Z: -3.834709882736206
boundingForTraverse: 15.755929946899414
bugMask: 0
cursorOffsetY: 0.5
instSizeCafe: -1
instSizeNx: 75656
sortKey: 0
traverseDist: 3000.0
