aabbMax:
  X: 5.8937602043151855
  Y: 13.371899604797363
  Z: 7.320980072021484
aabbMin:
  X: -5.9177398681640625
  Y: -24.033700942993164
  Z: -7.479300022125244
boundingForTraverse: 37.405601501464844
bugMask: 0
instSizeCafe: 112568
instSizeNx: 280704
sortKey: 0
traverseDist: 3000.0
