aabbMax:
  X: 0.35521599650382996
  Y: 1.0329500436782837
  Z: 1.7883299589157104
aabbMin:
  X: -1.0215599536895752
  Y: 0.4146200120449066
  Z: -1.6543699502944946
boundingForTraverse: 0.6183300018310547
bugMask: 1
cursorOffsetY: 0.5
instSizeCafe: 37252
instSizeNx: -1
rigidBodyCenterY: 0.7645559906959534
sortKey: 0
