aabbMax:
  X: 0.19591300189495087
  Y: 0.5979729890823364
  Z: 0.19020700454711914
aabbMin:
  X: -0.19591300189495087
  Y: -9.999999974752427e-07
  Z: -0.3256019949913025
boundingForTraverse: 0.5979740023612976
bugMask: 0
cursorOffsetY: 0.5
instSizeCafe: 38620
instSizeNx: 116672
sortKey: 6
traverseDist: 500.0
