aabbMax:
  X: 21.01930046081543
  Y: 15.673199653625488
  Z: 65.22530364990234
aabbMin:
  X: -21.20479965209961
  Y: -15.594499588012695
  Z: -64.95670318603516
boundingForTraverse: 31.2677001953125
bugMask: 0
cursorOffsetY: 0.5
instSizeCafe: 17388
instSizeNx: -1
sortKey: 0
traverseDist: 5000.0
