aabbMax:
  X: 6.891940116882324
  Y: 0.9757879972457886
  Z: 3.2334799766540527
aabbMin:
  X: -7.046609878540039
  Y: -4.603990077972412
  Z: -2.775320053100586
boundingForTraverse: 5.57977819442749
bugMask: 0
cursorOffsetY: 0.5
instSizeCafe: -1
instSizeNx: 75656
sortKey: -6
