aabbMax:
  X: 2.554450035095215
  Y: 29.017499923706055
  Z: 2.5668699741363525
aabbMin:
  X: -2.554450035095215
  Y: 0.0
  Z: -2.5668699741363525
boundingForTraverse: 29.017499923706055
bugMask: 0
cursorOffsetY: 0.5
instSizeCafe: -1
instSizeNx: 75656
sortKey: 6
traverseDist: 507.24267578125
