aabbMax:
  X: 1.7272900342941284
  Y: 1.1013100147247314
  Z: 1.195449948310852
aabbMin:
  X: -1.6646300554275513
  Y: -0.02214300073683262
  Z: -1.061650037765503
boundingForTraverse: 1.1234530210494995
bugMask: 0
cursorOffsetY: 0.5
instSizeCafe: 17396
instSizeNx: -1
sortKey: 0
