aabbMax:
  X: 0.3803820013999939
  Y: 0.5697479844093323
  Z: 0.3803820013999939
aabbMin:
  X: -0.3803820013999939
  Y: -0.9153910279273987
  Z: -0.3803820013999939
boundingForTraverse: 1.485139012336731
bugMask: 3
cursorOffsetY: 1.0
instSizeCafe: 33300
instSizeNx: -1
lookAtOffsetY: 0.699999988079071
rigidBodyCenterY: -0.058685000985860825
sortKey: 2
traverseDist: 500.0
