aabbMax:
  X: 16.600200653076172
  Y: 12.840700149536133
  Z: 16.246599197387695
aabbMin:
  X: -14.899900436401367
  Y: -1.9272199869155884
  Z: -17.68720054626465
boundingForTraverse: 14.767919540405273
bugMask: 0
cursorOffsetY: 0.5
instSizeCafe: 17780
instSizeNx: 75656
sortKey: 0
traverseDist: 4000.0
