aabbMax:
  X: 4.033689975738525
  Y: 25.98590087890625
  Z: 4.077879905700684
aabbMin:
  X: -4.763800144195557
  Y: 21.726699829101562
  Z: -4.986120223999023
boundingForTraverse: 4.2592010498046875
bugMask: 0
cursorOffsetY: 0.5
instSizeCafe: 245316
instSizeNx: -1
sortKey: -3
