aabbMax:
  X: 8.614839553833008
  Y: 2.8821001052856445
  Z: 12.831500053405762
aabbMin:
  X: -8.46133041381836
  Y: -15.820699691772461
  Z: -11.729900360107422
boundingForTraverse: 18.702800750732422
bugMask: 0
cursorOffsetY: 0.5
instSizeCafe: 194988
instSizeNx: -1
sortKey: 0
terrainTextures:
- !u 0xff261903
traverseDist: 529.9141845703125
