aabbMax:
  X: 1.2117799520492554
  Y: 2.4569599628448486
  Z: 0.44999998807907104
aabbMin:
  X: -1.2117799520492554
  Y: 0.0
  Z: -0.44999998807907104
boundingForTraverse: 2.4569599628448486
bugMask: 0
cursorOffsetY: 0.5
instSizeCafe: -1
instSizeNx: 75656
sortKey: 6
