aabbMax:
  X: 185.49099731445312
  Y: 180.82000732421875
  Z: 162.1219940185547
aabbMin:
  X: -174.74400329589844
  Y: -1.3724700212478638
  Z: -179.75999450683594
boundingForTraverse: 182.19247436523438
bugMask: 3
cursorOffsetY: 0.5
instSizeCafe: 62120
instSizeNx: -1
sortKey: 1
traverseDist: 6000.0
