aabbMax:
  X: 2.3846499919891357
  Y: 7.778409957885742
  Z: 1.4827699661254883
aabbMin:
  X: -2.384200096130371
  Y: 0.0
  Z: -1.7475700378417969
boundingForTraverse: 7.778409957885742
bugMask: 3
cursorOffsetY: 1.5
instSizeCafe: 57680
instSizeNx: -1
lookAtOffsetY: 2.5
rigidBodyCenterY: 4.223229885101318
sortKey: 0
traverseDist: 200.0
