aabbMax:
  X: 0.2278130054473877
  Y: 2.276949882507324
  Z: 0.17477400600910187
aabbMin:
  X: -0.19048500061035156
  Y: -0.3219450116157532
  Z: -0.19086900353431702
boundingForTraverse: 2.5988950729370117
bugMask: 0
cursorOffsetY: 0.5
instSizeCafe: 39028
instSizeNx: -1
sortKey: -7
