aabbMax:
  X: 2.773289918899536
  Y: 13.85789966583252
  Z: 6.424170017242432
aabbMin:
  X: -2.773289918899536
  Y: -3.169100046157837
  Z: -18.21030044555664
boundingForTraverse: 17.027000427246094
bugMask: 0
cursorOffsetY: 0.5
instSizeCafe: 63076
instSizeNx: -1
sortKey: -2
traverseDist: 200.0
