aabbMax:
  X: 16.135400772094727
  Y: 35.7661018371582
  Z: 10.98289966583252
aabbMin:
  X: -16.149700164794922
  Y: -1.7620099782943726
  Z: -7.67717981338501
boundingForTraverse: 37.52811050415039
bugMask: 0
cursorOffsetY: 0.5
instSizeCafe: 17140
instSizeNx: -1
sortKey: 0
traverseDist: 3000.0
