aabbMax:
  X: 2.253890037536621
  Y: 0.2666989862918854
  Z: 0.787509024143219
aabbMin:
  X: -2.161139965057373
  Y: -28.73870086669922
  Z: -5.0968499183654785
boundingForTraverse: 29.005399703979492
bugMask: 0
cursorOffsetY: 0.5
instSizeCafe: 17144
instSizeNx: 76088
sortKey: 0
traverseDist: 2000.0
