aabbMax:
  X: 0.6706969738006592
  Y: 3.1500000953674316
  Z: 0.24820299446582794
aabbMin:
  X: -0.6706969738006592
  Y: 0.1251000016927719
  Z: 0.05000000074505806
boundingForTraverse: 3.024899959564209
bugMask: 1
cursorOffsetY: 0.5
instSizeCafe: 24032
instSizeNx: -1
rigidBodyCenterY: 1.7706199884414673
sortKey: -8
