aabbMax:
  X: 7.970200061798096
  Y: 0.8169069886207581
  Z: 4.744259834289551
aabbMin:
  X: -7.145309925079346
  Y: -16.329700469970703
  Z: -1.6754200458526611
boundingForTraverse: 17.146608352661133
bugMask: 0
cursorOffsetY: 0.5
instSizeCafe: 18544
instSizeNx: -1
sortKey: -13
traverseDist: 516.4222412109375
