aabbMax:
  X: 0.32622599601745605
  Y: 0.5144450068473816
  Z: 0.37810400128364563
aabbMin:
  X: -0.33551499247550964
  Y: -5.500000042957254e-05
  Z: -0.3003450036048889
boundingForTraverse: 0.5145000219345093
bugMask: 0
cursorOffsetY: 0.5
instSizeCafe: 27604
instSizeNx: -1
sortKey: 0
