aabbMax:
  X: 0.6706969738006592
  Y: 1.5127099752426147
  Z: 0.26514700055122375
aabbMin:
  X: -0.6706969738006592
  Y: 0.1251000016927719
  Z: 0.05000000074505806
boundingForTraverse: 1.3876099586486816
bugMask: 1
cursorOffsetY: 0.5
instSizeCafe: -1
instSizeNx: 81912
sortKey: -3
