aabbMax:
  X: 17.20549964904785
  Y: 8.977720260620117
  Z: 12.786299705505371
aabbMin:
  X: -3.8991498947143555
  Y: 0.17324000597000122
  Z: -9.475410461425781
boundingForTraverse: 8.80448055267334
bugMask: 0
cursorOffsetY: 0.5
instSizeCafe: 267920
instSizeNx: -1
sortKey: -1
