aabbMax:
  X: 32.41419982910156
  Y: 17.27090072631836
  Z: 37.43619918823242
aabbMin:
  X: -26.415000915527344
  Y: -9.149749755859375
  Z: -37.08110046386719
boundingForTraverse: 26.420650482177734
bugMask: 0
cursorOffsetY: 0.5
instSizeCafe: 85260
instSizeNx: 210992
sortKey: 2
traverseDist: 594.9405517578125
