aabbMax:
  X: 4.40408992767334
  Y: 11.424200057983398
  Z: 6.632500171661377
aabbMin:
  X: -4.386990070343018
  Y: 3.08171010017395
  Z: -6.5
boundingForTraverse: 8.342490196228027
bugMask: 0
cursorOffsetY: 0.5
instSizeCafe: 213212
instSizeNx: 546888
sortKey: 0
