aabbMax:
  X: 7.0510101318359375
  Y: 6.591559886932373
  Z: 7.9317097663879395
aabbMin:
  X: -7.014150142669678
  Y: -0.4644030034542084
  Z: -7.740970134735107
boundingForTraverse: 7.055963039398193
bugMask: 0
instSizeCafe: -1
instSizeNx: 75720
rigidBodyCenterY: 0.9475370049476624
sortKey: 0
traverseDist: 1000.0
