aabbMax:
  X: 10.891400337219238
  Y: 14.067899703979492
  Z: 4.2980499267578125
aabbMin:
  X: -0.8914210200309753
  Y: -1.5
  Z: -4.291409969329834
boundingForTraverse: 15.567899703979492
bugMask: 0
cursorOffsetY: 0.5
instSizeCafe: 128120
instSizeNx: -1
sortKey: 0
traverseDist: 514.581298828125
