aabbMax:
  X: 8.772520065307617
  Y: 19.882099151611328
  Z: 13.528200149536133
aabbMin:
  X: -8.772520065307617
  Y: -0.39866700768470764
  Z: -11.31820011138916
boundingForTraverse: 20.280765533447266
bugMask: 0
instSizeCafe: -1
instSizeNx: 796712
sortKey: -9
traverseDist: 300.0
