aabbMax:
  X: 2.481149911880493
  Y: 1.5928399562835693
  Z: 13.864999771118164
aabbMin:
  X: -2.3623600006103516
  Y: -3.3347599506378174
  Z: -2.9022600650787354
boundingForTraverse: 4.927599906921387
bugMask: 0
cursorOffsetY: 0.5
instSizeCafe: 17136
instSizeNx: -1
sortKey: 0
traverseDist: 1000.0
