aabbMax:
  X: 27.42300033569336
  Y: 35.039100646972656
  Z: 15.375200271606445
aabbMin:
  X: -8.567660331726074
  Y: -1.6154999732971191
  Z: -16.302400588989258
boundingForTraverse: 36.65460205078125
bugMask: 0
cursorOffsetY: 0.5
instSizeCafe: 348212
instSizeNx: -1
sortKey: 0
terrainTextures:
- 1277102848
traverseDist: 2000.0
