aabbMax:
  X: 4.435259819030762
  Y: -1.1588200330734253
  Z: 0.3818570077419281
aabbMin:
  X: -4.435259819030762
  Y: -5.349299907684326
  Z: -0.3818570077419281
boundingForTraverse: 4.1904802322387695
bugMask: 0
cursorOffsetY: 0.5
instSizeCafe: 42140
instSizeNx: 116672
sortKey: 10
