aabbMax:
  X: 31.42259979248047
  Y: 85.09100341796875
  Z: 9.543829917907715
aabbMin:
  X: -9.50512981414795
  Y: 17.68950080871582
  Z: -9.413809776306152
boundingForTraverse: 67.40150451660156
bugMask: 0
cursorOffsetY: 0.5
instSizeCafe: 175852
instSizeNx: -1
sortKey: 0
terrainTextures:
- !u 0xffff332c
traverseDist: 1000.0
