aabbMax:
  X: 0.6632450222969055
  Y: 2.205359935760498
  Z: 0.1571269929409027
aabbMin:
  X: -0.6910229921340942
  Y: -0.30000001192092896
  Z: -0.056657999753952026
boundingForTraverse: 2.5053598880767822
bugMask: 1
cursorOffsetY: 0.3499999940395355
instSizeCafe: 66928
instSizeNx: 176064
lookAtOffsetY: 2.0
rigidBodyCenterY: 0.4000000059604645
sortKey: -31
traverseDist: 150.0
