aabbMax:
  X: 19.830699920654297
  Y: 9.961689949035645
  Z: 43.655601501464844
aabbMin:
  X: -18.220500946044922
  Y: -0.5
  Z: -45.06840133666992
boundingForTraverse: 10.461689949035645
bugMask: 0
cursorOffsetY: 0.5
instSizeCafe: 52792
instSizeNx: -1
sortKey: 0
traverseDist: 596.539306640625
