aabbMax:
  X: 6.877890110015869
  Y: 0.39684298634529114
  Z: 5.377910137176514
aabbMin:
  X: -9.78240966796875
  Y: -17.79199981689453
  Z: -8.797880172729492
boundingForTraverse: 18.1888427734375
bugMask: 0
cursorOffsetY: 0.5
instSizeCafe: 17136
instSizeNx: -1
sortKey: 0
