aabbMax:
  X: 1.5609099864959717
  Y: 2.4544599056243896
  Z: 1.2128599882125854
aabbMin:
  X: -1.5609099864959717
  Y: 0.0
  Z: -2.3782999515533447
boundingForTraverse: 2.4544599056243896
bugMask: 0
cursorOffsetY: 0.5
instSizeCafe: 18092
instSizeNx: -1
sortKey: 2
