aabbMax:
  X: 0.41182801127433777
  Y: 3.1322100162506104
  Z: 0.40768399834632874
aabbMin:
  X: -0.40338099002838135
  Y: -0.005776999983936548
  Z: -0.39819100499153137
boundingForTraverse: 3.137986898422241
bugMask: 1
cursorOffsetY: 1.100000023841858
instSizeCafe: 66064
instSizeNx: -1
rigidBodyCenterY: 1.5189199447631836
sortKey: -5
traverseDist: 50.0
