aabbMax:
  X: 47.914100646972656
  Y: 26.44809913635254
  Z: 47.619300842285156
aabbMin:
  X: -36.491600036621094
  Y: -7.447309970855713
  Z: -43.548301696777344
boundingForTraverse: 33.895408630371094
bugMask: 0
cursorOffsetY: 0.5
instSizeCafe: 364656
instSizeNx: -1
sortKey: 0
terrainTextures:
- 1397890321
traverseDist: 100.0
