aabbMax:
  X: 5.127649784088135
  Y: 13.546199798583984
  Z: 4.29580020904541
aabbMin:
  X: -5.175300121307373
  Y: -1.5893900394439697
  Z: -3.6858699321746826
boundingForTraverse: 15.135589599609375
bugMask: 0
cursorOffsetY: 0.5
instSizeCafe: -1
instSizeNx: 75656
sortKey: 0
traverseDist: 3000.0
