aabbMax:
  X: 0.3266820013523102
  Y: 0.550000011920929
  Z: 0.3119629919528961
aabbMin:
  X: -0.30367499589920044
  Y: -0.06324300169944763
  Z: -0.3071869909763336
boundingForTraverse: 0.6132429838180542
bugMask: 0
cursorOffsetY: 0.5
instSizeCafe: 17140
instSizeNx: -1
sortKey: -1
