aabbMax:
  X: 5.702010154724121
  Y: 10.793499946594238
  Z: 1.384909987449646
aabbMin:
  X: -5.802450180053711
  Y: -0.005357000045478344
  Z: -1.2194000482559204
boundingForTraverse: 10.798856735229492
bugMask: 0
cursorOffsetY: 0.5
instSizeCafe: -1
instSizeNx: 96160
sortKey: 0
traverseDist: 2000.0
