aabbMax:
  X: 11.487799644470215
  Y: 9.245389938354492
  Z: 11.487799644470215
aabbMin:
  X: -9.846699714660645
  Y: 0.0
  Z: -9.846699714660645
boundingForTraverse: 9.245389938354492
bugMask: 0
instSizeCafe: 304920
instSizeNx: 768096
rigidBodyCenterY: 1.1898399591445923
sortKey: 0
terrainTextures:
- !u 0xffff4e06
traverseDist: 530.1715087890625
