aabbMax:
  X: 0.49000000953674316
  Y: 1.899999976158142
  Z: 0.49000000953674316
aabbMin:
  X: -0.49000000953674316
  Y: -0.0006559999892488122
  Z: -0.49000000953674316
boundingForTraverse: 1.90065598487854
bugMask: 3
cursorOffsetY: 0.5
instSizeCafe: 43144
instSizeNx: -1
rigidBodyCenterY: 0.9707919955253601
sortKey: 11
