aabbMax:
  X: 0.34069499373435974
  Y: 0.3817479908466339
  Z: 0.6932870149612427
aabbMin:
  X: -0.33372700214385986
  Y: -0.0004250000056345016
  Z: -0.692326009273529
boundingForTraverse: 0.38217300176620483
bugMask: 0
cursorOffsetY: 0.5
instSizeCafe: 17396
instSizeNx: -1
sortKey: 18
