aabbMax:
  X: 74.19300079345703
  Y: 151.45799255371094
  Z: 48.580501556396484
aabbMin:
  X: -73.47840118408203
  Y: -10.085100173950195
  Z: -9.019889831542969
boundingForTraverse: 161.5430908203125
bugMask: 0
cursorOffsetY: 0.5
instSizeCafe: -1
instSizeNx: 75656
sortKey: -30
traverseDist: 5000.0
