aabbMax:
  X: 46.54690170288086
  Y: 13.399999618530273
  Z: 19.634300231933594
aabbMin:
  X: 1.1000000085914508e-05
  Y: -10.5
  Z: -3.699970006942749
boundingForTraverse: 23.899999618530273
bugMask: 0
cursorOffsetY: 0.5
instSizeCafe: -1
instSizeNx: 231496
sortKey: 0
traverseDist: 552.0682373046875
