aabbMax:
  X: 0.5804179906845093
  Y: 0.11177399754524231
  Z: 0.49519699811935425
aabbMin:
  X: -0.4272040128707886
  Y: -1.7282299995422363
  Z: -0.5505059957504272
boundingForTraverse: 1.8400039672851562
bugMask: 0
cursorOffsetY: 0.5
instSizeCafe: 61308
instSizeNx: -1
sortKey: 15
