aabbMax:
  X: 0.4399999976158142
  Y: -0.44999998807907104
  Z: -0.6422650218009949
aabbMin:
  X: -0.4399999976158142
  Y: -0.550000011920929
  Z: -1.2154699563980103
boundingForTraverse: 0.10000000149011612
bugMask: 1
instSizeCafe: 24928
instSizeNx: -1
rigidBodyCenterY: 0.47125500440597534
sortKey: -2
