aabbMax:
  X: 5.900000095367432
  Y: 2.5168399810791016
  Z: 10.285799980163574
aabbMin:
  X: -6.317840099334717
  Y: -11.949299812316895
  Z: -5.349999904632568
boundingForTraverse: 14.466139793395996
bugMask: 0
cursorOffsetY: 0.5
instSizeCafe: 38580
instSizeNx: -1
sortKey: 0
