aabbMax:
  X: 7.160210132598877
  Y: 6.2584099769592285
  Z: 6.627449989318848
aabbMin:
  X: -11.507599830627441
  Y: 0.29002198576927185
  Z: -5.250579833984375
boundingForTraverse: 5.968388080596924
bugMask: 0
cursorOffsetY: 0.5
instSizeCafe: 181668
instSizeNx: -1
sortKey: 1
