aabbMax:
  X: 11.495800018310547
  Y: 13.532899856567383
  Z: 3.796449899673462
aabbMin:
  X: -0.7456539869308472
  Y: -1.6445300579071045
  Z: -3.825809955596924
boundingForTraverse: 15.177430152893066
bugMask: 0
cursorOffsetY: 0.5
instSizeCafe: 17140
instSizeNx: -1
sortKey: 0
traverseDist: 3000.0
