aabbMax:
  X: 28.00779914855957
  Y: 87.65509796142578
  Z: 23.492300033569336
aabbMin:
  X: -48.718101501464844
  Y: 7.711949825286865
  Z: -23.084400177001953
boundingForTraverse: 79.94314575195312
bugMask: 0
cursorOffsetY: 0.5
instSizeCafe: 39192
instSizeNx: -1
sortKey: 0
traverseDist: 589.7566528320312
