aabbMax:
  X: 86.16000366210938
  Y: 38.67259979248047
  Z: 59.714298248291016
aabbMin:
  X: -86.16000366210938
  Y: -40.766998291015625
  Z: -61.01810073852539
boundingForTraverse: 79.4395980834961
bugMask: 0
cursorOffsetY: 0.5
instSizeCafe: 63484
instSizeNx: -1
sortKey: -18
terrainTextures:
- 1344082188
traverseDist: 710.4055786132812
