aabbMax:
  X: 21.804800033569336
  Y: 10.995599746704102
  Z: 39.29570007324219
aabbMin:
  X: -21.804800033569336
  Y: -2.0999999046325684
  Z: 21.56679916381836
boundingForTraverse: 13.095600128173828
bugMask: 0
cursorOffsetY: 0.5
instSizeCafe: -1
instSizeNx: 264296
sortKey: 6
traverseDist: 547.0755615234375
