aabbMax:
  X: 5.513130187988281
  Y: 6.404990196228027
  Z: 5.252170085906982
aabbMin:
  X: -5.370510101318359
  Y: -0.20792199671268463
  Z: -5.361299991607666
boundingForTraverse: 6.612912178039551
bugMask: 0
cursorOffsetY: 0.5
instSizeCafe: 17388
instSizeNx: -1
sortKey: 0
traverseDist: 2000.0
