aabbMax:
  X: 0.20085600018501282
  Y: 1.409409999847412
  Z: 0.3413589894771576
aabbMin:
  X: -6.20019006729126
  Y: -0.3217029869556427
  Z: -0.02041899971663952
boundingForTraverse: 1.7311129570007324
bugMask: 0
cursorOffsetY: 0.5
instSizeCafe: 28056
instSizeNx: 96160
sortKey: 0
