aabbMax:
  X: 4.5657501220703125
  Y: 6.838399887084961
  Z: 3.1665000915527344
aabbMin:
  X: -4.5657501220703125
  Y: -0.5642099976539612
  Z: -4.44035005569458
boundingForTraverse: 7.402609825134277
bugMask: 0
cursorOffsetY: 0.5
instSizeCafe: -1
instSizeNx: 546936
sortKey: 26
traverseDist: 300.0
