aabbMax:
  X: 1.0002100467681885
  Y: 3.355950117111206
  Z: 1.0002100467681885
aabbMin:
  X: -1.0002100467681885
  Y: -0.6124690175056458
  Z: -1.0002100467681885
boundingForTraverse: 3.968419075012207
bugMask: 3
cursorOffsetY: 0.5
instSizeCafe: 34888
instSizeNx: 100648
rigidBodyCenterY: 1.7874000072479248
sortKey: -4
traverseDist: 500.0
