aabbMax:
  X: 1.1222200393676758
  Y: 2.650049924850464
  Z: 0.3606239855289459
aabbMin:
  X: -1.370419979095459
  Y: -0.33175599575042725
  Z: -0.7871779799461365
boundingForTraverse: 2.9818060398101807
bugMask: 1
cursorOffsetY: 1.2000000476837158
instSizeCafe: -1
instSizeNx: 144120
rigidBodyCenterY: 1.7005200386047363
sortKey: 5691
traverseDist: 50.0
