aabbMax:
  X: 0.0032730000093579292
  Y: 13.271699905395508
  Z: 62.70859909057617
aabbMin:
  X: -75.08499908447266
  Y: 0.0
  Z: -10.911199569702148
boundingForTraverse: 13.271699905395508
bugMask: 0
cursorOffsetY: 0.5
instSizeCafe: 18292
instSizeNx: 75656
sortKey: 3
traverseDist: 605.1575927734375
