aabbMax:
  X: 41.2677001953125
  Y: 58.52320098876953
  Z: 49.722599029541016
aabbMin:
  X: -57.249000549316406
  Y: -3.0422399044036865
  Z: -37.64080047607422
boundingForTraverse: 61.5654411315918
bugMask: 0
cursorOffsetY: 0.5
instSizeCafe: -1
instSizeNx: 75656
sortKey: 0
traverseDist: 1000.0
