aabbMax:
  X: 0.9542750120162964
  Y: 1.0145399570465088
  Z: 1.4308700561523438
aabbMin:
  X: -0.9542750120162964
  Y: -0.01799900084733963
  Z: -1.4308700561523438
boundingForTraverse: 1.0325390100479126
bugMask: 0
cursorOffsetY: 0.5
instSizeCafe: 27608
instSizeNx: 96160
sortKey: 2
