aabbMax:
  X: 5.869379997253418
  Y: 6.218520164489746
  Z: 11.916000366210938
aabbMin:
  X: -6.036399841308594
  Y: 0.45893600583076477
  Z: -6.915929794311523
boundingForTraverse: 5.759583950042725
bugMask: 0
cursorOffsetY: 0.5
instSizeCafe: -1
instSizeNx: 469000
sortKey: 2
