aabbMax:
  X: 7.724430084228516
  Y: 10.089400291442871
  Z: 4.721159934997559
aabbMin:
  X: -7.520440101623535
  Y: 1.399999976158142
  Z: -4.8014302253723145
boundingForTraverse: 8.689400672912598
bugMask: 0
cursorOffsetY: 0.5
instSizeCafe: 174736
instSizeNx: 448496
sortKey: 0
