aabbMax:
  X: 0.25552898645401
  Y: 0.601777970790863
  Z: 0.24122600257396698
aabbMin:
  X: -0.2555310130119324
  Y: -0.0013170000165700912
  Z: -0.24098999798297882
boundingForTraverse: 0.6030949950218201
bugMask: 3
cursorOffsetY: 0.5
instSizeCafe: -1
instSizeNx: 113784
rigidBodyCenterY: 0.29149898886680603
sortKey: -5
