aabbMax:
  X: 6.6301798820495605
  Y: 0.7178429961204529
  Z: 7.361700057983398
aabbMin:
  X: -6.1797099113464355
  Y: -15.97029972076416
  Z: -0.2773500084877014
boundingForTraverse: 16.688142776489258
bugMask: 0
cursorOffsetY: 0.5
instSizeCafe: 18548
instSizeNx: -1
sortKey: -10
traverseDist: 514.9146728515625
