aabbMax:
  X: 6.71258020401001
  Y: 0.23598100244998932
  Z: 5.064730167388916
aabbMin:
  X: -9.653670310974121
  Y: -17.66230010986328
  Z: -8.592599868774414
boundingForTraverse: 17.89828109741211
bugMask: 0
cursorOffsetY: 0.5
instSizeCafe: -1
instSizeNx: 75656
sortKey: 0
terrainTextures:
- 1279401728
traverseDist: 521.3161010742188
