aabbMax:
  X: 0.30089300870895386
  Y: 0.4000000059604645
  Z: 0.2875339984893799
aabbMin:
  X: -0.30089300870895386
  Y: 0.0
  Z: -0.29405200481414795
boundingForTraverse: 0.4000000059604645
bugMask: 0
cursorOffsetY: 0.5
instSizeCafe: -1
instSizeNx: 75656
sortKey: 0
