aabbMax:
  X: 21.171899795532227
  Y: 4.925779819488525
  Z: 20.984399795532227
aabbMin:
  X: -21.781299591064453
  Y: -15.474200248718262
  Z: -19.734399795532227
boundingForTraverse: 20.399980545043945
bugMask: 3
cursorOffsetY: 0.5
instSizeCafe: -1
instSizeNx: 488288
rigidBodyCenterY: -0.9970030188560486
sortKey: 10
traverseDist: 200.0
