aabbMax:
  X: 1.761620044708252
  Y: 6.183310031890869
  Z: 1.834220051765442
aabbMin:
  X: -1.7978299856185913
  Y: -3.658829927444458
  Z: -16.77829933166504
boundingForTraverse: 9.842140197753906
bugMask: 0
cursorOffsetY: 0.5
instSizeCafe: 84872
instSizeNx: -1
sortKey: -1
traverseDist: 400.0
