aabbMax:
  X: 49.986900329589844
  Y: 19.791200637817383
  Z: 29.16349983215332
aabbMin:
  X: -50.03089904785156
  Y: -19.729000091552734
  Z: -29.638999938964844
boundingForTraverse: 39.52020263671875
bugMask: 0
cursorOffsetY: 0.5
instSizeCafe: -1
instSizeNx: 75656
sortKey: 0
traverseDist: 5000.0
