aabbMax:
  X: 0.5929359793663025
  Y: 1.7322800159454346
  Z: 0.13827399909496307
aabbMin:
  X: -0.684469997882843
  Y: -0.3011679947376251
  Z: -0.057583000510931015
boundingForTraverse: 2.0334479808807373
bugMask: 3
cursorOffsetY: 0.3499999940395355
instSizeCafe: 95988
instSizeNx: 235888
lookAtOffsetY: 1.399999976158142
rigidBodyCenterY: 1.3680399656295776
sortKey: 5
traverseDist: 150.0
