aabbMax:
  X: 106.67400360107422
  Y: 52.395599365234375
  Z: 86.61039733886719
aabbMin:
  X: -106.67400360107422
  Y: -52.10580062866211
  Z: -86.61039733886719
boundingForTraverse: 104.50140380859375
bugMask: 0
cursorOffsetY: 0.5
instSizeCafe: -1
instSizeNx: 334008
sortKey: -18
terrainTextures:
- 1344082188
traverseDist: 774.8141479492188
