aabbMax:
  X: 19.348100662231445
  Y: 0.3923780024051666
  Z: 3.0808699131011963
aabbMin:
  X: 0.0
  Y: -0.10391700267791748
  Z: -0.002570000011473894
boundingForTraverse: 0.4962950050830841
bugMask: 0
cursorOffsetY: 0.5
instSizeCafe: 39192
instSizeNx: -1
sortKey: 0
terrainTextures:
- !u 0xff261903
traverseDist: 500.0
