aabbMax:
  X: 9.078929901123047
  Y: 0.3458139896392822
  Z: 4.10945987701416
aabbMin:
  X: -8.913169860839844
  Y: -17.885400772094727
  Z: -1.5340700149536133
boundingForTraverse: 18.23121452331543
bugMask: 0
cursorOffsetY: 0.5
instSizeCafe: 17644
instSizeNx: -1
sortKey: -2
terrainTextures:
- 1279401728
traverseDist: 518.8564453125
