aabbMax:
  X: 3.436189889907837
  Y: 13.609399795532227
  Z: 4.267920017242432
aabbMin:
  X: -3.375730037689209
  Y: -1.668779969215393
  Z: -4.4057297706604
boundingForTraverse: 15.278180122375488
bugMask: 0
cursorOffsetY: 0.5
instSizeCafe: -1
instSizeNx: 75656
sortKey: 0
traverseDist: 3000.0
