aabbMax:
  X: 18.591999053955078
  Y: 20.9906005859375
  Z: 17.465999603271484
aabbMin:
  X: -12.316900253295898
  Y: -4.641940116882324
  Z: -11.569999694824219
boundingForTraverse: 25.63254165649414
bugMask: 0
instSizeCafe: -1
instSizeNx: 895128
sortKey: -1
traverseDist: 542.4081420898438
