aabbMax:
  X: 3.519979953765869
  Y: 13.479499816894531
  Z: 4.209869861602783
aabbMin:
  X: -3.3479199409484863
  Y: -1.5
  Z: -4.279809951782227
boundingForTraverse: 14.979499816894531
bugMask: 0
cursorOffsetY: 0.5
instSizeCafe: 94704
instSizeNx: 231496
sortKey: 0
traverseDist: 510.9198303222656
