aabbMax:
  X: 34.291900634765625
  Y: 13.993800163269043
  Z: 179.3070068359375
aabbMin:
  X: -34.291900634765625
  Y: -26.00149917602539
  Z: -77.43319702148438
boundingForTraverse: 39.99530029296875
bugMask: 0
cursorOffsetY: 0.5
instSizeCafe: 175880
instSizeNx: 415720
sortKey: 6
terrainTextures:
- !u 0xffffff2c
traverseDist: 765.7428588867188
