aabbMax:
  X: 211.4239959716797
  Y: 221.48599243164062
  Z: 189.44500732421875
aabbMin:
  X: -173.14700317382812
  Y: 61.4900016784668
  Z: -260.4389953613281
boundingForTraverse: 159.99598693847656
bugMask: 0
cursorOffsetY: 0.5
instSizeCafe: 19120
instSizeNx: 76096
sortKey: 0
traverseDist: 1091.8533935546875
