aabbMax:
  X: 0.8107399940490723
  Y: 1.70510995388031
  Z: 0.1276089996099472
aabbMin:
  X: -0.4692229926586151
  Y: 1.0777599811553955
  Z: -0.05200999975204468
boundingForTraverse: 0.6273499727249146
bugMask: 3
cursorOffsetY: 0.5
instSizeCafe: 87676
instSizeNx: -1
rigidBodyCenterY: 1.3415700197219849
sortKey: 3
traverseDist: 150.0
