aabbMax:
  X: 17.001100540161133
  Y: -9.377790451049805
  Z: 20.15220069885254
aabbMin:
  X: -17.756200790405273
  Y: -200.4340057373047
  Z: -16.077199935913086
boundingForTraverse: 191.05621337890625
bugMask: 0
instSizeCafe: -1
instSizeNx: 75656
sortKey: -11
terrainTextures:
- !u 0xffffff3e
traverseDist: 550.2059936523438
