aabbMax:
  X: 3.717210054397583
  Y: 11.299099922180176
  Z: 0.6385059952735901
aabbMin:
  X: -1.2572300434112549
  Y: -0.9257040023803711
  Z: -0.7052469849586487
boundingForTraverse: 12.224803924560547
bugMask: 0
cursorOffsetY: 0.5
instSizeCafe: 38900
instSizeNx: 105192
rigidBodyCenterY: 4.326159954071045
sortKey: -15
traverseDist: 500.0
