aabbMax:
  X: 0.3570930063724518
  Y: 0.3662959933280945
  Z: 0.35434699058532715
aabbMin:
  X: -0.35559898614883423
  Y: 0.0
  Z: -0.35834598541259766
boundingForTraverse: 0.3662959933280945
bugMask: 0
cursorOffsetY: 0.5
instSizeCafe: 17136
instSizeNx: -1
sortKey: 17
