aabbMax:
  X: 1.027340054512024
  Y: 3.07204008102417
  Z: 0.5375000238418579
aabbMin:
  X: -1.0277299880981445
  Y: 0.0
  Z: -0.5375000238418579
boundingForTraverse: 3.07204008102417
bugMask: 0
cursorOffsetY: 0.5
instSizeCafe: 17392
instSizeNx: -1
sortKey: 6
