aabbMax:
  X: 16.191999435424805
  Y: 29.34950065612793
  Z: 19.707199096679688
aabbMin:
  X: -34.9182014465332
  Y: -1.8695299625396729
  Z: -22.849300384521484
boundingForTraverse: 31.219030380249023
bugMask: 0
instSizeCafe: 263240
instSizeNx: -1
sortKey: -15
traverseDist: 566.5079345703125
