aabbMax:
  X: 8.306389808654785
  Y: 6.087220191955566
  Z: 5.616250038146973
aabbMin:
  X: -8.275790214538574
  Y: -0.20118899643421173
  Z: -6.153329849243164
boundingForTraverse: 6.288409233093262
bugMask: 0
instSizeCafe: 112888
instSizeNx: -1
sortKey: -18
terrainTextures:
- !u 0xffffff18
traverseDist: 520.33447265625
