aabbMax:
  X: 118.50199890136719
  Y: 79.56900024414062
  Z: 299.9739990234375
aabbMin:
  X: -108.90899658203125
  Y: -69.76210021972656
  Z: -68.03050231933594
boundingForTraverse: 149.3311004638672
bugMask: 0
cursorOffsetY: 0.5
instSizeCafe: -1
instSizeNx: 75656
sortKey: 0
traverseDist: 5000.0
