aabbMax:
  X: 0.175245001912117
  Y: 0.8438439965248108
  Z: 0.15176700055599213
aabbMin:
  X: -0.175245001912117
  Y: 0.0
  Z: -0.15176700055599213
boundingForTraverse: 0.8438439965248108
bugMask: 0
cursorOffsetY: 0.5
instSizeCafe: 28184
instSizeNx: 96160
sortKey: -1
traverseDist: 300.0
