aabbMax:
  X: 3.0083799362182617
  Y: 11.15250015258789
  Z: 2.2748899459838867
aabbMin:
  X: -2.2282400131225586
  Y: -0.0014540000120177865
  Z: -1.769320011138916
boundingForTraverse: 11.153955459594727
bugMask: 2
cursorOffsetY: 0.5
instSizeCafe: 91260
instSizeNx: -1
sortKey: 0
