aabbMax:
  X: 7.475759983062744
  Y: 14.402000427246094
  Z: 11.636199951171875
aabbMin:
  X: -6.944690227508545
  Y: -0.3495289981365204
  Z: -4.7677998542785645
boundingForTraverse: 14.751529693603516
bugMask: 0
cursorOffsetY: 0.5
instSizeCafe: 111032
instSizeNx: -1
sortKey: 3
traverseDist: 300.0
