aabbMax:
  X: 8.011930465698242
  Y: 15.455599784851074
  Z: 2.2309200763702393
aabbMin:
  X: -6.160799980163574
  Y: 0.14539800584316254
  Z: -9.542929649353027
boundingForTraverse: 15.310201644897461
bugMask: 0
cursorOffsetY: 0.5
instSizeCafe: 196760
instSizeNx: 497680
sortKey: 15
traverseDist: 518.4252319335938
