aabbMax:
  X: 70.07710266113281
  Y: 29.643699645996094
  Z: 43.59880065917969
aabbMin:
  X: -65.33989715576172
  Y: -3.0296599864959717
  Z: -100.48500061035156
boundingForTraverse: 32.67335891723633
bugMask: 0
cursorOffsetY: 0.5
instSizeCafe: -1
instSizeNx: 711160
sortKey: 0
terrainTextures:
- !u 0xff531d11
traverseDist: 500.0
