aabbMax:
  X: 7.278550148010254
  Y: 14.508199691772461
  Z: 10.077099800109863
aabbMin:
  X: -7.1947197914123535
  Y: -0.28092101216316223
  Z: -10.82759952545166
boundingForTraverse: 14.7891206741333
bugMask: 0
instSizeCafe: 218048
instSizeNx: -1
sortKey: -12
traverseDist: 525.426025390625
