aabbMax:
  X: 2.010509967803955
  Y: 0.06711199879646301
  Z: 0.42611798644065857
aabbMin:
  X: -2.0005099773406982
  Y: -39.531700134277344
  Z: -3.336790084838867
boundingForTraverse: 39.598812103271484
bugMask: 0
cursorOffsetY: 0.5
instSizeCafe: 19960
instSizeNx: -1
sortKey: -10
traverseDist: 505.4997863769531
