aabbMax:
  X: 10.800100326538086
  Y: 16.20800018310547
  Z: 3.8702800273895264
aabbMin:
  X: -1.6703399419784546
  Y: -1.7320799827575684
  Z: -4.171750068664551
boundingForTraverse: 17.940080642700195
bugMask: 0
cursorOffsetY: 0.5
instSizeCafe: -1
instSizeNx: 75656
sortKey: 0
traverseDist: 3000.0
