aabbMax:
  X: 88.6227035522461
  Y: 246.24600219726562
  Z: 81.95760345458984
aabbMin:
  X: -111.2760009765625
  Y: -187.822998046875
  Z: -96.83439636230469
boundingForTraverse: 434.0690002441406
bugMask: 0
instSizeCafe: -1
instSizeNx: 75656
sortKey: 0
traverseDist: 8000.0
