aabbMax:
  X: 12.172599792480469
  Y: 4.534319877624512
  Z: 10.432000160217285
aabbMin:
  X: -10.97249984741211
  Y: -4.5342302322387695
  Z: -12.68649959564209
boundingForTraverse: 9.068550109863281
bugMask: 0
cursorOffsetY: 0.5
instSizeCafe: 377560
instSizeNx: -1
sortKey: 2
terrainTextures:
- !u 0xffffff3b
