aabbMax:
  X: 0.358940988779068
  Y: 1.6410000324249268
  Z: 0.7182160019874573
aabbMin:
  X: -0.33942699432373047
  Y: -2.9312400817871094
  Z: -0.5051010251045227
boundingForTraverse: 4.572239875793457
bugMask: 3
cursorOffsetY: 0.5
instSizeCafe: 81608
instSizeNx: -1
rigidBodyCenterY: 0.16296599805355072
sortKey: 4
