aabbMax:
  X: 5.389639854431152
  Y: 5.075469970703125
  Z: 6.635890007019043
aabbMin:
  X: -4.595849990844727
  Y: 1.5566799640655518
  Z: -8.62831974029541
boundingForTraverse: 3.5187900066375732
bugMask: 0
cursorOffsetY: 0.5
instSizeCafe: 17136
instSizeNx: -1
sortKey: 0
traverseDist: 1000.0
