aabbMax:
  X: 0.6106129884719849
  Y: 0.29030999541282654
  Z: 0.4240669906139374
aabbMin:
  X: -0.6132959723472595
  Y: -6.600000051548705e-05
  Z: -0.4205990135669708
boundingForTraverse: 0.2903760075569153
bugMask: 0
cursorOffsetY: 0.5
instSizeCafe: 28760
instSizeNx: -1
sortKey: 10
