aabbMax:
  X: 0.34836798906326294
  Y: 2.5804901123046875
  Z: 0.34836798906326294
aabbMin:
  X: -0.34836798906326294
  Y: -0.012206999585032463
  Z: -0.34836798906326294
boundingForTraverse: 2.5926969051361084
bugMask: 0
cursorOffsetY: 0.5
instSizeCafe: 19952
instSizeNx: -1
sortKey: -14
