aabbMax:
  X: 9.228280067443848
  Y: 25.677400588989258
  Z: 8.246150016784668
aabbMin:
  X: -15.112199783325195
  Y: -1.3188199996948242
  Z: -8.246150016784668
boundingForTraverse: 26.996219635009766
bugMask: 0
cursorOffsetY: 0.5
instSizeCafe: 178764
instSizeNx: -1
sortKey: 0
terrainTextures:
- 909190152
- !u 0xffffff37
traverseDist: 529.401611328125
