aabbMax:
  X: 7.247220039367676
  Y: 1.0778800249099731
  Z: 4.231259822845459
aabbMin:
  X: -9.71780014038086
  Y: -3.1834700107574463
  Z: -6.233449935913086
boundingForTraverse: 4.261350154876709
bugMask: 0
cursorOffsetY: 0.5
instSizeCafe: -1
instSizeNx: 866376
sortKey: 2
