aabbMax:
  X: 3.9155800342559814
  Y: 4.382190227508545
  Z: 3.213749885559082
aabbMin:
  X: -3.918570041656494
  Y: 0.07608699798583984
  Z: -2.3767900466918945
boundingForTraverse: 4.306103229522705
bugMask: 0
cursorOffsetY: 0.5
instSizeCafe: 59168
instSizeNx: -1
sortKey: 24
traverseDist: 300.0
