aabbMax:
  X: 55.21369934082031
  Y: 32.739200592041016
  Z: 5.054900169372559
aabbMin:
  X: 14.987000465393066
  Y: -0.1022379994392395
  Z: -19.246700286865234
boundingForTraverse: 32.84143829345703
bugMask: 0
cursorOffsetY: 0.5
instSizeCafe: -1
instSizeNx: 427968
sortKey: -2
terrainTextures:
- !u 0xffffff52
traverseDist: 300.0
