aabbMax:
  X: 7.0
  Y: 6.478839874267578
  Z: 7.784649848937988
aabbMin:
  X: -7.0
  Y: -0.19887599349021912
  Z: -7.7439799308776855
boundingForTraverse: 6.67771577835083
bugMask: 0
instSizeCafe: 272136
instSizeNx: -1
rigidBodyCenterY: 0.9475370049476624
sortKey: 0
terrainTextures:
- !u 0xffff4e06
traverseDist: 520.9078369140625
