aabbMax:
  X: 13.381500244140625
  Y: 39.1697998046875
  Z: 14.873299598693848
aabbMin:
  X: -12.5
  Y: -1.5
  Z: -10.050000190734863
boundingForTraverse: 40.6697998046875
bugMask: 0
cursorOffsetY: 0.5
instSizeCafe: -1
instSizeNx: 579760
sortKey: 0
terrainTextures:
- !u 0xffff5219
traverseDist: 535.9307861328125
