aabbMax:
  X: 0.7654280066490173
  Y: 2.3122000694274902
  Z: 0.5728669762611389
aabbMin:
  X: -0.774308979511261
  Y: 0.0
  Z: -0.5946710109710693
boundingForTraverse: 2.3122000694274902
bugMask: 0
cursorOffsetY: 1.100000023841858
instSizeCafe: 17644
instSizeNx: -1
lookAtOffsetY: 0.800000011920929
sortKey: 0
