aabbMax:
  X: 6.112460136413574
  Y: 5.39277982711792
  Z: 7.133269786834717
aabbMin:
  X: -102.79100036621094
  Y: -15.750800132751465
  Z: -41.7495002746582
boundingForTraverse: 21.143579483032227
bugMask: 0
cursorOffsetY: 0.5
instSizeCafe: 85060
instSizeNx: -1
sortKey: 0
terrainTextures:
- !u 0xffffff2c
traverseDist: 2000.0
