aabbMax:
  X: 105.61000061035156
  Y: 30.30430030822754
  Z: 112.02999877929688
aabbMin:
  X: -104.54199981689453
  Y: -30.792299270629883
  Z: -83.16210174560547
boundingForTraverse: 61.09659957885742
bugMask: 0
cursorOffsetY: 0.5
instSizeCafe: -1
instSizeNx: 75656
sortKey: 0
traverseDist: 5000.0
