aabbMax:
  X: 31.6830997467041
  Y: 85.31809997558594
  Z: 9.387689590454102
aabbMin:
  X: -9.387689590454102
  Y: 17.43120002746582
  Z: -9.387689590454102
boundingForTraverse: 67.88690185546875
bugMask: 0
cursorOffsetY: 0.5
instSizeCafe: 198772
instSizeNx: -1
sortKey: 2
terrainTextures:
- !u 0xffff332c
traverseDist: 545.1588745117188
