aabbMax:
  X: 113.27200317382812
  Y: 56.175498962402344
  Z: 55.639801025390625
aabbMin:
  X: -113.4489974975586
  Y: -56.011199951171875
  Z: -118.9990005493164
boundingForTraverse: 112.18669891357422
bugMask: 0
cursorOffsetY: 0.5
instSizeCafe: 17776
instSizeNx: -1
sortKey: 0
traverseDist: 5000.0
