aabbMax:
  X: 7.926529884338379
  Y: 12.782899856567383
  Z: 5.760570049285889
aabbMin:
  X: -7.9264302253723145
  Y: 3.568380117416382
  Z: -5.378910064697266
boundingForTraverse: 9.214520454406738
bugMask: 0
cursorOffsetY: 0.5
instSizeCafe: 212244
instSizeNx: -1
sortKey: 0
