aabbMax:
  X: 20.793899536132812
  Y: 23.14080047607422
  Z: 12.996999740600586
aabbMin:
  X: -27.430299758911133
  Y: -0.3161090016365051
  Z: -13.466099739074707
boundingForTraverse: 23.4569091796875
bugMask: 0
cursorOffsetY: 0.5
instSizeCafe: 302616
instSizeNx: -1
sortKey: 0
terrainTextures:
- !u 0xffffff53
traverseDist: 200.0
