aabbMax:
  X: 5.387209892272949
  Y: 14.503199577331543
  Z: 3.9771299362182617
aabbMin:
  X: -5.48337984085083
  Y: -1.6057599782943726
  Z: -3.7005200386047363
boundingForTraverse: 16.108959197998047
bugMask: 0
cursorOffsetY: 0.5
instSizeCafe: 17136
instSizeNx: -1
sortKey: 0
traverseDist: 3000.0
