aabbMax:
  X: 1.0118499994277954
  Y: 2.8851399421691895
  Z: 0.20295800268650055
aabbMin:
  X: -0.9608309864997864
  Y: -0.30000001192092896
  Z: -0.07821500301361084
boundingForTraverse: 3.1851398944854736
bugMask: 3
cursorOffsetY: 0.3499999940395355
instSizeCafe: 76532
instSizeNx: -1
lookAtOffsetY: 2.700000047683716
rigidBodyCenterY: 2.134079933166504
sortKey: -27
traverseDist: 150.0
