aabbMax:
  X: 86.33219909667969
  Y: 38.98720169067383
  Z: 60.00120162963867
aabbMin:
  X: -86.1261978149414
  Y: -40.57899856567383
  Z: -59.710899353027344
boundingForTraverse: 79.56620025634766
bugMask: 0
cursorOffsetY: 0.5
instSizeCafe: -1
instSizeNx: 75656
sortKey: 0
traverseDist: 5000.0
