aabbMax:
  X: 26.15730094909668
  Y: 4.935369968414307
  Z: 44.773799896240234
aabbMin:
  X: -40.749298095703125
  Y: -5.173130035400391
  Z: -39.37620162963867
boundingForTraverse: 10.108499526977539
bugMask: 0
cursorOffsetY: 0.5
instSizeCafe: 407496
instSizeNx: 1014024
sortKey: 26
traverseDist: 607.5068359375
