aabbMax:
  X: 49.972599029541016
  Y: 38.3661003112793
  Z: 28.376699447631836
aabbMin:
  X: -49.80339813232422
  Y: -43.18579864501953
  Z: -27.844900131225586
boundingForTraverse: 81.55189514160156
bugMask: 0
cursorOffsetY: 0.5
instSizeCafe: 17140
instSizeNx: -1
sortKey: 0
traverseDist: 5000.0
