aabbMax:
  X: 9.426360130310059
  Y: 26.871200561523438
  Z: 6.140810012817383
aabbMin:
  X: -16.4689998626709
  Y: 15.89680004119873
  Z: -4.94950008392334
boundingForTraverse: 10.974401473999023
bugMask: 0
cursorOffsetY: 0.5
instSizeCafe: 58788
instSizeNx: 165880
sortKey: 0
traverseDist: 528.1702880859375
