aabbMax:
  X: 0.24923700094223022
  Y: 0.9846180081367493
  Z: 0.23568099737167358
aabbMin:
  X: -0.23843200504779816
  Y: 0.0
  Z: -0.2503120005130768
boundingForTraverse: 0.9846180081367493
bugMask: 3
cursorOffsetY: 0.5
instSizeCafe: -1
instSizeNx: 113832
rigidBodyCenterY: 0.41136398911476135
sortKey: 10
