aabbMax:
  X: 0.41769200563430786
  Y: 0.8614569902420044
  Z: 0.4306429922580719
aabbMin:
  X: -0.4282490015029907
  Y: -0.0022990000434219837
  Z: -0.4152989983558655
boundingForTraverse: 0.863756000995636
bugMask: 0
cursorOffsetY: 0.5
instSizeCafe: 40152
instSizeNx: -1
sortKey: 0
