aabbMax:
  X: 11.11709976196289
  Y: 0.31704598665237427
  Z: 25.01740074157715
aabbMin:
  X: -15.013799667358398
  Y: -5.255060195922852
  Z: -24.362300872802734
boundingForTraverse: 5.572105884552002
bugMask: 0
instSizeCafe: 62076
instSizeNx: -1
sortKey: 3
traverseDist: 300.0
