aabbMax:
  X: 0.7238600254058838
  Y: 2.145240068435669
  Z: 0.6625990271568298
aabbMin:
  X: -1.6362799406051636
  Y: 0.007182000204920769
  Z: -0.603422999382019
boundingForTraverse: 2.1380579471588135
bugMask: 0
cursorOffsetY: 0.5
instSizeCafe: 17396
instSizeNx: 75656
sortKey: -17
traverseDist: 502.6782531738281
