aabbMax:
  X: 1.7371599674224854
  Y: 0.8725420236587524
  Z: 1.893589973449707
aabbMin:
  X: -1.7371599674224854
  Y: -0.8725399971008301
  Z: -1.9105700254440308
boundingForTraverse: 1.7450820207595825
bugMask: 0
cursorOffsetY: 0.5
instSizeCafe: 69960
instSizeNx: -1
sortKey: 2
traverseDist: 500.0
