aabbMax:
  X: 102.66699981689453
  Y: 4.81003999710083
  Z: 6.211699962615967
aabbMin:
  X: -6.162650108337402
  Y: -15.758399963378906
  Z: -41.7047004699707
boundingForTraverse: 20.568439483642578
bugMask: 0
cursorOffsetY: 0.5
instSizeCafe: 72584
instSizeNx: 186384
sortKey: 0
terrainTextures:
- !u 0xffffff2c
traverseDist: 2000.0
