aabbMax:
  X: 5.8937602043151855
  Y: 13.371899604797363
  Z: 7.403960227966309
aabbMin:
  X: -5.8937602043151855
  Y: -24.053300857543945
  Z: -7.443490028381348
boundingForTraverse: 37.425201416015625
bugMask: 0
instSizeCafe: 155044
instSizeNx: -1
sortKey: -16
traverseDist: 518.9576416015625
