aabbMax:
  X: 55.7943000793457
  Y: 77.2822036743164
  Z: 25.654399871826172
aabbMin:
  X: -55.46329879760742
  Y: -67.66220092773438
  Z: -25.829599380493164
boundingForTraverse: 144.94439697265625
bugMask: 0
cursorOffsetY: 0.5
instSizeCafe: 17140
instSizeNx: 75656
sortKey: 0
traverseDist: 5000.0
