aabbMax:
  X: 0.15894299745559692
  Y: 0.26423901319503784
  Z: 0.3944750130176544
aabbMin:
  X: -0.15532900393009186
  Y: -1.5861899852752686
  Z: -0.46190598607063293
boundingForTraverse: 1.8504290580749512
bugMask: 0
cursorOffsetY: 0.5
instSizeCafe: 51200
instSizeNx: -1
sortKey: -2
traverseDist: 300.0
