aabbMax:
  X: 1.0871299505233765
  Y: 1.3646700382232666
  Z: 2.0901501178741455
aabbMin:
  X: -1.0703699588775635
  Y: 0.0064849997870624065
  Z: -1.8501299619674683
boundingForTraverse: 1.358185052871704
bugMask: 1
cursorOffsetY: 0.5
instSizeCafe: 23388
instSizeNx: 81912
rigidBodyCenterY: 0.47030699253082275
sortKey: 2
