aabbMax:
  X: 1.5361299514770508
  Y: 0.6204929947853088
  Z: 1.2958999872207642
aabbMin:
  X: -1.8515599966049194
  Y: -0.15040500462055206
  Z: -1.6171900033950806
boundingForTraverse: 0.7708979845046997
bugMask: 3
cursorOffsetY: 0.5
instSizeCafe: 66200
instSizeNx: 157632
rigidBodyCenterY: 0.16414299607276917
sortKey: -16
traverseDist: 50.0
