aabbMax:
  X: 6.659890174865723
  Y: 0.35218700766563416
  Z: 2.2860100269317627
aabbMin:
  X: 0.0
  Y: -0.06402800232172012
  Z: 0.0
boundingForTraverse: 0.4162150025367737
bugMask: 0
cursorOffsetY: 0.5
instSizeCafe: 38940
instSizeNx: -1
sortKey: 0
terrainTextures:
- !u 0xff261903
traverseDist: 500.0
