aabbMax:
  X: 11.15880012512207
  Y: 2.5877599716186523
  Z: 22.6205997467041
aabbMin:
  X: -11.17490005493164
  Y: -18.06399917602539
  Z: -10.178799629211426
boundingForTraverse: 20.65176010131836
bugMask: 0
instSizeCafe: -1
instSizeNx: 428008
sortKey: 0
traverseDist: 3000.0
