aabbMax:
  X: 31.60810089111328
  Y: 60.049400329589844
  Z: 4.255620002746582
aabbMin:
  X: -30.312000274658203
  Y: -1.1738699674606323
  Z: -18.026899337768555
boundingForTraverse: 61.223270416259766
bugMask: 0
cursorOffsetY: 0.5
instSizeCafe: -1
instSizeNx: 75656
sortKey: 4
traverseDist: 8000.0
