aabbMax:
  X: 4.100299835205078
  Y: 2.7248799800872803
  Z: 0.5895670056343079
aabbMin:
  X: -4.0819501876831055
  Y: -0.40477898716926575
  Z: -0.5922660231590271
boundingForTraverse: 3.1296589374542236
bugMask: 0
instSizeCafe: 16884
instSizeNx: -1
sortKey: -4
traverseDist: 500.0
