aabbMax:
  X: 27.08449935913086
  Y: 36.93040084838867
  Z: 9.572879791259766
aabbMin:
  X: -28.37579917907715
  Y: -27.560400009155273
  Z: -30.227399826049805
boundingForTraverse: 64.49079895019531
bugMask: 0
cursorOffsetY: 0.5
instSizeCafe: 54852
instSizeNx: 145976
sortKey: 26
