aabbMax:
  X: 21.25
  Y: 4.976560115814209
  Z: 21.031299591064453
aabbMin:
  X: -21.859399795532227
  Y: -16.177099227905273
  Z: -19.734399795532227
boundingForTraverse: 21.15365982055664
bugMask: 1
cursorOffsetY: 0.5
instSizeCafe: 103856
instSizeNx: -1
sortKey: 10
traverseDist: 200.0
