aabbMax:
  X: 1.5616600513458252
  Y: 5.949999809265137
  Z: -4.735350131988525
aabbMin:
  X: -1.569000005722046
  Y: 3.9830501079559326
  Z: -5.894830226898193
boundingForTraverse: 1.9669500589370728
bugMask: 0
cursorOffsetY: 0.5
instSizeCafe: 62436
instSizeNx: -1
sortKey: 0
traverseDist: 300.0
