aabbMax:
  X: 1.5216699838638306
  Y: 0.03659600019454956
  Z: 4.655640125274658
aabbMin:
  X: -1.571079969406128
  Y: -0.9653840065002441
  Z: -4.694169998168945
boundingForTraverse: 1.0019810199737549
bugMask: 0
cursorOffsetY: 0.5
instSizeCafe: 28056
instSizeNx: 96160
sortKey: 2
