aabbMax:
  X: 9.082059860229492
  Y: 11.543899536132812
  Z: 2.834559917449951
aabbMin:
  X: -8.944299697875977
  Y: -1.1201900243759155
  Z: -2.7532799243927
boundingForTraverse: 12.66408920288086
bugMask: 0
cursorOffsetY: 0.5
instSizeCafe: 28056
instSizeNx: 96160
sortKey: -1
traverseDist: 500.0
