aabbMax:
  X: 55.61640167236328
  Y: 77.33689880371094
  Z: 25.419599533081055
aabbMin:
  X: -55.61640167236328
  Y: -66.86100006103516
  Z: -25.419599533081055
boundingForTraverse: 144.19790649414062
bugMask: 0
cursorOffsetY: 0.5
instSizeCafe: -1
instSizeNx: 1013880
sortKey: -5
terrainTextures:
- !u 0xffffff53
traverseDist: 622.30029296875
