aabbMax:
  X: 11.40820026397705
  Y: 13.550800323486328
  Z: 3.818470001220703
aabbMin:
  X: -0.7994419932365417
  Y: -2.505959987640381
  Z: -3.7437400817871094
boundingForTraverse: 16.056760787963867
bugMask: 0
cursorOffsetY: 0.5
instSizeCafe: 17140
instSizeNx: -1
sortKey: 0
traverseDist: 3000.0
