aabbMax:
  X: 9.047240257263184
  Y: 20.44219970703125
  Z: 11.538299560546875
aabbMin:
  X: -13.222700119018555
  Y: -0.36000099778175354
  Z: -10.649100303649902
boundingForTraverse: 20.802200317382812
bugMask: 0
cursorOffsetY: 0.5
instSizeCafe: -1
instSizeNx: 698632
sortKey: 4
traverseDist: 531.4361572265625
