aabbMax:
  X: 24.3174991607666
  Y: 43.18130111694336
  Z: 18.892799377441406
aabbMin:
  X: -21.840499877929688
  Y: -1.162179946899414
  Z: -16.384000778198242
boundingForTraverse: 44.343482971191406
bugMask: 0
instSizeCafe: 17140
instSizeNx: -1
sortKey: 0
traverseDist: 1000.0
