aabbMax:
  X: 41.184200286865234
  Y: 91.78829956054688
  Z: 84.87300109863281
aabbMin:
  X: -42.72869873046875
  Y: 10.291999816894531
  Z: -20.235200881958008
boundingForTraverse: 81.49629974365234
bugMask: 0
cursorOffsetY: 0.5
instSizeCafe: 17140
instSizeNx: -1
sortKey: 0
traverseDist: 1000.0
