aabbMax:
  X: 1.3979099988937378
  Y: 1.2300599813461304
  Z: 0.806181013584137
aabbMin:
  X: -1.5355000495910645
  Y: -0.01724899932742119
  Z: -0.5789309740066528
boundingForTraverse: 1.2473080158233643
bugMask: 0
cursorOffsetY: 0.5
instSizeCafe: -1
instSizeNx: 165880
sortKey: 3
