aabbMax:
  X: 7.288119792938232
  Y: 5.262129783630371
  Z: 8.219989776611328
aabbMin:
  X: -7.284140110015869
  Y: -0.5
  Z: -3.2330400943756104
boundingForTraverse: 5.762129783630371
bugMask: 0
cursorOffsetY: 0.5
instSizeCafe: 188532
instSizeNx: 477224
sortKey: 4
terrainTextures:
- !u 0xff4c1f00
traverseDist: 518.5343627929688
