aabbMax:
  X: 26.588600158691406
  Y: 18.466299057006836
  Z: 27.254499435424805
aabbMin:
  X: -26.588600158691406
  Y: -12.429499626159668
  Z: -25.388599395751953
boundingForTraverse: 30.895797729492188
bugMask: 0
cursorOffsetY: 0.5
instSizeCafe: -1
instSizeNx: 623672
sortKey: -3
traverseDist: 574.8272094726562
