aabbMax:
  X: 30.246400833129883
  Y: 15.23740005493164
  Z: 33.51449966430664
aabbMin:
  X: -22.165199279785156
  Y: 0.6326370239257812
  Z: -33.62879943847656
boundingForTraverse: 14.60476303100586
bugMask: 0
cursorOffsetY: 0.5
instSizeCafe: 17200
instSizeNx: -1
sortKey: 0
traverseDist: 1000.0
