aabbMax:
  X: 30.327600479125977
  Y: 60.000999450683594
  Z: 4.212409973144531
aabbMin:
  X: -31.640600204467773
  Y: -1.0808299779891968
  Z: -18.043399810791016
boundingForTraverse: 61.08182907104492
bugMask: 0
cursorOffsetY: 0.5
instSizeCafe: -1
instSizeNx: 346296
sortKey: -15
terrainTextures:
- !u 0xff4c1f00
traverseDist: 900.0
