aabbMax:
  X: 10.103599548339844
  Y: 13.65410041809082
  Z: 3.7937800884246826
aabbMin:
  X: -0.10676799714565277
  Y: -1.6320699453353882
  Z: -3.7844998836517334
boundingForTraverse: 15.28617000579834
bugMask: 0
cursorOffsetY: 0.5
instSizeCafe: 17140
instSizeNx: -1
sortKey: 0
traverseDist: 3000.0
