aabbMax:
  X: 21.600000381469727
  Y: 16.755599975585938
  Z: 19.881200790405273
aabbMin:
  X: -21.600000381469727
  Y: 0.0
  Z: -14.527000427246094
boundingForTraverse: 16.755599975585938
bugMask: 0
cursorOffsetY: 0.5
instSizeCafe: 122044
instSizeNx: -1
sortKey: 0
traverseDist: 1000.0
