aabbMax:
  X: 93.3053970336914
  Y: 64.47229766845703
  Z: 51.114601135253906
aabbMin:
  X: -93.44879913330078
  Y: -65.08760070800781
  Z: -51.15290069580078
boundingForTraverse: 129.55990600585938
bugMask: 0
cursorOffsetY: 0.5
instSizeCafe: -1
instSizeNx: 75656
sortKey: 0
traverseDist: 5000.0
