aabbMax:
  X: 0.2367819994688034
  Y: 0.41348400712013245
  Z: 0.2435619980096817
aabbMin:
  X: -0.2367819994688034
  Y: -0.3025459945201874
  Z: -0.2367819994688034
boundingForTraverse: 0.7160300016403198
bugMask: 0
cursorOffsetY: 0.5
instSizeCafe: 29140
instSizeNx: -1
sortKey: 1
