aabbMax:
  X: 49.666500091552734
  Y: 19.435400009155273
  Z: 29.30470085144043
aabbMin:
  X: -49.666500091552734
  Y: -19.376300811767578
  Z: -29.30470085144043
boundingForTraverse: 38.81169891357422
bugMask: 0
cursorOffsetY: 0.5
instSizeCafe: 315488
instSizeNx: 780296
sortKey: -3
traverseDist: 615.3347778320312
