aabbMax:
  X: 3.416490077972412
  Y: 9.072190284729004
  Z: 0.37683001160621643
aabbMin:
  X: -3.416440010070801
  Y: -0.0021329999435693026
  Z: -0.37681299448013306
boundingForTraverse: 9.074323654174805
bugMask: 3
cursorOffsetY: 0.5
instSizeCafe: -1
instSizeNx: 96520
rigidBodyCenterY: 4.0
sortKey: -22
