aabbMax:
  X: 0.4868389964103699
  Y: 3.599260091781616
  Z: 0.5327600240707397
aabbMin:
  X: -0.445279985666275
  Y: -0.3023119866847992
  Z: -0.5299829840660095
boundingForTraverse: 3.9015719890594482
bugMask: 0
cursorOffsetY: 0.5
instSizeCafe: 28184
instSizeNx: 96160
sortKey: -1
