aabbMax:
  X: 5.908239841461182
  Y: 2.9764199256896973
  Z: 13.60200023651123
aabbMin:
  X: -5.726769924163818
  Y: -2.9497299194335938
  Z: -13.227299690246582
boundingForTraverse: 5.926149845123291
bugMask: 0
cursorOffsetY: 0.5
instSizeCafe: 553468
instSizeNx: -1
sortKey: 2
