aabbMax:
  X: 0.425231009721756
  Y: 3.1671500205993652
  Z: 0.4241189956665039
aabbMin:
  X: -0.40566501021385193
  Y: 2.1907200813293457
  Z: -0.4241189956665039
boundingForTraverse: 0.9764299988746643
bugMask: 3
cursorOffsetY: 0.5
instSizeCafe: 30804
instSizeNx: -1
rigidBodyCenterY: 2.738840103149414
sortKey: -9
traverseDist: 200.0
