aabbMax:
  X: 10.93179988861084
  Y: 14.225099563598633
  Z: 4.342750072479248
aabbMin:
  X: -0.9504129886627197
  Y: -1.6994500160217285
  Z: -4.322780132293701
boundingForTraverse: 15.924549102783203
bugMask: 0
cursorOffsetY: 0.5
instSizeCafe: 17140
instSizeNx: 75656
sortKey: 0
traverseDist: 3000.0
