aabbMax:
  X: 12.418299674987793
  Y: 24.192800521850586
  Z: 13.738800048828125
aabbMin:
  X: -11.784799575805664
  Y: -0.7078210115432739
  Z: -11.345999717712402
boundingForTraverse: 24.90062141418457
bugMask: 0
instSizeCafe: 175052
instSizeNx: -1
sortKey: 0
terrainTextures:
- 1277102848
traverseDist: 2000.0
