aabbMax:
  X: 14.490400314331055
  Y: 0.41468799114227295
  Z: 10.171799659729004
aabbMin:
  X: -14.531100273132324
  Y: -62.441001892089844
  Z: -13.740400314331055
boundingForTraverse: 62.855690002441406
bugMask: 0
cursorOffsetY: 0.5
instSizeCafe: -1
instSizeNx: 76088
sortKey: 0
traverseDist: 1000.0
