aabbMax:
  X: 4.4133501052856445
  Y: 6.106480121612549
  Z: 0.7916039824485779
aabbMin:
  X: -1.6133500337600708
  Y: -0.14645899832248688
  Z: -0.7999650239944458
boundingForTraverse: 6.252939224243164
bugMask: 0
instSizeCafe: 58852
instSizeNx: -1
sortKey: 0
traverseDist: 400.0
