aabbMax:
  X: 6.99753999710083
  Y: 14.508199691772461
  Z: 10.180100440979004
aabbMin:
  X: -7.259860038757324
  Y: -0.2937609851360321
  Z: -10.82759952545166
boundingForTraverse: 14.801960945129395
bugMask: 0
instSizeCafe: 218048
instSizeNx: -1
sortKey: -11
traverseDist: 525.388916015625
