aabbMax:
  X: 3.672410011291504
  Y: 66.38490295410156
  Z: 6.176839828491211
aabbMin:
  X: -3.6825900077819824
  Y: -0.4826740026473999
  Z: -15.025400161743164
boundingForTraverse: 66.8675765991211
bugMask: 0
cursorOffsetY: 0.5
instSizeCafe: -1
instSizeNx: 75656
sortKey: 0
traverseDist: 1500.0
