aabbMax:
  X: 20.357799530029297
  Y: 1.3547300100326538
  Z: 20.357799530029297
aabbMin:
  X: -20.357799530029297
  Y: -12.993200302124023
  Z: -30.438499450683594
boundingForTraverse: 14.347929954528809
bugMask: 0
cursorOffsetY: 0.5
instSizeCafe: 154528
instSizeNx: 379432
sortKey: 6
terrainTextures:
- !u 0xffffff40
traverseDist: 565.10009765625
