aabbMax:
  X: 13.054300308227539
  Y: 21.481300354003906
  Z: 8.975000381469727
aabbMin:
  X: -13.30370044708252
  Y: -1.5
  Z: -10.050000190734863
boundingForTraverse: 22.981300354003906
bugMask: 0
cursorOffsetY: 0.5
instSizeCafe: -1
instSizeNx: 526456
sortKey: 0
terrainTextures:
- !u 0xffffff52
traverseDist: 532.5068359375
