aabbMax:
  X: 2.2807700634002686
  Y: 0.11027800291776657
  Z: 3.071810007095337
aabbMin:
  X: -2.2844200134277344
  Y: -0.3513689935207367
  Z: -2.8762500286102295
boundingForTraverse: 0.46164700388908386
bugMask: 0
cursorOffsetY: 0.5
instSizeCafe: 17140
instSizeNx: -1
sortKey: 4
