aabbMax:
  X: 0.8681139945983887
  Y: 0.27063098549842834
  Z: 0.4600690007209778
aabbMin:
  X: -1.0453599691390991
  Y: -1.6719199419021606
  Z: -0.20051099359989166
boundingForTraverse: 1.9425510168075562
bugMask: 0
cursorOffsetY: 0.5
instSizeCafe: 38940
instSizeNx: -1
sortKey: 0
