aabbMax:
  X: 41.090999603271484
  Y: 91.80339813232422
  Z: 84.90339660644531
aabbMin:
  X: -42.66460037231445
  Y: 10.433300018310547
  Z: -20.080900192260742
boundingForTraverse: 81.37010192871094
bugMask: 0
cursorOffsetY: 0.5
instSizeCafe: -1
instSizeNx: 96160
sortKey: 0
traverseDist: 634.30078125
