aabbMax:
  X: 5.277520179748535
  Y: 3.4213199615478516
  Z: 3.7369799613952637
aabbMin:
  X: -4.577559947967529
  Y: -0.843300998210907
  Z: -3.3632500171661377
boundingForTraverse: 4.264620780944824
bugMask: 0
cursorOffsetY: 0.5
instSizeCafe: 29424
instSizeNx: -1
sortKey: 0
