aabbMax:
  X: 1.5384600162506104
  Y: 1.114840030670166
  Z: 0.4926060140132904
aabbMin:
  X: -1.5348800420761108
  Y: -0.01268099993467331
  Z: -0.4926060140132904
boundingForTraverse: 1.12752103805542
bugMask: 0
cursorOffsetY: 0.5
instSizeCafe: -1
instSizeNx: 145368
sortKey: 6
