aabbMax:
  X: 14.63640022277832
  Y: 22.223800659179688
  Z: 18.915300369262695
aabbMin:
  X: -15.58650016784668
  Y: -0.6649270057678223
  Z: -15.621100425720215
boundingForTraverse: 22.88872718811035
bugMask: 0
cursorOffsetY: 0.5
instSizeCafe: 379900
instSizeNx: -1
sortKey: 0
terrainTextures:
- 1397890321
traverseDist: 200.0
