aabbMax:
  X: 90.76349639892578
  Y: 211.3249969482422
  Z: 116.40299987792969
aabbMin:
  X: -130.01199340820312
  Y: -41.106998443603516
  Z: -67.80680084228516
boundingForTraverse: 252.43199157714844
bugMask: 0
instSizeCafe: 27476
instSizeNx: -1
sortKey: -2
traverseDist: 5000.0
