aabbMax:
  X: 9.606220245361328
  Y: 26.77440071105957
  Z: 12.505200386047363
aabbMin:
  X: -10.777700424194336
  Y: -0.9821869730949402
  Z: -12.094900131225586
boundingForTraverse: 27.756587982177734
bugMask: 0
instSizeCafe: 385008
instSizeNx: -1
sortKey: -3
traverseDist: 531.9479370117188
