aabbMax:
  X: 20.999399185180664
  Y: 34.80390167236328
  Z: 19.568199157714844
aabbMin:
  X: -19.69179916381836
  Y: -1.5682200193405151
  Z: -31.190099716186523
boundingForTraverse: 36.37211990356445
bugMask: 0
instSizeCafe: -1
instSizeNx: 453712
sortKey: -8
traverseDist: 300.0
