aabbMax:
  X: 6.288300037384033
  Y: 4.875740051269531
  Z: 4.996709823608398
aabbMin:
  X: -6.288300037384033
  Y: -0.12372100353240967
  Z: -5.0
boundingForTraverse: 4.9994611740112305
bugMask: 0
cursorOffsetY: 0.5
instSizeCafe: 80268
instSizeNx: -1
sortKey: 0
terrainTextures:
- !u 0xffffff4e
