aabbMax:
  X: 7.148330211639404
  Y: 9.081520080566406
  Z: 1.2434699535369873
aabbMin:
  X: -2.771009922027588
  Y: 1.5854400396347046
  Z: -8.635689735412598
boundingForTraverse: 7.496079921722412
bugMask: 0
cursorOffsetY: 0.5
instSizeCafe: 113360
instSizeNx: -1
sortKey: 0
