aabbMax:
  X: 0.7839739918708801
  Y: 0.7663739919662476
  Z: 1.8667199611663818
aabbMin:
  X: -0.784030020236969
  Y: 0.0
  Z: -1.854200005531311
boundingForTraverse: 0.7663739919662476
bugMask: 0
cursorOffsetY: 0.5
instSizeCafe: 28464
instSizeNx: -1
sortKey: -8
