aabbMax:
  X: 92.99079895019531
  Y: 63.91529846191406
  Z: 57.45370101928711
aabbMin:
  X: -92.99079895019531
  Y: -65.6521987915039
  Z: -53.015499114990234
boundingForTraverse: 129.5675048828125
bugMask: 0
cursorOffsetY: 0.5
instSizeCafe: 74372
instSizeNx: -1
sortKey: -17
terrainTextures:
- 1344082188
traverseDist: 716.3159790039062
