aabbMax:
  X: 9.97659969329834
  Y: 37.60639953613281
  Z: 10.214900016784668
aabbMin:
  X: -15.421799659729004
  Y: -120.18299865722656
  Z: -10.35260009765625
boundingForTraverse: 157.78939819335938
bugMask: 0
instSizeCafe: 17140
instSizeNx: 75656
sortKey: 0
traverseDist: 3000.0
