aabbMax:
  X: 0.6706969738006592
  Y: 2.3141798973083496
  Z: 0.24820299446582794
aabbMin:
  X: -0.6706960201263428
  Y: 0.12144999951124191
  Z: 0.05000000074505806
boundingForTraverse: 2.192729949951172
bugMask: 1
cursorOffsetY: 0.5
instSizeCafe: 21928
instSizeNx: 81800
sortKey: -1
