aabbMax:
  X: 5.351180076599121
  Y: 13.839799880981445
  Z: 4.03764009475708
aabbMin:
  X: -5.3527398109436035
  Y: -1.760890007019043
  Z: -3.646199941635132
boundingForTraverse: 15.600689888000488
bugMask: 0
cursorOffsetY: 0.5
instSizeCafe: 17140
instSizeNx: 75656
sortKey: 0
traverseDist: 3000.0
