aabbMax:
  X: 3.740220069885254
  Y: 2.8104100227355957
  Z: 3.0100200176239014
aabbMin:
  X: -51.18980026245117
  Y: -10.314599990844727
  Z: -3.0133299827575684
boundingForTraverse: 13.125009536743164
bugMask: 0
instSizeCafe: 69960
instSizeNx: -1
sortKey: -9
traverseDist: 555.25927734375
