aabbMax:
  X: 1.183769941329956
  Y: 8.414389610290527
  Z: 0.7372949719429016
aabbMin:
  X: -1.4721699953079224
  Y: -1.115090012550354
  Z: -0.4057680070400238
boundingForTraverse: 9.52947998046875
bugMask: 0
cursorOffsetY: 0.5
instSizeCafe: 38316
instSizeNx: 116544
sortKey: 2
