aabbMax:
  X: 120.08599853515625
  Y: 41.93239974975586
  Z: 89.94989776611328
aabbMin:
  X: -120.08599853515625
  Y: -41.93239974975586
  Z: -89.94989776611328
boundingForTraverse: 83.86479949951172
bugMask: 0
cursorOffsetY: 0.5
instSizeCafe: -1
instSizeNx: 239688
sortKey: -18
terrainTextures:
- 1344082188
traverseDist: 800.0775146484375
