aabbMax:
  X: 7.552060127258301
  Y: 10.388500213623047
  Z: 5.061860084533691
aabbMin:
  X: -7.6410298347473145
  Y: 2.6818599700927734
  Z: -4.821430206298828
boundingForTraverse: 7.706639766693115
bugMask: 0
cursorOffsetY: 0.5
instSizeCafe: 101652
instSizeNx: 260200
sortKey: 0
