aabbMax:
  X: 41.21910095214844
  Y: 9.574930191040039
  Z: 42.205101013183594
aabbMin:
  X: -35.89400100708008
  Y: -12.201700210571289
  Z: -69.57589721679688
boundingForTraverse: 21.776630401611328
bugMask: 0
cursorOffsetY: 0.5
instSizeCafe: 17140
instSizeNx: -1
sortKey: 0
traverseDist: 4000.0
