aabbMax:
  X: 8.007699966430664
  Y: 10.0556001663208
  Z: 1.9720900058746338
aabbMin:
  X: -3.7551300525665283
  Y: 0.14556699991226196
  Z: -9.536140441894531
boundingForTraverse: 9.910033226013184
bugMask: 0
cursorOffsetY: 0.5
instSizeCafe: 123896
instSizeNx: -1
sortKey: 0
traverseDist: 1000.0
