aabbMax:
  X: 78.01219940185547
  Y: 39.00859832763672
  Z: 63.0265007019043
aabbMin:
  X: -78.01239776611328
  Y: -39.00859832763672
  Z: -63.0265007019043
boundingForTraverse: 78.01719665527344
bugMask: 0
cursorOffsetY: 0.5
instSizeCafe: 74948
instSizeNx: -1
sortKey: -18
terrainTextures:
- 1344082188
traverseDist: 700.5817260742188
