aabbMax:
  X: 2.150320053100586
  Y: 2.155479907989502
  Z: 1.2529300451278687
aabbMin:
  X: -2.15556001663208
  Y: -2.261389970779419
  Z: -2.1308400630950928
boundingForTraverse: 4.4168701171875
bugMask: 0
cursorOffsetY: 0.5
instSizeCafe: 80524
instSizeNx: 210992
sortKey: -15
terrainTextures:
- !u 0xffffff04
