aabbMax:
  X: 0.5439130067825317
  Y: 1.6898499727249146
  Z: 0.2627510130405426
aabbMin:
  X: -0.30526700615882874
  Y: 0.018355999141931534
  Z: -0.27625998854637146
boundingForTraverse: 1.6714940071105957
bugMask: 0
cursorOffsetY: 0.5
instSizeCafe: 48252
instSizeNx: -1
sortKey: 0
