aabbMax:
  X: 2.6757500171661377
  Y: 3.3569700717926025
  Z: 2.5759499073028564
aabbMin:
  X: -2.6654300689697266
  Y: -0.24470099806785583
  Z: -1.920259952545166
boundingForTraverse: 3.601670980453491
bugMask: 0
cursorOffsetY: 0.5
instSizeCafe: -1
instSizeNx: 210992
sortKey: -13
