aabbMax:
  X: 4.975150108337402
  Y: 5.799200057983398
  Z: 3.3397200107574463
aabbMin:
  X: -4.9674201011657715
  Y: 3.0493099689483643
  Z: -4.233739852905273
boundingForTraverse: 2.749890089035034
bugMask: 0
cursorOffsetY: 0.5
instSizeCafe: 112628
instSizeNx: -1
sortKey: 0
