aabbMax:
  X: 36.043701171875
  Y: 20.56730079650879
  Z: 22.511600494384766
aabbMin:
  X: -133.99600219726562
  Y: -20.54840087890625
  Z: -82.37100219726562
boundingForTraverse: 41.115699768066406
bugMask: 0
cursorOffsetY: 0.5
instSizeCafe: 18348
instSizeNx: -1
sortKey: 0
traverseDist: 5000.0
