aabbMax:
  X: 0.7945899963378906
  Y: 2.1593000888824463
  Z: 0.14584100246429443
aabbMin:
  X: -0.8207600116729736
  Y: -0.3435080051422119
  Z: -0.15060299634933472
boundingForTraverse: 2.502808094024658
bugMask: 1
cursorOffsetY: 0.699999988079071
instSizeCafe: -1
instSizeNx: 144112
lookAtOffsetY: 0.5
rigidBodyCenterY: 1.1542799472808838
sortKey: -12
traverseDist: 50.0
