aabbMax:
  X: 2.775089979171753
  Y: 2.3712799549102783
  Z: 2.3712799549102783
aabbMin:
  X: -6.022240161895752
  Y: -5.467339992523193
  Z: -4.033559799194336
boundingForTraverse: 7.838620185852051
bugMask: 3
instSizeCafe: 105936
instSizeNx: -1
rigidBodyCenterY: 0.05665900185704231
sortKey: -11
traverseDist: 300.0
