aabbMax:
  X: 1.5
  Y: 0.09995000064373016
  Z: 1.5
aabbMin:
  X: -1.5
  Y: -0.10000099986791611
  Z: -1.5
boundingForTraverse: 0.19995099306106567
bugMask: 3
cursorOffsetY: 0.5
instSizeCafe: 46876
instSizeNx: -1
rigidBodyCenterY: 0.10000099986791611
sortKey: -8
traverseDist: 200.0
