aabbMax:
  X: 9.613750457763672
  Y: 27.027799606323242
  Z: 6.336540222167969
aabbMin:
  X: -16.757699966430664
  Y: 15.81029987335205
  Z: -5.187260150909424
boundingForTraverse: 11.217499732971191
bugMask: 0
cursorOffsetY: 0.5
instSizeCafe: 17140
instSizeNx: -1
sortKey: 0
traverseDist: 2000.0
