aabbMax:
  X: 2.775089979171753
  Y: 2.3712899684906006
  Z: 2.3712899684906006
aabbMin:
  X: -6.022240161895752
  Y: -5.467339992523193
  Z: -4.033559799194336
boundingForTraverse: 7.838630199432373
bugMask: 3
instSizeCafe: -1
instSizeNx: 245768
rigidBodyCenterY: 0.05665900185704231
sortKey: -11
traverseDist: 300.0
