aabbMax:
  X: 19.7721004486084
  Y: 10.25979995727539
  Z: 43.63059997558594
aabbMin:
  X: -18.189899444580078
  Y: -0.766726016998291
  Z: -45.113399505615234
boundingForTraverse: 11.026524543762207
bugMask: 0
cursorOffsetY: 0.5
instSizeCafe: 17388
instSizeNx: -1
sortKey: 0
traverseDist: 1000.0
