aabbMax:
  X: 11.212900161743164
  Y: 1.3317400217056274
  Z: 11.23859977722168
aabbMin:
  X: -11.013400077819824
  Y: 0.28730499744415283
  Z: -11.413100242614746
boundingForTraverse: 1.0444350242614746
bugMask: 1
cursorOffsetY: 0.5
instSizeCafe: 59772
instSizeNx: 157488
sortKey: 0
traverseDist: 100.0
