aabbMax:
  X: 41.30189895629883
  Y: 3.555340051651001
  Z: 15.129500389099121
aabbMin:
  X: -41.30189895629883
  Y: -3.3430700302124023
  Z: -15.762399673461914
boundingForTraverse: 6.898409843444824
bugMask: 0
cursorOffsetY: 0.5
instSizeCafe: 27608
instSizeNx: 96160
sortKey: 0
terrainTextures:
- !u 0xffff1d11
traverseDist: 588.1912841796875
