aabbMax:
  X: 5.393740177154541
  Y: 1.8019100427627563
  Z: 5.223720073699951
aabbMin:
  X: -6.561800003051758
  Y: -2.988919973373413
  Z: -13.89840030670166
boundingForTraverse: 4.790830135345459
bugMask: 0
cursorOffsetY: 0.5
instSizeCafe: 364568
instSizeNx: 911488
sortKey: 2
