aabbMax:
  X: 3.3175899982452393
  Y: 5.1845197677612305
  Z: 1.7278000116348267
aabbMin:
  X: -3.3175899982452393
  Y: -0.3499999940395355
  Z: -1.8024499416351318
boundingForTraverse: 5.534520149230957
bugMask: 0
cursorOffsetY: 0.5
instSizeCafe: 166188
instSizeNx: 432088
sortKey: 0
traverseDist: 300.0
