aabbMax:
  X: 0.3199799954891205
  Y: 2.315570116043091
  Z: 0.3199799954891205
aabbMin:
  X: -0.3199799954891205
  Y: 0.0
  Z: -0.3199799954891205
boundingForTraverse: 2.315570116043091
bugMask: 0
cursorOffsetY: 0.5
instSizeCafe: 19700
instSizeNx: -1
sortKey: -15
