aabbMax:
  X: 22.75790023803711
  Y: 10.534700393676758
  Z: 22.568599700927734
aabbMin:
  X: -22.894100189208984
  Y: -9.959790229797363
  Z: -22.50790023803711
boundingForTraverse: 20.494491577148438
bugMask: 1
cursorOffsetY: 0.5
instSizeCafe: 151548
instSizeNx: -1
rigidBodyCenterY: 2.1034700870513916
sortKey: 10
traverseDist: 100.0
