aabbMax:
  X: 12.87969970703125
  Y: 10.86769962310791
  Z: 11.798600196838379
aabbMin:
  X: -12.879899978637695
  Y: -1.518589973449707
  Z: -13.651599884033203
boundingForTraverse: 12.386289596557617
bugMask: 1
cursorOffsetY: 0.5
instSizeCafe: 85124
instSizeNx: -1
rigidBodyCenterY: 5.611400127410889
sortKey: 0
traverseDist: 1000.0
