aabbMax:
  X: 10.065999984741211
  Y: 6.170199871063232
  Z: 59.249298095703125
aabbMin:
  X: -10.126099586486816
  Y: -40.77069854736328
  Z: -17.555099487304688
boundingForTraverse: 46.94089889526367
bugMask: 0
instSizeCafe: -1
instSizeNx: 75656
sortKey: 0
