aabbMax:
  X: 0.24496300518512726
  Y: 0.021727999672293663
  Z: 0.23565299808979034
aabbMin:
  X: -0.24496300518512726
  Y: -0.7586650252342224
  Z: -0.254272997379303
boundingForTraverse: 0.7803930044174194
bugMask: 0
cursorOffsetY: 0.5
instSizeCafe: 28440
instSizeNx: -1
sortKey: 0
traverseDist: 300.0
