aabbMax:
  X: 0.17309799790382385
  Y: 0.4078049957752228
  Z: 0.17289799451828003
aabbMin:
  X: -0.17310300469398499
  Y: 7.000000096013537e-06
  Z: -0.17330600321292877
boundingForTraverse: 0.40779799222946167
bugMask: 0
cursorOffsetY: 0.5
instSizeCafe: 29288
instSizeNx: -1
sortKey: -2
