aabbMax:
  X: 3.825819969177246
  Y: 4.858540058135986
  Z: 2.3754100799560547
aabbMin:
  X: -3.825819969177246
  Y: -0.5
  Z: -2.080209970474243
boundingForTraverse: 5.358540058135986
bugMask: 0
instSizeCafe: 81032
instSizeNx: -1
sortKey: -12
traverseDist: 300.0
