aabbMax:
  X: 2.1291000843048096
  Y: 3.4590001106262207
  Z: 1.6015000343322754
aabbMin:
  X: -2.1380701065063477
  Y: 0.0
  Z: -1.661370038986206
boundingForTraverse: 3.4590001106262207
bugMask: 0
cursorOffsetY: 0.5
instSizeCafe: 68860
instSizeNx: -1
sortKey: 0
