aabbMax:
  X: 88.48570251464844
  Y: 246.0919952392578
  Z: 81.89109802246094
aabbMin:
  X: -111.27799987792969
  Y: -187.50100708007812
  Z: -96.4375991821289
boundingForTraverse: 433.593017578125
bugMask: 0
instSizeCafe: 165420
instSizeNx: 432088
sortKey: -6
terrainTextures:
- 1279139584
traverseDist: 767.781005859375
