aabbMax:
  X: 16.258899688720703
  Y: 27.184799194335938
  Z: 19.766300201416016
aabbMin:
  X: -34.900001525878906
  Y: -1.8822499513626099
  Z: -22.887100219726562
boundingForTraverse: 29.067049026489258
bugMask: 0
instSizeCafe: 165284
instSizeNx: -1
sortKey: 0
traverseDist: 2000.0
