aabbMax:
  X: 1.1838099956512451
  Y: 0.6921759843826294
  Z: 0.35669198632240295
aabbMin:
  X: -1.3530100584030151
  Y: -0.36952099204063416
  Z: -0.8147760033607483
boundingForTraverse: 1.061697006225586
bugMask: 0
cursorOffsetY: 0.5
instSizeCafe: -1
instSizeNx: 141272
sortKey: -7
