aabbMax:
  X: 0.7452089786529541
  Y: 2.46737003326416
  Z: 0.6278939843177795
aabbMin:
  X: -0.9255049824714661
  Y: -0.0016280000563710928
  Z: -0.6210389733314514
boundingForTraverse: 2.4689979553222656
bugMask: 0
cursorOffsetY: 0.5
instSizeCafe: 17396
instSizeNx: 75656
sortKey: -19
traverseDist: 502.0859375
