aabbMax:
  X: 16.353200912475586
  Y: 35.52880096435547
  Z: 22.759300231933594
aabbMin:
  X: -18.581600189208984
  Y: -2.2307000160217285
  Z: -18.70009994506836
boundingForTraverse: 37.75950241088867
bugMask: 0
instSizeCafe: 869780
instSizeNx: -1
sortKey: 0
terrainTextures:
- !u 0xffffff3b
traverseDist: 554.2155151367188
