aabbMax:
  X: 15.567899703979492
  Y: 30.517799377441406
  Z: 17.782800674438477
aabbMin:
  X: -15.420900344848633
  Y: -1.140720009803772
  Z: -19.99650001525879
boundingForTraverse: 31.658519744873047
bugMask: 0
cursorOffsetY: 0.5
instSizeCafe: 155300
instSizeNx: -1
sortKey: 0
traverseDist: 500.0
