aabbMax:
  X: 0.16106100380420685
  Y: 2.700000047683716
  Z: 0.15411600470542908
aabbMin:
  X: -1.5
  Y: 0.0
  Z: -0.15081200003623962
boundingForTraverse: 2.700000047683716
bugMask: 3
cursorOffsetY: 0.5
instSizeCafe: 38560
instSizeNx: 106584
rigidBodyCenterY: 1.350000023841858
sortKey: -1
traverseDist: 200.0
