aabbMax:
  X: 1.9492199420928955
  Y: 2.554689884185791
  Z: 2.4375
aabbMin:
  X: -7.1875
  Y: -2.646480083465576
  Z: -2.390630006790161
boundingForTraverse: 5.201169967651367
bugMask: 3
cursorOffsetY: 0.5
instSizeCafe: -1
instSizeNx: 167544
rigidBodyCenterY: -0.7839840054512024
sortKey: 0
