aabbMax:
  X: 1.147320032119751
  Y: 2.575900077819824
  Z: 0.7338870167732239
aabbMin:
  X: -1.1473400592803955
  Y: -0.00014600000577047467
  Z: -0.6660159826278687
boundingForTraverse: 2.5760459899902344
bugMask: 3
cursorOffsetY: 1.0
instSizeCafe: 68116
instSizeNx: -1
lookAtOffsetY: 0.30000001192092896
rigidBodyCenterY: 1.1159600019454956
sortKey: -2
traverseDist: 200.0
