aabbMax:
  X: 48.47050094604492
  Y: 17.501800537109375
  Z: 44.047298431396484
aabbMin:
  X: -46.89189910888672
  Y: -1.4078799486160278
  Z: -44.3380012512207
boundingForTraverse: 18.90968132019043
bugMask: 0
cursorOffsetY: 0.5
instSizeCafe: -1
instSizeNx: 890984
sortKey: -1
terrainTextures:
- !u 0xffffff52
traverseDist: 200.0
