aabbMax:
  X: 4.703139781951904
  Y: 9.191780090332031
  Z: 6.852389812469482
aabbMin:
  X: -4.703139781951904
  Y: 3.0789198875427246
  Z: -6.75
boundingForTraverse: 6.112860202789307
bugMask: 0
cursorOffsetY: 0.5
instSizeCafe: 189776
instSizeNx: -1
sortKey: 0
