aabbMax:
  X: 1.0162700414657593
  Y: 5.031010150909424
  Z: 1.0162800550460815
aabbMin:
  X: -1.0162700414657593
  Y: 0.0
  Z: -1.0162800550460815
boundingForTraverse: 5.031010150909424
bugMask: 0
cursorOffsetY: 0.5
instSizeCafe: 28756
instSizeNx: -1
sortKey: 10
