aabbMax:
  X: 22.25469970703125
  Y: 56.789798736572266
  Z: 3.292649984359741
aabbMin:
  X: -22.252599716186523
  Y: -0.31515100598335266
  Z: -18.329299926757812
boundingForTraverse: 57.104949951171875
bugMask: 0
cursorOffsetY: 0.5
instSizeCafe: 17140
instSizeNx: 75656
sortKey: 1
traverseDist: 8000.0
