aabbMax:
  X: 13.275899887084961
  Y: 18.798500061035156
  Z: 11.834500312805176
aabbMin:
  X: -13.275899887084961
  Y: -2.7141900062561035
  Z: -7.330230236053467
boundingForTraverse: 21.5126895904541
bugMask: 0
instSizeCafe: 353320
instSizeNx: -1
sortKey: -3
traverseDist: 300.0
