aabbMax:
  X: 12.509900093078613
  Y: 11.845199584960938
  Z: 13.024299621582031
aabbMin:
  X: -24.06329917907715
  Y: -1.5014300346374512
  Z: -33.88880157470703
boundingForTraverse: 13.346630096435547
bugMask: 0
cursorOffsetY: 0.5
instSizeCafe: 114616
instSizeNx: -1
sortKey: -2
terrainTextures:
- !u 0xffff1d11
traverseDist: 300.0
