aabbMax:
  X: 114.44300079345703
  Y: 59.61389923095703
  Z: 69.6417007446289
aabbMin:
  X: -114.41400146484375
  Y: -59.132198333740234
  Z: -69.39450073242188
boundingForTraverse: 118.74609375
bugMask: 0
cursorOffsetY: 0.5
instSizeCafe: 17812
instSizeNx: 75656
sortKey: 0
traverseDist: 5000.0
