aabbMax:
  X: 3.429840087890625
  Y: 1.4485000371932983
  Z: 3.245069980621338
aabbMin:
  X: -2.657819986343384
  Y: -17.747800827026367
  Z: -1.57082998752594
boundingForTraverse: 19.196300506591797
bugMask: 0
cursorOffsetY: 0.5
instSizeCafe: 18544
instSizeNx: -1
sortKey: -14
traverseDist: 507.7622375488281
