aabbMax:
  X: 1.1713099479675293
  Y: 1.4383200407028198
  Z: 1.72747004032135
aabbMin:
  X: -1.1600300073623657
  Y: -0.07079699635505676
  Z: -1.743399977684021
boundingForTraverse: 1.5091170072555542
bugMask: 0
cursorOffsetY: 0.5
instSizeCafe: 28760
instSizeNx: -1
sortKey: 0
