aabbMax:
  X: 60.115299224853516
  Y: 18.673999786376953
  Z: 66.80120086669922
aabbMin:
  X: -60.115299224853516
  Y: -19.446300506591797
  Z: -66.80130004882812
boundingForTraverse: 38.12030029296875
bugMask: 0
cursorOffsetY: 0.5
instSizeCafe: 28280
instSizeNx: 96160
sortKey: 5169
terrainTextures:
- !u 0xff1d110c
traverseDist: 500.0
