aabbMax:
  X: 5.721749782562256
  Y: 12.869500160217285
  Z: 63.90639877319336
aabbMin:
  X: -20.896799087524414
  Y: -0.3405739963054657
  Z: -8.900569915771484
boundingForTraverse: 13.210074424743652
bugMask: 0
cursorOffsetY: 0.5
instSizeCafe: 204252
instSizeNx: 526360
sortKey: -2
terrainTextures:
- !u 0xffffff52
traverseDist: 300.0
