aabbMax:
  X: 10.44379997253418
  Y: 10.0
  Z: 9.717280387878418
aabbMin:
  X: -9.177639961242676
  Y: 0.5710639953613281
  Z: -10.273300170898438
boundingForTraverse: 9.428936004638672
bugMask: 0
cursorOffsetY: 0.5
instSizeCafe: 217216
instSizeNx: -1
sortKey: 0
