aabbMax:
  X: 40.7578010559082
  Y: 2.583559989929199
  Z: 42.181400299072266
aabbMin:
  X: -20.710399627685547
  Y: -17.700700759887695
  Z: -42.2046012878418
boundingForTraverse: 20.284259796142578
bugMask: 0
cursorOffsetY: 0.5
instSizeCafe: 19060
instSizeNx: -1
sortKey: 0
