aabbMax:
  X: 19.014699935913086
  Y: 32.37670135498047
  Z: 14.0871000289917
aabbMin:
  X: -13.423199653625488
  Y: -0.6139389872550964
  Z: -13.327500343322754
boundingForTraverse: 32.990638732910156
bugMask: 0
instSizeCafe: 233376
instSizeNx: -1
sortKey: 0
traverseDist: 2000.0
