aabbMax:
  X: 1.0956900119781494
  Y: 0.3649649918079376
  Z: 1.0009100437164307
aabbMin:
  X: -0.8638830184936523
  Y: -0.001623000018298626
  Z: -1.334920048713684
boundingForTraverse: 0.3665879964828491
bugMask: 0
cursorOffsetY: 0.5
instSizeCafe: 28052
instSizeNx: -1
sortKey: -10
