aabbMax:
  X: 0.2531279921531677
  Y: 2.450000047683716
  Z: 0.11050499975681305
aabbMin:
  X: -1.246880054473877
  Y: -2.5
  Z: -0.10199499875307083
boundingForTraverse: 4.949999809265137
bugMask: 1
cursorOffsetY: 1.0
instSizeCafe: 46212
instSizeNx: -1
lookAtOffsetY: 1.5
rigidBodyCenterY: 0.9974390268325806
sortKey: -9
traverseDist: 50.0
