aabbMax:
  X: 11.703700065612793
  Y: 9.58864974975586
  Z: 11.759499549865723
aabbMin:
  X: -9.888509750366211
  Y: -0.451445996761322
  Z: -9.88733959197998
boundingForTraverse: 10.040095329284668
bugMask: 0
instSizeCafe: 18984
instSizeNx: -1
rigidBodyCenterY: 1.1898399591445923
sortKey: 0
traverseDist: 1000.0
