aabbMax:
  X: 1.0671000480651855
  Y: 1.2289899587631226
  Z: 1.6323399543762207
aabbMin:
  X: -1.0336899757385254
  Y: 0.0
  Z: -1.565119981765747
boundingForTraverse: 1.2289899587631226
bugMask: 1
cursorOffsetY: 0.5
instSizeCafe: -1
instSizeNx: 86024
rigidBodyCenterY: 0.4686169922351837
sortKey: -10
