aabbMax:
  X: 25.13949966430664
  Y: 9.070219993591309
  Z: 28.35140037536621
aabbMin:
  X: -20.57080078125
  Y: -0.6110560297966003
  Z: -29.98189926147461
boundingForTraverse: 9.681276321411133
bugMask: 0
cursorOffsetY: 0.5
instSizeCafe: -1
instSizeNx: 75656
sortKey: 0
traverseDist: 1000.0
