aabbMax:
  X: 1.2678699493408203
  Y: 1.2643699645996094
  Z: 0.48938798904418945
aabbMin:
  X: -1.2678699493408203
  Y: 0.0
  Z: -0.48938798904418945
boundingForTraverse: 1.2643699645996094
bugMask: 0
cursorOffsetY: 0.5
instSizeCafe: 17396
instSizeNx: 75656
sortKey: 6
