aabbMax:
  X: 1.9761099815368652
  Y: 2.1185600757598877
  Z: 0.6438260078430176
aabbMin:
  X: -1.920300006866455
  Y: -2.1144800186157227
  Z: -0.372406005859375
boundingForTraverse: 4.233039855957031
bugMask: 3
instSizeCafe: 26800
instSizeNx: -1
sortKey: -3
