aabbMax:
  X: 0.5620999932289124
  Y: 2.2219200134277344
  Z: 1.6644999980926514
aabbMin:
  X: -0.6943820118904114
  Y: -0.6218140125274658
  Z: -0.7184919714927673
boundingForTraverse: 2.8437340259552
bugMask: 3
cursorOffsetY: 0.5
instSizeCafe: 43436
instSizeNx: -1
rigidBodyCenterY: 0.15000000596046448
sortKey: -1
