aabbMax:
  X: 17.039899826049805
  Y: -9.485139846801758
  Z: 20.23900032043457
aabbMin:
  X: -17.715900421142578
  Y: -200.67799377441406
  Z: -16.15060043334961
boundingForTraverse: 191.19285583496094
bugMask: 0
instSizeCafe: 17140
instSizeNx: 75656
sortKey: 0
traverseDist: 3000.0
