aabbMax:
  X: 2.388730049133301
  Y: 5.831830024719238
  Z: 2.3910601139068604
aabbMin:
  X: -2.5769500732421875
  Y: -1.7791199684143066
  Z: -2.578360080718994
boundingForTraverse: 7.610949993133545
bugMask: 3
cursorOffsetY: 0.5
instSizeCafe: 96068
instSizeNx: -1
rigidBodyCenterY: 1.0210100412368774
sortKey: 2
traverseDist: 300.0
