aabbMax:
  X: 80.51679992675781
  Y: 34.842098236083984
  Z: 109.47899627685547
aabbMin:
  X: -80.51679992675781
  Y: -40.172298431396484
  Z: -110.1719970703125
boundingForTraverse: 75.01439666748047
bugMask: 0
cursorOffsetY: 0.5
instSizeCafe: 63740
instSizeNx: -1
sortKey: -18
terrainTextures:
- 1344082188
traverseDist: 772.3570556640625
