aabbMax:
  X: 0.8107399940490723
  Y: 1.70510995388031
  Z: 0.1276089996099472
aabbMin:
  X: -0.4692240059375763
  Y: -0.3011679947376251
  Z: -0.057583000510931015
boundingForTraverse: 2.0062780380249023
bugMask: 3
cursorOffsetY: 0.3499999940395355
instSizeCafe: 95988
instSizeNx: -1
lookAtOffsetY: 1.399999976158142
rigidBodyCenterY: 1.3415700197219849
sortKey: 0
traverseDist: 150.0
