aabbMax:
  X: 11.629199981689453
  Y: 24.006200790405273
  Z: 13.238300323486328
aabbMin:
  X: -13.534899711608887
  Y: -0.9160569906234741
  Z: -10.964799880981445
boundingForTraverse: 24.922258377075195
bugMask: 0
cursorOffsetY: 0.5
instSizeCafe: 196120
instSizeNx: -1
sortKey: 0
terrainTextures:
- 1277102848
traverseDist: 2000.0
