aabbMax:
  X: 0.2832390069961548
  Y: 0.1560939997434616
  Z: 0.34033000469207764
aabbMin:
  X: -0.28323298692703247
  Y: -0.7537299990653992
  Z: -0.5198220014572144
boundingForTraverse: 0.909824013710022
bugMask: 0
cursorOffsetY: 0.5
instSizeCafe: 49680
instSizeNx: -1
sortKey: -1
traverseDist: 300.0
