aabbMax:
  X: 5.594910144805908
  Y: 13.510100364685059
  Z: 4.72838020324707
aabbMin:
  X: -4.8213300704956055
  Y: -1.5
  Z: -3.957089900970459
boundingForTraverse: 15.010100364685059
bugMask: 0
cursorOffsetY: 0.5
instSizeCafe: 126972
instSizeNx: -1
sortKey: 0
terrainTextures:
- !u 0xff261903
traverseDist: 513.562255859375
