aabbMax:
  X: 1.5690100193023682
  Y: 5.949999809265137
  Z: -4.735350131988525
aabbMin:
  X: -1.5616600513458252
  Y: 3.9830501079559326
  Z: -5.786930084228516
boundingForTraverse: 1.9669500589370728
bugMask: 0
cursorOffsetY: 0.5
instSizeCafe: 62432
instSizeNx: -1
sortKey: 0
traverseDist: 300.0
