aabbMax:
  X: 0.15685300529003143
  Y: 0.27781298756599426
  Z: 0.33201900124549866
aabbMin:
  X: -0.16673900187015533
  Y: -1.5926400423049927
  Z: -0.2906230092048645
boundingForTraverse: 1.8704530000686646
bugMask: 0
cursorOffsetY: 0.5
instSizeCafe: -1
instSizeNx: 116672
sortKey: -3
traverseDist: 300.0
