aabbMax:
  X: 9.306489944458008
  Y: 10.317899703979492
  Z: 9.963950157165527
aabbMin:
  X: -10.616100311279297
  Y: -7.221920013427734
  Z: -5.094970226287842
boundingForTraverse: 17.539819717407227
bugMask: 0
cursorOffsetY: 0.5
instSizeCafe: 142532
instSizeNx: 358616
sortKey: 12
traverseDist: 300.0
