aabbMax:
  X: 0.5073040127754211
  Y: 1.274999976158142
  Z: 0.50730299949646
aabbMin:
  X: -0.50730299949646
  Y: -0.0075610000640153885
  Z: -0.50730299949646
boundingForTraverse: 1.28256094455719
bugMask: 3
cursorOffsetY: 0.5
instSizeCafe: -1
instSizeNx: 113832
rigidBodyCenterY: 0.6976699829101562
sortKey: -13
