aabbMax:
  X: 2.666559934616089
  Y: 3.5434799194335938
  Z: 0.8685809969902039
aabbMin:
  X: -2.064160108566284
  Y: -1.1586799621582031
  Z: -1.4588899612426758
boundingForTraverse: 4.702159881591797
bugMask: 0
cursorOffsetY: 0.5
instSizeCafe: 50240
instSizeNx: -1
sortKey: 4
