aabbMax:
  X: 3.6558799743652344
  Y: 8.34807014465332
  Z: 8.637639999389648
aabbMin:
  X: -5.277440071105957
  Y: -1.3324899673461914
  Z: -6.123809814453125
boundingForTraverse: 9.680560111999512
bugMask: 0
cursorOffsetY: 0.5
instSizeCafe: 300748
instSizeNx: -1
rigidBodyCenterY: -1.2497299909591675
sortKey: -4
traverseDist: 1000.0
