aabbMax:
  X: 0.3728879988193512
  Y: 0.15838100016117096
  Z: 0.25637200474739075
aabbMin:
  X: -0.37288698554039
  Y: 0.0
  Z: -0.25637200474739075
boundingForTraverse: 0.15838100016117096
bugMask: 0
cursorOffsetY: 0.5
instSizeCafe: 28760
instSizeNx: -1
sortKey: 10
