aabbMax:
  X: 3.485059976577759
  Y: 4.724259853363037
  Z: 3.478450059890747
aabbMin:
  X: -5.687029838562012
  Y: -0.1163949966430664
  Z: -6.3094401359558105
boundingForTraverse: 4.8406548500061035
bugMask: 0
cursorOffsetY: 0.5
instSizeCafe: 38488
instSizeNx: -1
sortKey: 0
