aabbMax:
  X: 6.748330116271973
  Y: 0.6625580191612244
  Z: 7.443789958953857
aabbMin:
  X: -6.457099914550781
  Y: -16.2106990814209
  Z: -0.5111209750175476
boundingForTraverse: 16.87325668334961
bugMask: 0
cursorOffsetY: 0.5
instSizeCafe: 17140
instSizeNx: 75656
sortKey: 0
