aabbMax:
  X: 0.1398240029811859
  Y: 1.4936699867248535
  Z: 0.11566600203514099
aabbMin:
  X: -0.14442099630832672
  Y: -0.2926430106163025
  Z: -0.14014099538326263
boundingForTraverse: 1.7863130569458008
bugMask: 0
cursorOffsetY: 0.5
instSizeCafe: -1
instSizeNx: 75656
sortKey: -26
traverseDist: 200.0
