aabbMax:
  X: 12.082599639892578
  Y: 10.660099983215332
  Z: 1.5426499843597412
aabbMin:
  X: -12.544300079345703
  Y: -1.865090012550354
  Z: -45.37919998168945
boundingForTraverse: 12.525190353393555
bugMask: 0
cursorOffsetY: 0.5
instSizeCafe: 17136
instSizeNx: -1
sortKey: 0
traverseDist: 1000.0
