aabbMax:
  X: 4.015120029449463
  Y: 8.123970031738281
  Z: 0.6328809857368469
aabbMin:
  X: -4.045030117034912
  Y: -0.00836899969726801
  Z: -0.646140992641449
boundingForTraverse: 8.132338523864746
bugMask: 0
instSizeCafe: 38172
instSizeNx: -1
sortKey: 0
traverseDist: 400.0
