aabbMax:
  X: 3.6500000953674316
  Y: 12.114899635314941
  Z: 0.19657999277114868
aabbMin:
  X: -3.6500000953674316
  Y: -0.3350850045681
  Z: -0.19657999277114868
boundingForTraverse: 12.449984550476074
bugMask: 3
cursorOffsetY: 0.5
instSizeCafe: 60492
instSizeNx: -1
rigidBodyCenterY: 6.057459831237793
sortKey: -13
