aabbMax:
  X: 30.386499404907227
  Y: 60.059200286865234
  Z: 4.233910083770752
aabbMin:
  X: -31.6914005279541
  Y: -1.17576003074646
  Z: -18.077699661254883
boundingForTraverse: 61.23495864868164
bugMask: 0
cursorOffsetY: 0.5
instSizeCafe: 18068
instSizeNx: 75656
sortKey: 4
traverseDist: 8000.0
