aabbMax:
  X: 6.19936990737915
  Y: 33.4557991027832
  Z: 6.137730121612549
aabbMin:
  X: -6.137730121612549
  Y: -0.5
  Z: -6.137730121612549
boundingForTraverse: 33.9557991027832
bugMask: 0
cursorOffsetY: 0.5
instSizeCafe: 138336
instSizeNx: -1
sortKey: 0
traverseDist: 500.0
