aabbMax:
  X: 0.4856269955635071
  Y: 1.2647199630737305
  Z: 0.5083670020103455
aabbMin:
  X: -0.4856269955635071
  Y: 0.0
  Z: -0.5083670020103455
boundingForTraverse: 1.2647199630737305
bugMask: 3
cursorOffsetY: 0.5
instSizeCafe: 44200
instSizeNx: 114216
rigidBodyCenterY: 0.7009729743003845
sortKey: 0
