aabbMax:
  X: 6.520750045776367
  Y: 7.028550148010254
  Z: 2.1926798820495605
aabbMin:
  X: -2.306610107421875
  Y: -0.9922270178794861
  Z: -6.785339832305908
boundingForTraverse: 8.020776748657227
bugMask: 0
cursorOffsetY: 0.5
instSizeCafe: -1
instSizeNx: 213088
sortKey: 0
