aabbMax:
  X: 9.163590431213379
  Y: 25.690200805664062
  Z: 8.246150016784668
aabbMin:
  X: -15.141300201416016
  Y: -1.3330299854278564
  Z: -8.290029525756836
boundingForTraverse: 27.023231506347656
bugMask: 0
cursorOffsetY: 0.5
instSizeCafe: -1
instSizeNx: 280704
sortKey: 0
terrainTextures:
- 909190152
- !u 0xffffff37
traverseDist: 2000.0
