aabbMax:
  X: 0.6063140034675598
  Y: 2.20674991607666
  Z: 0.3009360134601593
aabbMin:
  X: -1.1006300449371338
  Y: -0.4923059940338135
  Z: -0.27325600385665894
boundingForTraverse: 2.6990559101104736
bugMask: 1
instSizeCafe: -1
instSizeNx: 168720
lookAtOffsetY: 1.2999999523162842
rigidBodyCenterY: 1.0958199501037598
sortKey: 2
traverseDist: 50.0
