aabbMax:
  X: 7.537740230560303
  Y: 5.385079860687256
  Z: 8.46187973022461
aabbMin:
  X: -7.660580158233643
  Y: -0.737030029296875
  Z: -3.4672300815582275
boundingForTraverse: 6.122109889984131
bugMask: 0
cursorOffsetY: 0.5
instSizeCafe: 17388
instSizeNx: -1
sortKey: 0
traverseDist: 2000.0
