aabbMax:
  X: 1.9464499950408936
  Y: 1.816480040550232
  Z: 1.3343700170516968
aabbMin:
  X: -2.235460042953491
  Y: -0.012443999759852886
  Z: -1.3688299655914307
boundingForTraverse: 1.8289239406585693
bugMask: 0
cursorOffsetY: 0.5
instSizeCafe: 38044
instSizeNx: -1
sortKey: 0
