aabbMax:
  X: 7.880300045013428
  Y: 10.143199920654297
  Z: 9.833419799804688
aabbMin:
  X: -7.509739875793457
  Y: 2.875
  Z: -9.99822998046875
boundingForTraverse: 7.268199920654297
bugMask: 0
cursorOffsetY: 0.5
instSizeCafe: 102164
instSizeNx: -1
sortKey: 0
