aabbMax:
  X: 81.26709747314453
  Y: 31.337900161743164
  Z: 59.92490005493164
aabbMin:
  X: -126.1050033569336
  Y: -24.78019905090332
  Z: -230.12899780273438
boundingForTraverse: 56.118099212646484
bugMask: 0
cursorOffsetY: 0.5
instSizeCafe: -1
instSizeNx: 215088
sortKey: -18
terrainTextures:
- 1344082188
traverseDist: 856.5592041015625
