aabbMax:
  X: 0.19179099798202515
  Y: 0.795428991317749
  Z: 0.1511330008506775
aabbMin:
  X: -0.20657199621200562
  Y: 0.0
  Z: -0.15814200043678284
boundingForTraverse: 0.795428991317749
bugMask: 0
cursorOffsetY: 0.5
instSizeCafe: 48828
instSizeNx: -1
sortKey: -13
