aabbMax:
  X: 16.51300048828125
  Y: 15.973099708557129
  Z: 16.67620086669922
aabbMin:
  X: -17.25189971923828
  Y: -0.7764149904251099
  Z: -17.547800064086914
boundingForTraverse: 16.749515533447266
bugMask: 0
instSizeCafe: -1
instSizeNx: 563272
sortKey: -5
traverseDist: 500.0
