aabbMax:
  X: 2.367039918899536
  Y: 0.004401999991387129
  Z: 2.763079881668091
aabbMin:
  X: -2.068959951400757
  Y: 0.0014019999653100967
  Z: -3.580389976501465
boundingForTraverse: 0.003000000026077032
bugMask: 0
cursorOffsetY: 0.5
instSizeCafe: 39000
instSizeNx: -1
sortKey: -2
traverseDist: 507.74066162109375
