aabbMax:
  X: 120.51100158691406
  Y: 66.77870178222656
  Z: 212.88699340820312
aabbMin:
  X: -120.51100158691406
  Y: -67.1238021850586
  Z: -109.13899993896484
boundingForTraverse: 133.90249633789062
bugMask: 0
cursorOffsetY: 0.5
instSizeCafe: 107952
instSizeNx: -1
sortKey: -18
terrainTextures:
- 1344082188
traverseDist: 902.2341918945312
