aabbMax:
  X: 0.6035150289535522
  Y: 1.7215700149536133
  Z: 0.4031749963760376
aabbMin:
  X: -0.6209560036659241
  Y: -0.017632000148296356
  Z: -0.4355030059814453
boundingForTraverse: 1.7392020225524902
bugMask: 1
cursorOffsetY: 1.0
instSizeCafe: 75452
instSizeNx: -1
rigidBodyCenterY: 1.0006799697875977
sortKey: 3
traverseDist: 50.0
