aabbMax:
  X: 5.8937602043151855
  Y: 11.618200302124023
  Z: 7.319620132446289
aabbMin:
  X: -5.8937602043151855
  Y: -24.027599334716797
  Z: -7.474480152130127
boundingForTraverse: 35.64579772949219
bugMask: 0
instSizeCafe: 102292
instSizeNx: 260200
sortKey: 0
traverseDist: 3000.0
