aabbMax:
  X: 5.886119842529297
  Y: 3.692620038986206
  Z: 13.776800155639648
aabbMin:
  X: -5.704649925231934
  Y: -3.053030014038086
  Z: -13.379400253295898
boundingForTraverse: 6.745649814605713
bugMask: 0
cursorOffsetY: 0.5
instSizeCafe: 91504
instSizeNx: -1
sortKey: 26
