aabbMax:
  X: 6.5797600746154785
  Y: 0.4567579925060272
  Z: 3.8167600631713867
aabbMin:
  X: -6.397779941558838
  Y: -17.29210090637207
  Z: -1.6114399433135986
boundingForTraverse: 17.748859405517578
bugMask: 0
cursorOffsetY: 0.5
instSizeCafe: -1
instSizeNx: 75656
sortKey: -1
terrainTextures:
- 1279401728
traverseDist: 514.0670776367188
