aabbMax:
  X: 3.886199951171875
  Y: 9.959699630737305
  Z: 0.9054149985313416
aabbMin:
  X: -3.886199951171875
  Y: -0.0025130000431090593
  Z: -0.6215530037879944
boundingForTraverse: 9.962212562561035
bugMask: 2
cursorOffsetY: 0.5
instSizeCafe: -1
instSizeNx: 140344
rigidBodyCenterY: 4.382070064544678
sortKey: -14
traverseDist: 200.0
