aabbMax:
  X: 98.02519989013672
  Y: 71.314697265625
  Z: 78.43599700927734
aabbMin:
  X: -104.0459976196289
  Y: -7.061429977416992
  Z: -95.12120056152344
boundingForTraverse: 78.37612915039062
bugMask: 0
cursorOffsetY: 0.5
instSizeCafe: 18176
instSizeNx: 77752
sortKey: 0
traverseDist: 5000.0
