aabbMax:
  X: 0.6371610164642334
  Y: 1.0915100574493408
  Z: 0.6387839913368225
aabbMin:
  X: -0.6370069980621338
  Y: 0.0
  Z: -0.6387839913368225
boundingForTraverse: 1.0915100574493408
bugMask: 0
cursorOffsetY: 0.5
instSizeCafe: 17140
instSizeNx: -1
sortKey: 0
