aabbMax:
  X: 0.14498600363731384
  Y: 2.700000047683716
  Z: 0.12172500044107437
aabbMin:
  X: -1.505020022392273
  Y: 0.0
  Z: -0.12172599881887436
boundingForTraverse: 2.700000047683716
bugMask: 3
cursorOffsetY: 0.5
instSizeCafe: 49040
instSizeNx: -1
rigidBodyCenterY: 1.350000023841858
sortKey: 1
traverseDist: 200.0
