aabbMax:
  X: 26.299299240112305
  Y: 4.997029781341553
  Z: 44.90639877319336
aabbMin:
  X: -40.7682991027832
  Y: -5.384439945220947
  Z: -39.484901428222656
boundingForTraverse: 10.3814697265625
bugMask: 0
cursorOffsetY: 0.5
instSizeCafe: 17136
instSizeNx: -1
sortKey: 0
traverseDist: 4000.0
