aabbMax:
  X: 36.843101501464844
  Y: -31.09830093383789
  Z: 36.933101654052734
aabbMin:
  X: -40.522499084472656
  Y: -135.98599243164062
  Z: -36.717899322509766
boundingForTraverse: 104.8876953125
bugMask: 0
instSizeCafe: -1
instSizeNx: 75656
sortKey: 0
traverseDist: 4000.0
