aabbMax:
  X: 4.862619876861572
  Y: 1.3073999881744385
  Z: 12.336000442504883
aabbMin:
  X: -6.550179958343506
  Y: -3.5132999420166016
  Z: -7.240320205688477
boundingForTraverse: 4.820700168609619
bugMask: 0
cursorOffsetY: 0.5
instSizeCafe: -1
instSizeNx: 989400
sortKey: 2
