aabbMax:
  X: 1.8764899969100952
  Y: 3.1126201152801514
  Z: 1.851989984512329
aabbMin:
  X: -1.576449990272522
  Y: -0.6264100074768066
  Z: -1.8836300373077393
boundingForTraverse: 3.739029884338379
bugMask: 0
cursorOffsetY: 0.5
instSizeCafe: 78468
instSizeNx: -1
sortKey: 8
