aabbMax:
  X: 3.0994699001312256
  Y: 6.714950084686279
  Z: 16.74169921875
aabbMin:
  X: -3.1322999000549316
  Y: -1.0910700559616089
  Z: -16.923799514770508
boundingForTraverse: 7.8060197830200195
bugMask: 0
cursorOffsetY: 0.5
instSizeCafe: 17140
instSizeNx: 75656
sortKey: 0
traverseDist: 1000.0
