aabbMax:
  X: 0.3666360080242157
  Y: 1.0191700458526611
  Z: 0.4672749936580658
aabbMin:
  X: -0.3666360080242157
  Y: 0.0
  Z: -0.47727400064468384
boundingForTraverse: 1.0191700458526611
bugMask: 0
cursorOffsetY: 0.5
instSizeCafe: 59644
instSizeNx: -1
sortKey: 2
