aabbMax:
  X: 0.19400499761104584
  Y: 1.6727499961853027
  Z: 0.2724669873714447
aabbMin:
  X: -6.623600006103516
  Y: -0.40389201045036316
  Z: -0.25722700357437134
boundingForTraverse: 2.0766420364379883
bugMask: 0
cursorOffsetY: 0.5
instSizeCafe: -1
instSizeNx: 75656
sortKey: -21
traverseDist: 200.0
