aabbMax:
  X: 35.25
  Y: 26.367700576782227
  Z: 11.030500411987305
aabbMin:
  X: -35.25
  Y: -1.5145599842071533
  Z: -7.537499904632568
boundingForTraverse: 27.882261276245117
bugMask: 0
cursorOffsetY: 0.5
instSizeCafe: 386356
instSizeNx: -1
sortKey: 0
terrainTextures:
- 1378228483
- !u 0xffffff53
traverseDist: 572.9041748046875
