aabbMax:
  X: 57.63850021362305
  Y: 8.634960174560547
  Z: 52.8307991027832
aabbMin:
  X: -21.684799194335938
  Y: -1.0643099546432495
  Z: -13.99370002746582
boundingForTraverse: 9.699270248413086
bugMask: 0
cursorOffsetY: 0.5
instSizeCafe: -1
instSizeNx: 154296
rigidBodyCenterY: 3.130660057067871
sortKey: -1
