aabbMax:
  X: 17.396900177001953
  Y: 16.372400283813477
  Z: 20.048799514770508
aabbMin:
  X: -17.30109977722168
  Y: -0.5255839824676514
  Z: -19.55340003967285
boundingForTraverse: 16.89798355102539
bugMask: 0
cursorOffsetY: 0.5
instSizeCafe: 288184
instSizeNx: -1
sortKey: -2
traverseDist: 300.0
