aabbMax:
  X: 11.77970027923584
  Y: 24.88990020751953
  Z: 11.580400466918945
aabbMin:
  X: -9.04384994506836
  Y: -0.2775590121746063
  Z: -9.787639617919922
boundingForTraverse: 25.16745948791504
bugMask: 0
instSizeCafe: 315932
instSizeNx: -1
sortKey: 1
traverseDist: 529.83642578125
