aabbMax:
  X: 4.63185977935791
  Y: 1.5217100381851196
  Z: 7.691279888153076
aabbMin:
  X: -9.999070167541504
  Y: -2.933769941329956
  Z: -7.556429862976074
boundingForTraverse: 4.455480098724365
bugMask: 0
cursorOffsetY: 0.5
instSizeCafe: -1
instSizeNx: 915608
sortKey: 2
