aabbMax:
  X: 0.81523597240448
  Y: 2.459559917449951
  Z: 0.3606239855289459
aabbMin:
  X: -0.81523597240448
  Y: -0.33175599575042725
  Z: -0.3606239855289459
boundingForTraverse: 2.791316032409668
bugMask: 1
cursorOffsetY: 1.2000000476837158
instSizeCafe: 35468
instSizeNx: -1
rigidBodyCenterY: 1.4866299629211426
sortKey: 0
traverseDist: 50.0
