aabbMax:
  X: 0.18765200674533844
  Y: 0.5232359766960144
  Z: 0.2189279943704605
aabbMin:
  X: -0.1867939978837967
  Y: 0.0
  Z: -0.1681089997291565
boundingForTraverse: 0.5232359766960144
bugMask: 0
cursorOffsetY: 0.5
instSizeCafe: 17972
instSizeNx: 75656
sortKey: -4
