aabbMax:
  X: 4.7694501876831055
  Y: -4.781750202178955
  Z: 0.8793820142745972
aabbMin:
  X: -4.7694501876831055
  Y: -7.761199951171875
  Z: -0.8606629967689514
boundingForTraverse: 2.979449987411499
bugMask: 0
cursorOffsetY: 0.5
instSizeCafe: 18220
instSizeNx: -1
sortKey: 10
