aabbMax:
  X: 0.5929359793663025
  Y: 1.7322800159454346
  Z: 0.13827399909496307
aabbMin:
  X: -0.684469997882843
  Y: 1.100000023841858
  Z: -0.05200999975204468
boundingForTraverse: 0.6322799921035767
bugMask: 3
cursorOffsetY: 0.5
instSizeCafe: 87668
instSizeNx: -1
rigidBodyCenterY: 1.3680399656295776
sortKey: 12
traverseDist: 150.0
