aabbMax:
  X: 0.42156198620796204
  Y: 0.18000000715255737
  Z: 0.2665979862213135
aabbMin:
  X: -0.42156198620796204
  Y: -0.03880799934267998
  Z: -0.4635689854621887
boundingForTraverse: 0.21880799531936646
bugMask: 3
cursorOffsetY: 0.5
instSizeCafe: 35084
instSizeNx: 107472
rigidBodyCenterY: 0.12363699823617935
sortKey: 1
traverseDist: 150.0
