aabbMax:
  X: 31.076000213623047
  Y: 31.535400390625
  Z: 36.03260040283203
aabbMin:
  X: -31.076000213623047
  Y: -31.5
  Z: -29.875
boundingForTraverse: 63.035400390625
bugMask: 0
cursorOffsetY: 0.5
instSizeCafe: -1
instSizeNx: 670544
sortKey: 6
terrainTextures:
- !u 0xffff402c
traverseDist: 590.5907592773438
