aabbMax:
  X: 123.01000213623047
  Y: 77.43489837646484
  Z: 116.34600067138672
aabbMin:
  X: -123.01000213623047
  Y: 3.999999989900971e-06
  Z: -127.15599822998047
boundingForTraverse: 77.43489837646484
bugMask: 0
cursorOffsetY: 0.5
instSizeCafe: -1
instSizeNx: 624840
sortKey: -4
traverseDist: 846.14892578125
