aabbMax:
  X: 5.8937602043151855
  Y: 5.348080158233643
  Z: 7.480020046234131
aabbMin:
  X: -5.8937602043151855
  Y: -24.053300857543945
  Z: -7.443490028381348
boundingForTraverse: 29.40138053894043
bugMask: 0
instSizeCafe: 195416
instSizeNx: -1
sortKey: -17
traverseDist: 519.0172729492188
