aabbMax:
  X: 3.2578799724578857
  Y: 6.070340156555176
  Z: 3.315390110015869
aabbMin:
  X: -3.2452499866485596
  Y: 3.059299945831299
  Z: -4.25029993057251
boundingForTraverse: 3.011039972305298
bugMask: 0
cursorOffsetY: 0.5
instSizeCafe: 142488
instSizeNx: -1
sortKey: 0
