aabbMax:
  X: 10.9798002243042
  Y: 6.571310043334961
  Z: 9.12051010131836
aabbMin:
  X: 2.4188899993896484
  Y: -1.6918400526046753
  Z: -4.443999767303467
boundingForTraverse: 8.263150215148926
bugMask: 0
cursorOffsetY: 0.5
instSizeCafe: 72136
instSizeNx: 186384
sortKey: 0
terrainTextures:
- !u 0xffffff32
