aabbMax:
  X: 1.1318000555038452
  Y: 5.6852898597717285
  Z: 2.1478099822998047
aabbMin:
  X: -1.1318000555038452
  Y: 2.759079933166504
  Z: -1.1566599607467651
boundingForTraverse: 2.9262099266052246
bugMask: 0
cursorOffsetY: 0.5
instSizeCafe: 28500
instSizeNx: -1
sortKey: 26
traverseDist: 300.0
