aabbMax:
  X: 1.156749963760376
  Y: 1.3468400239944458
  Z: 2.098099946975708
aabbMin:
  X: -1.138890027999878
  Y: 0.006909000221639872
  Z: -1.842419981956482
boundingForTraverse: 1.3399310111999512
bugMask: 1
cursorOffsetY: 0.5
instSizeCafe: -1
instSizeNx: 81904
rigidBodyCenterY: 0.4710719883441925
sortKey: 0
