aabbMax:
  X: 0.8157600164413452
  Y: 4.155290126800537
  Z: 0.6758919954299927
aabbMin:
  X: -1.5306700468063354
  Y: -0.8911669850349426
  Z: -0.9192429780960083
boundingForTraverse: 5.046456813812256
bugMask: 1
cursorOffsetY: 1.2999999523162842
instSizeCafe: 69656
instSizeNx: 168720
rigidBodyCenterY: 1.5582599639892578
sortKey: -8
terrainTextures:
- !u 0xffffff22
traverseDist: 50.0
