aabbMax:
  X: 4.567349910736084
  Y: 8.498600006103516
  Z: 5.160679817199707
aabbMin:
  X: -4.5726399421691895
  Y: -0.5213279724121094
  Z: -4.869999885559082
boundingForTraverse: 9.019927978515625
bugMask: 0
cursorOffsetY: 0.5
instSizeCafe: 165156
instSizeNx: -1
sortKey: 0
terrainTextures:
- !u 0xff521d11
traverseDist: 150.0
