aabbMax:
  X: 5.997250080108643
  Y: 3.474900007247925
  Z: 19.75
aabbMin:
  X: -6.1705498695373535
  Y: -4.300350189208984
  Z: 0.17210200428962708
boundingForTraverse: 7.77524995803833
bugMask: 0
cursorOffsetY: 0.5
instSizeCafe: -1
instSizeNx: 231496
sortKey: 0
traverseDist: 500.0
