aabbMax:
  X: 8.90548038482666
  Y: 20.442399978637695
  Z: 11.328100204467773
aabbMin:
  X: -13.224599838256836
  Y: -0.36845600605010986
  Z: -10.651599884033203
boundingForTraverse: 20.810855865478516
bugMask: 0
cursorOffsetY: 0.5
instSizeCafe: 186732
instSizeNx: -1
sortKey: 0
traverseDist: 2000.0
