aabbMax:
  X: 0.7592200040817261
  Y: 2.485919952392578
  Z: 0.6595579981803894
aabbMin:
  X: -0.9326090216636658
  Y: -0.037668000906705856
  Z: -0.6626160144805908
boundingForTraverse: 2.523587942123413
bugMask: 0
cursorOffsetY: 0.5
instSizeCafe: 16880
instSizeNx: -1
sortKey: 0
traverseDist: 1000.0
