aabbMax:
  X: 10.0
  Y: 13.399999618530273
  Z: 3.700000047683716
aabbMin:
  X: -0.07340999692678452
  Y: -1.5
  Z: -3.700000047683716
boundingForTraverse: 14.899999618530273
bugMask: 0
cursorOffsetY: 0.5
instSizeCafe: -1
instSizeNx: 206896
sortKey: 0
traverseDist: 512.4993286132812
