aabbMax:
  X: 0.14162200689315796
  Y: 2.3572700023651123
  Z: 0.14162200689315796
aabbMin:
  X: -0.14161500334739685
  Y: -0.23309600353240967
  Z: -0.14162099361419678
boundingForTraverse: 2.5903658866882324
bugMask: 0
cursorOffsetY: 0.5
instSizeCafe: 29696
instSizeNx: -1
sortKey: 0
