aabbMax:
  X: 0.34676098823547363
  Y: 2.32627010345459
  Z: 0.3411189913749695
aabbMin:
  X: -0.3286130130290985
  Y: 2.0233800411224365
  Z: -0.35438698530197144
boundingForTraverse: 0.30289000272750854
bugMask: 0
cursorOffsetY: 0.5
instSizeCafe: 17524
instSizeNx: -1
sortKey: 0
