aabbMax:
  X: 3.2564001083374023
  Y: 2.811530113220215
  Z: 4.247320175170898
aabbMin:
  X: -3.191159963607788
  Y: -5.446290016174316
  Z: -4.299630165100098
boundingForTraverse: 8.257820129394531
bugMask: 0
instSizeCafe: 58720
instSizeNx: -1
sortKey: -5
traverseDist: 300.0
