aabbMax:
  X: 4.926370143890381
  Y: 5.181529998779297
  Z: 3.3305599689483643
aabbMin:
  X: -5.0179901123046875
  Y: 3.0418999195098877
  Z: -4.250080108642578
boundingForTraverse: 2.139630079269409
bugMask: 0
cursorOffsetY: 0.5
instSizeCafe: 130812
instSizeNx: 329912
sortKey: 0
