aabbMax:
  X: 6.8412299156188965
  Y: 1.7817399501800537
  Z: 6.121610164642334
aabbMin:
  X: -7.465109825134277
  Y: -2.9998700618743896
  Z: -6.23484992980957
boundingForTraverse: 4.781610012054443
bugMask: 0
cursorOffsetY: 0.5
instSizeCafe: 322600
instSizeNx: -1
sortKey: 2
