aabbMax:
  X: 4.85407018661499
  Y: 6.871210098266602
  Z: 18.104000091552734
aabbMin:
  X: -4.440120220184326
  Y: -7.907380104064941
  Z: -13.389100074768066
boundingForTraverse: 14.778590202331543
bugMask: 0
cursorOffsetY: 0.5
instSizeCafe: 83080
instSizeNx: -1
sortKey: 8
