aabbMax:
  X: 3.1819798946380615
  Y: 0.38696300983428955
  Z: 0.4604640007019043
aabbMin:
  X: -3.1819798946380615
  Y: -7.016839981079102
  Z: -1.025189995765686
boundingForTraverse: 7.403802871704102
bugMask: 3
cursorOffsetY: 0.5
instSizeCafe: 42260
instSizeNx: -1
rigidBodyCenterY: -3.537990093231201
sortKey: 0
traverseDist: 200.0
