aabbMax:
  X: 2.289599895477295
  Y: 0.8723170161247253
  Z: 12.036999702453613
aabbMin:
  X: -2.3015100955963135
  Y: -11.104900360107422
  Z: -11.911399841308594
boundingForTraverse: 11.977217674255371
bugMask: 0
instSizeCafe: 70084
instSizeNx: -1
sortKey: -8
traverseDist: 500.0
