aabbMax:
  X: 4.444809913635254
  Y: 13.913200378417969
  Z: 5.726280212402344
aabbMin:
  X: -6.274059772491455
  Y: -1.5
  Z: -4.354599952697754
boundingForTraverse: 15.413200378417969
bugMask: 0
cursorOffsetY: 0.5
instSizeCafe: -1
instSizeNx: 403432
sortKey: 0
terrainTextures:
- !u 0xff261903
traverseDist: 514.7145385742188
