aabbMax:
  X: 5.157050132751465
  Y: 5.240940093994141
  Z: 6.535580158233643
aabbMin:
  X: -4.511229991912842
  Y: 1.7593300342559814
  Z: -8.381540298461914
boundingForTraverse: 3.481610059738159
bugMask: 0
cursorOffsetY: 0.5
instSizeCafe: 170912
instSizeNx: -1
sortKey: 2
traverseDist: 517.7763061523438
