aabbMax:
  X: 0.9746270179748535
  Y: 6.132750034332275
  Z: 1.0834499597549438
aabbMin:
  X: -0.9746270179748535
  Y: 3.153640031814575
  Z: -2.3107199668884277
boundingForTraverse: 2.9791100025177
bugMask: 0
cursorOffsetY: 0.5
instSizeCafe: 28504
instSizeNx: -1
sortKey: 26
traverseDist: 300.0
