aabbMax:
  X: 8.267860412597656
  Y: 16.449800491333008
  Z: 8.540940284729004
aabbMin:
  X: -13.308600425720215
  Y: -0.8051869869232178
  Z: -20.193300247192383
boundingForTraverse: 17.254987716674805
bugMask: 0
cursorOffsetY: 0.5
instSizeCafe: 213756
instSizeNx: -1
sortKey: 5145
terrainTextures:
- 1397890321
traverseDist: 300.0
