aabbMax:
  X: 3.0900399684906006
  Y: 5.503910064697266
  Z: 1.1238399744033813
aabbMin:
  X: -3.0048699378967285
  Y: 0.0041959998197853565
  Z: -0.6383690237998962
boundingForTraverse: 5.499713897705078
bugMask: 0
cursorOffsetY: 0.5
instSizeCafe: -1
instSizeNx: 145368
sortKey: 12
traverseDist: 506.34454345703125
