aabbMax:
  X: 0.17671099305152893
  Y: 2.2537200450897217
  Z: 0.32357698678970337
aabbMin:
  X: -0.24239200353622437
  Y: -3.8995699882507324
  Z: -0.40590301156044006
boundingForTraverse: 6.153289794921875
bugMask: 2
cursorOffsetY: 0.5
instSizeCafe: -1
instSizeNx: 87832
rigidBodyCenterY: -0.699999988079071
sortKey: 2
