aabbMax:
  X: 70.28520202636719
  Y: 12.025699615478516
  Z: 40.98899841308594
aabbMin:
  X: -76.4540023803711
  Y: -28.316600799560547
  Z: -41.38909912109375
boundingForTraverse: 40.34230041503906
bugMask: 0
cursorOffsetY: 0.5
instSizeCafe: 38780
instSizeNx: 120768
sortKey: 5168
terrainTextures:
- !u 0xff1d110c
traverseDist: 500.0
