aabbMax:
  X: 3.2736799716949463
  Y: 4.971940040588379
  Z: 3.212440013885498
aabbMin:
  X: -1.1816600561141968
  Y: 3.0311899185180664
  Z: -4.423289775848389
boundingForTraverse: 1.940750002861023
bugMask: 0
cursorOffsetY: 0.5
instSizeCafe: -1
instSizeNx: 256096
sortKey: 0
