aabbMax:
  X: 12.879799842834473
  Y: 10.866600036621094
  Z: 11.798600196838379
aabbMin:
  X: -12.880000114440918
  Y: -1.5183900594711304
  Z: -13.651399612426758
boundingForTraverse: 12.384989738464355
bugMask: 1
cursorOffsetY: 0.5
instSizeCafe: -1
instSizeNx: 205648
rigidBodyCenterY: 5.611400127410889
sortKey: 0
traverseDist: 1000.0
