aabbMax:
  X: 2.3580400943756104
  Y: 10.129400253295898
  Z: 4.100339889526367
aabbMin:
  X: -2.474600076675415
  Y: -1.016260027885437
  Z: -2.6764299869537354
boundingForTraverse: 11.145660400390625
bugMask: 0
cursorOffsetY: 0.5
instSizeCafe: -1
instSizeNx: 186384
sortKey: -8
terrainTextures:
- !u 0xffffff18
