aabbMax:
  X: 1.3459999561309814
  Y: 2.701169967651367
  Z: 0.1514890044927597
aabbMin:
  X: -1.3499000072479248
  Y: -0.0025080000050365925
  Z: -0.15173299610614777
boundingForTraverse: 2.7036778926849365
bugMask: 3
cursorOffsetY: 0.5
instSizeCafe: 53940
instSizeNx: -1
rigidBodyCenterY: 1.3495700359344482
sortKey: 0
traverseDist: 300.0
