aabbMax:
  X: 2.8000600337982178
  Y: 4.724259853363037
  Z: 2.8322200775146484
aabbMin:
  X: -3.1915500164031982
  Y: -0.1163949966430664
  Z: -2.7482399940490723
boundingForTraverse: 4.8406548500061035
bugMask: 0
cursorOffsetY: 0.5
instSizeCafe: -1
instSizeNx: 120768
sortKey: 6
traverseDist: 500.0
