aabbMax:
  X: 4.275179862976074
  Y: 6.415929794311523
  Z: 3.4355900287628174
aabbMin:
  X: -4.275179862976074
  Y: -1.1196099519729614
  Z: -3.258009910583496
boundingForTraverse: 7.5355401039123535
bugMask: 0
cursorOffsetY: 0.5
instSizeCafe: 156064
instSizeNx: -1
sortKey: 0
