aabbMax:
  X: 16.46969985961914
  Y: 13.65250015258789
  Z: 15.415200233459473
aabbMin:
  X: -18.829500198364258
  Y: -193.29100036621094
  Z: -23.885000228881836
boundingForTraverse: 206.94349670410156
bugMask: 0
instSizeCafe: 18544
instSizeNx: -1
sortKey: -12
terrainTextures:
- !u 0xffffff3e
traverseDist: 552.8255615234375
