aabbMax:
  X: 5.556869983673096
  Y: 12.020000457763672
  Z: 11.501099586486816
aabbMin:
  X: -5.556849956512451
  Y: -0.19118300080299377
  Z: -13.859399795532227
boundingForTraverse: 12.211183547973633
bugMask: 0
cursorOffsetY: 0.5
instSizeCafe: 181936
instSizeNx: -1
sortKey: -2
terrainTextures:
- !u 0xffffff52
traverseDist: 300.0
