aabbMax:
  X: 5.319009780883789
  Y: 24.979400634765625
  Z: 4.8508501052856445
aabbMin:
  X: -4.945370197296143
  Y: 17.247600555419922
  Z: -5.228240013122559
boundingForTraverse: 7.731800079345703
bugMask: 0
cursorOffsetY: 0.5
instSizeCafe: 31320
instSizeNx: -1
sortKey: 0
terrainTextures:
- !u 0xffffff33
traverseDist: 1000.0
