aabbMax:
  X: 0.46271800994873047
  Y: 0.5584520101547241
  Z: 0.38593700528144836
aabbMin:
  X: -0.46639400720596313
  Y: -0.003375000087544322
  Z: -0.39642301201820374
boundingForTraverse: 0.5618270039558411
bugMask: 0
cursorOffsetY: 0.5
instSizeCafe: -1
instSizeNx: 120768
sortKey: 7
