aabbMax:
  X: 46.5625
  Y: 13.82390022277832
  Z: 19.724899291992188
aabbMin:
  X: -0.15928299725055695
  Y: -10.660400390625
  Z: -3.7280900478363037
boundingForTraverse: 24.48430061340332
bugMask: 0
cursorOffsetY: 0.5
instSizeCafe: 17140
instSizeNx: -1
sortKey: 0
traverseDist: 3000.0
