aabbMax:
  X: 1.3222700357437134
  Y: 0.329912006855011
  Z: 1.3222700357437134
aabbMin:
  X: -1.3222700357437134
  Y: -0.10001999884843826
  Z: -1.3222700357437134
boundingForTraverse: 0.42993199825286865
bugMask: 3
cursorOffsetY: 0.5
instSizeCafe: 28772
instSizeNx: -1
sortKey: 0
