aabbMax:
  X: 5.8937602043151855
  Y: 6.111110210418701
  Z: 7.403960227966309
aabbMin:
  X: -5.8937602043151855
  Y: -24.053300857543945
  Z: -7.443490028381348
boundingForTraverse: 30.164411544799805
bugMask: 0
cursorOffsetY: 0.5
instSizeCafe: 123448
instSizeNx: -1
sortKey: 2
traverseDist: 518.9576416015625
