aabbMax:
  X: 43.88589859008789
  Y: 9.998390197753906
  Z: 19.94729995727539
aabbMin:
  X: -44.02159881591797
  Y: -0.9936739802360535
  Z: -37.34170150756836
boundingForTraverse: 10.992064476013184
bugMask: 0
cursorOffsetY: 0.5
instSizeCafe: 17136
instSizeNx: -1
sortKey: 0
traverseDist: 1000.0
