aabbMax:
  X: 13.433799743652344
  Y: 39.634498596191406
  Z: 14.98859977722168
aabbMin:
  X: -12.674200057983398
  Y: -1.841629981994629
  Z: -10.229299545288086
boundingForTraverse: 41.47612762451172
bugMask: 0
cursorOffsetY: 0.5
instSizeCafe: -1
instSizeNx: 75656
sortKey: 0
traverseDist: 3000.0
