aabbMax:
  X: 34.01240158081055
  Y: 13.420499801635742
  Z: 178.26600646972656
aabbMin:
  X: -34.10279846191406
  Y: -25.97960090637207
  Z: -77.32820129394531
boundingForTraverse: 39.40010070800781
bugMask: 0
cursorOffsetY: 0.5
instSizeCafe: 146364
instSizeNx: -1
sortKey: 0
terrainTextures:
- !u 0xffffff2c
traverseDist: 2000.0
