aabbMax:
  X: 6.993690013885498
  Y: 3.2077999114990234
  Z: 6.228300094604492
aabbMin:
  X: -7.495100021362305
  Y: -2.9103400707244873
  Z: -8.824589729309082
boundingForTraverse: 6.11814022064209
bugMask: 0
cursorOffsetY: 0.5
instSizeCafe: 147804
instSizeNx: -1
sortKey: 1
