aabbMax:
  X: 32.333099365234375
  Y: 1.6487400531768799
  Z: 9.428009986877441
aabbMin:
  X: -30.44179916381836
  Y: -59.26340103149414
  Z: -14.806400299072266
boundingForTraverse: 60.912139892578125
bugMask: 0
cursorOffsetY: 0.5
instSizeCafe: 39928
instSizeNx: -1
sortKey: -14
terrainTextures:
- 1344082188
traverseDist: 567.2904052734375
