aabbMax:
  X: 36.77690124511719
  Y: -30.817399978637695
  Z: 36.6609001159668
aabbMin:
  X: -40.57659912109375
  Y: -135.7899932861328
  Z: -36.47650146484375
boundingForTraverse: 104.97259521484375
bugMask: 0
instSizeCafe: 28756
instSizeNx: -1
sortKey: -1
terrainTextures:
- 1279139584
traverseDist: 606.4548950195312
