aabbMax:
  X: 12.727399826049805
  Y: 14.05270004272461
  Z: 5.533100128173828
aabbMin:
  X: -12.727399826049805
  Y: -14.05270004272461
  Z: 0.0
boundingForTraverse: 28.10540008544922
bugMask: 3
cursorOffsetY: 0.5
farModelCulling:
  center:
    X: 0.0
    Y: 28.10540008544922
    Z: 0.0
  height: 56.21080017089844
  radius: 28.10540008544922
instSizeCafe: 63652
instSizeNx: -1
rigidBodyCenterY: -0.007507000118494034
sortKey: 7
traverseDist: 2000.0
