aabbMax:
  X: 0.2532980144023895
  Y: 0.40704500675201416
  Z: 0.18474100530147552
aabbMin:
  X: -0.25382199883461
  Y: -0.9502249956130981
  Z: -0.34283700585365295
boundingForTraverse: 1.3572700023651123
bugMask: 0
cursorOffsetY: 0.5
instSizeCafe: -1
instSizeNx: 75656
sortKey: -5
