aabbMax:
  X: 1.2516800165176392
  Y: 3.430720090866089
  Z: 1.1522200107574463
aabbMin:
  X: -0.9067729711532593
  Y: 0.0
  Z: -0.7412660121917725
boundingForTraverse: 3.430720090866089
bugMask: 0
cursorOffsetY: 0.5
instSizeCafe: 17396
instSizeNx: 75656
sortKey: -20
traverseDist: 502.87127685546875
