aabbMax:
  X: 0.8760920166969299
  Y: 3.4056999683380127
  Z: 0.17297500371932983
aabbMin:
  X: -0.8789259791374207
  Y: -1.9999999494757503e-05
  Z: -0.1675640046596527
boundingForTraverse: 3.4057199954986572
bugMask: 1
cursorOffsetY: 1.5
instSizeCafe: 76156
instSizeNx: -1
rigidBodyCenterY: 1.6158900260925293
sortKey: -6
traverseDist: 50.0
