aabbMax:
  X: 6.174180030822754
  Y: 1.3480000495910645
  Z: 6.377120018005371
aabbMin:
  X: -5.104859828948975
  Y: -2.916450023651123
  Z: -6.416029930114746
boundingForTraverse: 4.2644500732421875
bugMask: 0
cursorOffsetY: 0.5
instSizeCafe: 366228
instSizeNx: -1
sortKey: 2
