aabbMax:
  X: 0.8999339938163757
  Y: 1.791159987449646
  Z: 0.31988900899887085
aabbMin:
  X: -0.8999339938163757
  Y: -0.00016500000492669642
  Z: -0.32155799865722656
boundingForTraverse: 1.7913249731063843
bugMask: 0
cursorOffsetY: 0.5
instSizeCafe: -1
instSizeNx: 120768
sortKey: 4
