aabbMax:
  X: 5.8937602043151855
  Y: 5.069630146026611
  Z: 7.360519886016846
aabbMin:
  X: -5.8937602043151855
  Y: -24.006900787353516
  Z: -7.443490028381348
boundingForTraverse: 29.07653045654297
bugMask: 0
instSizeCafe: 112504
instSizeNx: -1
sortKey: 0
traverseDist: 3000.0
