aabbMax:
  X: 2.1283700466156006
  Y: 9.66903018951416
  Z: 2.096299886703491
aabbMin:
  X: -2.574039936065674
  Y: 0.4000000059604645
  Z: -3.171149969100952
boundingForTraverse: 9.269030570983887
bugMask: 0
cursorOffsetY: 0.5
instSizeCafe: 55736
instSizeNx: -1
sortKey: -8
traverseDist: 507.0610656738281
