aabbMax:
  X: 5.483530044555664
  Y: 13.661199569702148
  Z: 4.778450012207031
aabbMin:
  X: -4.869959831237793
  Y: -1.8155800104141235
  Z: -3.7667200565338135
boundingForTraverse: 15.47677993774414
bugMask: 0
cursorOffsetY: 0.5
instSizeCafe: 17140
instSizeNx: -1
sortKey: 0
traverseDist: 3000.0
