aabbMax:
  X: 0.7658100128173828
  Y: 0.8685529828071594
  Z: 0.8980100154876709
aabbMin:
  X: -0.7775830030441284
  Y: -3.842780113220215
  Z: -0.9724370241165161
boundingForTraverse: 4.71133279800415
bugMask: 3
cursorOffsetY: 0.5
instSizeCafe: 92280
instSizeNx: -1
rigidBodyCenterY: -2.306649923324585
sortKey: 0
