aabbMax:
  X: 1.8564399480819702
  Y: 1.2357900142669678
  Z: 0.7096319794654846
aabbMin:
  X: -1.7786600589752197
  Y: -0.004166000057011843
  Z: -0.7498019933700562
boundingForTraverse: 1.239956021308899
bugMask: 0
cursorOffsetY: 0.5
instSizeCafe: 49024
instSizeNx: -1
sortKey: 8
