aabbMax:
  X: 55.38479995727539
  Y: 148.38099670410156
  Z: 40.72629928588867
aabbMin:
  X: -55.82469940185547
  Y: 1.3160899877548218
  Z: -32.93040084838867
boundingForTraverse: 147.06491088867188
bugMask: 0
cursorOffsetY: 0.5
instSizeCafe: 119960
instSizeNx: 284800
sortKey: 0
terrainTextures:
- !u 0xffffff40
traverseDist: 1000.0
