aabbMax:
  X: 0.4961639940738678
  Y: 1.311079978942871
  Z: 0.4947949945926666
aabbMin:
  X: -0.4961639940738678
  Y: -0.0004459999909158796
  Z: -0.49753299355506897
boundingForTraverse: 1.3115259408950806
bugMask: 3
cursorOffsetY: 0.5
instSizeCafe: 53768
instSizeNx: -1
rigidBodyCenterY: 0.6976699829101562
sortKey: 10
