aabbMax:
  X: 1.75246000289917
  Y: 1.6302800178527832
  Z: 1.8687599897384644
aabbMin:
  X: -1.894320011138916
  Y: -0.9349480271339417
  Z: -1.92631995677948
boundingForTraverse: 2.56522798538208
bugMask: 0
instSizeCafe: 17644
instSizeNx: -1
sortKey: -33
