aabbMax:
  X: 40.521400451660156
  Y: 2.375030040740967
  Z: 41.941200256347656
aabbMin:
  X: -20.62700080871582
  Y: -17.53190040588379
  Z: -42.05419921875
boundingForTraverse: 19.906930923461914
bugMask: 0
cursorOffsetY: 0.5
instSizeCafe: 290720
instSizeNx: -1
sortKey: 0
traverseDist: 603.8958740234375
