aabbMax:
  X: 16.34910011291504
  Y: 3.1824700832366943
  Z: 4.502989768981934
aabbMin:
  X: -5.964280128479004
  Y: -4.133590221405029
  Z: -15.036399841308594
boundingForTraverse: 7.3160600662231445
bugMask: 0
cursorOffsetY: 0.5
instSizeCafe: 17136
instSizeNx: -1
sortKey: 0
traverseDist: 2000.0
