aabbMax:
  X: 30.327600479125977
  Y: 61.44850158691406
  Z: 4.212409973144531
aabbMin:
  X: -31.746200561523438
  Y: -1.0808299779891968
  Z: -18.064199447631836
boundingForTraverse: 62.52933120727539
bugMask: 0
cursorOffsetY: 0.5
instSizeCafe: 155108
instSizeNx: 370904
sortKey: 0
terrainTextures:
- !u 0xffffff08
traverseDist: 565.9500122070312
