aabbMax:
  X: 21.15060043334961
  Y: 12.869500160217285
  Z: 2.4038500785827637
aabbMin:
  X: -5.5938801765441895
  Y: -0.3220199942588806
  Z: -58.50450134277344
boundingForTraverse: 13.191519737243652
bugMask: 0
cursorOffsetY: 0.5
instSizeCafe: -1
instSizeNx: 427968
sortKey: 5146
terrainTextures:
- !u 0xffffff52
traverseDist: 300.0
