aabbMax:
  X: 27.46769905090332
  Y: 35.21849822998047
  Z: 15.41510009765625
aabbMin:
  X: -8.514780044555664
  Y: -1.622939944267273
  Z: -16.253400802612305
boundingForTraverse: 36.84143829345703
bugMask: 0
cursorOffsetY: 0.5
instSizeCafe: -1
instSizeNx: 1360216
sortKey: 0
terrainTextures:
- 1277102848
traverseDist: 547.9336547851562
