aabbMax:
  X: 84.2833023071289
  Y: 39.69900131225586
  Z: 65.59439849853516
aabbMin:
  X: -84.2833023071289
  Y: -39.69900131225586
  Z: -65.59439849853516
boundingForTraverse: 79.39800262451172
bugMask: 0
cursorOffsetY: 0.5
instSizeCafe: 51612
instSizeNx: -1
sortKey: -18
terrainTextures:
- 1344082188
traverseDist: 713.6005859375
