aabbMax:
  X: 0.884289026260376
  Y: 2.4621899127960205
  Z: 0.0762379989027977
aabbMin:
  X: -0.02582399919629097
  Y: 0.0
  Z: -1.9170000553131104
boundingForTraverse: 2.4621899127960205
bugMask: 0
cursorOffsetY: 0.5
instSizeCafe: 28720
instSizeNx: -1
sortKey: 27
