aabbMax:
  X: 39.795799255371094
  Y: 53.588199615478516
  Z: 46.86600112915039
aabbMin:
  X: -28.68269920349121
  Y: -10.199299812316895
  Z: -27.038700103759766
boundingForTraverse: 63.787498474121094
bugMask: 0
cursorOffsetY: 0.5
instSizeCafe: 16880
instSizeNx: -1
sortKey: 0
traverseDist: 1000.0
