aabbMax:
  X: 3.575000047683716
  Y: 10.388199806213379
  Z: 0.7589489817619324
aabbMin:
  X: -4.2385101318359375
  Y: -9.003239631652832
  Z: -0.6474850177764893
boundingForTraverse: 19.39143943786621
bugMask: 2
instSizeCafe: -1
instSizeNx: 142072
locators:
- pos_x: 3.0
  pos_y: -3.0
  pos_z: 0.0
  rot_x: 0.0
  rot_y: 0.0
  rot_z: 0.0
  type: MagnePos
rigidBodyCenterY: 0.36625000834465027
sortKey: -15
traverseDist: 500.0
