aabbMax:
  X: 47.93980026245117
  Y: -7.217450141906738
  Z: 49.429901123046875
aabbMin:
  X: -47.9817008972168
  Y: -123.08599853515625
  Z: -45.0619010925293
boundingForTraverse: 115.86854553222656
bugMask: 0
instSizeCafe: 17136
instSizeNx: -1
sortKey: 0
traverseDist: 4000.0
