aabbMax:
  X: 22.812599182128906
  Y: 3.7089099884033203
  Z: 5.898509979248047
aabbMin:
  X: -23.053499221801758
  Y: -20.121000289916992
  Z: -5.922490119934082
boundingForTraverse: 23.829910278320312
bugMask: 0
instSizeCafe: -1
instSizeNx: 292992
sortKey: -2
traverseDist: 547.3649291992188
