aabbMax:
  X: 0.27727699279785156
  Y: 0.4942219853401184
  Z: 0.27727699279785156
aabbMin:
  X: -0.27727699279785156
  Y: 0.0
  Z: -0.27727699279785156
boundingForTraverse: 0.4942219853401184
bugMask: 0
cursorOffsetY: 0.5
instSizeCafe: 17972
instSizeNx: -1
sortKey: -1
traverseDist: 150.0
