aabbMax:
  X: 14.204400062561035
  Y: 11.331600189208984
  Z: 9.881739616394043
aabbMin:
  X: -10.46310043334961
  Y: 2.6561200618743896
  Z: -9.903470039367676
boundingForTraverse: 8.675479888916016
bugMask: 0
cursorOffsetY: 0.5
instSizeCafe: 174156
instSizeNx: -1
sortKey: 0
