aabbMax:
  X: 0.27917298674583435
  Y: 0.6027719974517822
  Z: 0.27741000056266785
aabbMin:
  X: -0.276978999376297
  Y: -0.00022200000239536166
  Z: -0.2787410020828247
boundingForTraverse: 0.6029940247535706
bugMask: 3
cursorOffsetY: 0.5
instSizeCafe: 43116
instSizeNx: -1
rigidBodyCenterY: 0.29149898886680603
sortKey: 7
