aabbMax:
  X: 3.716599941253662
  Y: 8.08823013305664
  Z: 0.05661600083112717
aabbMin:
  X: -3.716599941253662
  Y: -0.25354599952697754
  Z: -7.8644700050354
boundingForTraverse: 8.341775894165039
bugMask: 0
cursorOffsetY: 0.5
instSizeCafe: 51616
instSizeNx: -1
sortKey: 0
traverseDist: 1000.0
