aabbMax:
  X: 2.862230062484741
  Y: 2.7189900875091553
  Z: 1.1395599842071533
aabbMin:
  X: -2.9828200340270996
  Y: -0.08649100363254547
  Z: -0.012195000424981117
boundingForTraverse: 2.80548095703125
bugMask: 0
cursorOffsetY: 0.5
instSizeCafe: 37788
instSizeNx: -1
sortKey: 10
