aabbMax:
  X: 8.00452995300293
  Y: 10.0556001663208
  Z: 1.9694499969482422
aabbMin:
  X: -3.751970052719116
  Y: 0.1462949961423874
  Z: -9.532970428466797
boundingForTraverse: 9.909305572509766
bugMask: 0
cursorOffsetY: 0.5
instSizeCafe: 123900
instSizeNx: 309408
sortKey: 0
traverseDist: 1000.0
