aabbMax:
  X: 3.0436699390411377
  Y: 6.0744500160217285
  Z: 0.424252986907959
aabbMin:
  X: -3.075700044631958
  Y: 0.0
  Z: -0.27653399109840393
boundingForTraverse: 6.0744500160217285
bugMask: 0
cursorOffsetY: 0.5
instSizeCafe: 59940
instSizeNx: 165880
sortKey: 13
