aabbMax:
  X: 2.1735100746154785
  Y: 3.5276999473571777
  Z: 2.1935598850250244
aabbMin:
  X: -7.819690227508545
  Y: -3.881380081176758
  Z: -9.709309577941895
boundingForTraverse: 7.4090800285339355
bugMask: 0
cursorOffsetY: 0.5
instSizeCafe: -1
instSizeNx: 98728
sortKey: 26
