aabbMax:
  X: 2.3266000747680664
  Y: 1.5748000144958496
  Z: 13.962499618530273
aabbMin:
  X: -2.3665099143981934
  Y: -3.134510040283203
  Z: -2.9355900287628174
boundingForTraverse: 4.709310054779053
bugMask: 0
cursorOffsetY: 0.5
instSizeCafe: -1
instSizeNx: 210992
sortKey: -16
