aabbMax:
  X: 0.3131290078163147
  Y: 0.37990400195121765
  Z: 0.2807239890098572
aabbMin:
  X: -0.3189930021762848
  Y: 0.0
  Z: -0.35944899916648865
boundingForTraverse: 0.37990400195121765
bugMask: 0
cursorOffsetY: 0.5
instSizeCafe: -1
instSizeNx: 75656
sortKey: 6
