aabbMax:
  X: 0.028450999408960342
  Y: 1.4994699954986572
  Z: 0.12589199841022491
aabbMin:
  X: -6.571499824523926
  Y: -0.3001619875431061
  Z: -0.1374569982290268
boundingForTraverse: 1.799631953239441
bugMask: 0
cursorOffsetY: 0.5
instSizeCafe: 17644
instSizeNx: -1
sortKey: -24
traverseDist: 200.0
