aabbMax:
  X: 33.38240051269531
  Y: 111.28299713134766
  Z: 25.10610008239746
aabbMin:
  X: -30.720699310302734
  Y: -182.85699462890625
  Z: -31.045000076293945
boundingForTraverse: 294.1399841308594
bugMask: 0
instSizeCafe: 29424
instSizeNx: -1
sortKey: -3
terrainTextures:
- 1279139584
traverseDist: 585.21826171875
