aabbMax:
  X: 1.2093100547790527
  Y: 15.350000381469727
  Z: 4.596399784088135
aabbMin:
  X: -1.2093100547790527
  Y: -1.5
  Z: -4.596399784088135
boundingForTraverse: 16.850000381469727
bugMask: 0
cursorOffsetY: 0.5
instSizeCafe: 52864
instSizeNx: -1
sortKey: 0
traverseDist: 509.5056457519531
