aabbMax:
  X: 5.767449855804443
  Y: 8.629190444946289
  Z: 20.070899963378906
aabbMin:
  X: -27.034799575805664
  Y: -1.633970022201538
  Z: -24.823999404907227
boundingForTraverse: 10.263160705566406
bugMask: 0
cursorOffsetY: 0.5
instSizeCafe: 192660
instSizeNx: -1
sortKey: -2
terrainTextures:
- !u 0xffffff52
traverseDist: 300.0
