aabbMax:
  X: 0.35596200823783875
  Y: 0.550482988357544
  Z: 0.7199230194091797
aabbMin:
  X: -0.35673001408576965
  Y: 0.0
  Z: -0.7117819786071777
boundingForTraverse: 0.550482988357544
bugMask: 0
cursorOffsetY: 0.5
instSizeCafe: 17140
instSizeNx: 75656
sortKey: 19
