aabbMax:
  X: 0.8041750192642212
  Y: 0.20190399885177612
  Z: 0.9326159954071045
aabbMin:
  X: -0.7973399758338928
  Y: -0.20117199420928955
  Z: -0.12512199580669403
boundingForTraverse: 0.4030759930610657
bugMask: 3
cursorOffsetY: 0.5
instSizeCafe: 34412
instSizeNx: -1
sortKey: -1
