aabbMax:
  X: 0.0403750017285347
  Y: 0.0
  Z: 0.035461001098155975
aabbMin:
  X: -0.04052799940109253
  Y: -10.0
  Z: -0.035613998770713806
boundingForTraverse: 10.0
bugMask: 3
instSizeCafe: -1
instSizeNx: 97888
sortKey: -2
