aabbMax:
  X: 3.484250068664551
  Y: 8.484660148620605
  Z: 0.44051700830459595
aabbMin:
  X: -3.4206199645996094
  Y: -0.5947629809379578
  Z: -0.5018050074577332
boundingForTraverse: 9.079422950744629
bugMask: 2
instSizeCafe: 28932
instSizeNx: -1
rigidBodyCenterY: 3.0
sortKey: 2
traverseDist: 99999.0
