aabbMax:
  X: 0.85487300157547
  Y: 1.1488200426101685
  Z: 1.6440000534057617
aabbMin:
  X: -0.85487300157547
  Y: -0.85487300157547
  Z: -0.0009740000241436064
boundingForTraverse: 2.003693103790283
bugMask: 3
instSizeCafe: 39652
instSizeNx: -1
rigidBodyCenterY: 0.055723000317811966
sortKey: 0
