aabbMax:
  X: 0.5675179958343506
  Y: 2.5692598819732666
  Z: 0.8321970105171204
aabbMin:
  X: -0.5675179958343506
  Y: 0.0
  Z: -0.5675179958343506
boundingForTraverse: 2.5692598819732666
bugMask: 3
cursorOffsetY: 0.5
instSizeCafe: 43240
instSizeNx: -1
rigidBodyCenterY: 0.905472993850708
sortKey: 0
