aabbMax:
  X: 0.06072999909520149
  Y: 0.06905099749565125
  Z: 0.47696200013160706
aabbMin:
  X: -0.07469899952411652
  Y: -0.10964299738407135
  Z: 0.2045540064573288
boundingForTraverse: 0.1786939948797226
bugMask: 1
cursorOffsetY: 0.5
instSizeCafe: -1
instSizeNx: 86880
sortKey: 2
