Chemical:
  Burnable: 1
aabbMax:
  X: 0.16641399264335632
  Y: 0.2010979950428009
  Z: 0.9011980295181274
aabbMin:
  X: -0.33871498703956604
  Y: -0.2016420066356659
  Z: -0.24116000533103943
boundingForTraverse: 0.4027400016784668
bugMask: 3
cursorOffsetY: 0.30000001192092896
homeArea:
- name: HyruleHill
- name: HateruSea
- name: CentralHyrule
instSizeCafe: -1
instSizeNx: 144160
sortKey: 11512
traverseDist: 80.0
