Chemical:
  Burnable: 1
  Capaciter: 1
aabbMax:
  X: 0.22509799897670746
  Y: 0.056060999631881714
  Z: 1.6005899906158447
aabbMin:
  X: -0.2252199947834015
  Y: -0.06304900348186493
  Z: -0.5439450144767761
boundingForTraverse: 0.11911000311374664
bugMask: 3
cursorOffsetY: 0.30000001192092896
homeArea:
- name: CentralHyrule
- name: EldinCanyon
- name: EastHateru
instSizeCafe: -1
instSizeNx: 151936
sortKey: 12210
traverseDist: 80.0
