Chemical:
  Capaciter: 1
aabbMax:
  X: 0.4089359939098358
  Y: 0.3554689884185791
  Z: 1.4570300579071045
aabbMin:
  X: -0.4597170054912567
  Y: -0.421875
  Z: -0.7202150225639343
boundingForTraverse: 0.7773439884185791
bugMask: 3
cursorOffsetY: 0.30000001192092896
homeArea:
- name: GerudoHighlands
- name: HeburaMountains
- name: ''
instSizeCafe: -1
instSizeNx: 125632
rigidBodyCenterY: -0.021623000502586365
sortKey: 12551
traverseDist: 80.0
