aabbMax:
  X: 0.12607400119304657
  Y: 0.03543199971318245
  Z: 1.08256995677948
aabbMin:
  X: -0.12607400119304657
  Y: -0.03543199971318245
  Z: 0.1072470024228096
boundingForTraverse: 0.0708639994263649
bugMask: 1
cursorOffsetY: 0.5
instSizeCafe: 26108
instSizeNx: -1
sortKey: 2
