Chemical:
  Burnable: 1
aabbMax:
  X: 0.2243649959564209
  Y: 0.04836999997496605
  Z: 0.7558590173721313
aabbMin:
  X: -0.17236299812793732
  Y: -0.04836999997496605
  Z: -0.6992189884185791
boundingForTraverse: 0.09674099832773209
bugMask: 3
cursorOffsetY: 0.30000001192092896
homeArea:
- name: TabantaFrontier
- name: HyruleHill
- name: HyruleForest
instSizeCafe: -1
instSizeNx: 121240
sortKey: 14120
traverseDist: 80.0
