aabbMax:
  X: 0.09303899854421616
  Y: 0.049146998673677444
  Z: 0.9968770146369934
aabbMin:
  X: -0.09303899854421616
  Y: -0.05535700172185898
  Z: 0.10150600224733353
boundingForTraverse: 0.10450399667024612
bugMask: 1
cursorOffsetY: 0.5
instSizeCafe: 25976
instSizeNx: -1
sortKey: 2
