Chemical:
  Burnable: 1
aabbMax:
  X: 0.24326199293136597
  Y: 0.07525599747896194
  Z: 0.6884279847145081
aabbMin:
  X: -0.02151400037109852
  Y: -0.061188001185655594
  Z: -0.724556028842926
boundingForTraverse: 0.13644400238990784
bugMask: 3
cursorOffsetY: 0.30000001192092896
homeArea:
- name: CentralHyrule
- name: WestHateru
- name: LanayruSea
instSizeCafe: 48992
instSizeNx: -1
sortKey: 14510
traverseDist: 80.0
