aabbMax:
  X: 0.21765099465847015
  Y: 0.054992999881505966
  Z: 0.7026370167732239
aabbMin:
  X: -0.2800289988517761
  Y: -0.054992999881505966
  Z: -0.7026370167732239
boundingForTraverse: 0.10998500138521194
bugMask: 3
cursorOffsetY: 0.30000001192092896
homeArea:
- name: CentralHyrule
- name: ''
- name: ''
instSizeCafe: -1
instSizeNx: 122616
locators:
- pos_x: 0.0
  pos_y: 0.0
  pos_z: 0.0
  rot_x: 0.0
  rot_y: 0.0
  rot_z: 0.0
  type: None
sortKey: 14000
traverseDist: 2000.0
