Chemical:
  Capaciter: 1
aabbMax:
  X: 0.21950900554656982
  Y: 0.06600099802017212
  Z: 1.5049099922180176
aabbMin:
  X: -0.21950900554656982
  Y: -0.05903499945998192
  Z: -0.5459610223770142
boundingForTraverse: 0.12503600120544434
bugMask: 3
cursorOffsetY: 0.30000001192092896
homeArea:
- name: GerudoHighlands
- name: HyruleHill
- name: GerudoDesert
instSizeCafe: 48704
instSizeNx: 119920
sortKey: 12160
traverseDist: 80.0
