Chemical:
  Capaciter: 1
aabbMax:
  X: 0.45565900206565857
  Y: 0.036393001675605774
  Z: 0.8682569861412048
aabbMin:
  X: -0.35109999775886536
  Y: -0.03651700168848038
  Z: -0.20732299983501434
boundingForTraverse: 0.07291100174188614
bugMask: 3
cursorOffsetY: 0.30000001192092896
homeArea:
- name: HeburaMountains
- name: TamulPlateau
- name: EldinCanyon
instSizeCafe: -1
instSizeNx: 117648
sortKey: 11532
traverseDist: 80.0
