Chemical:
  Burnable: 1
aabbMax:
  X: 0.31245800852775574
  Y: 0.15521399676799774
  Z: 0.813988983631134
aabbMin:
  X: -0.31245800852775574
  Y: -0.16381800174713135
  Z: -0.24197599291801453
boundingForTraverse: 0.3190320134162903
bugMask: 3
cursorOffsetY: 0.30000001192092896
instSizeCafe: 60128
instSizeNx: -1
sortKey: 11053
traverseDist: 80.0
