aabbMax:
  X: 0.5120530128479004
  Y: 0.03610499948263168
  Z: 0.38060900568962097
aabbMin:
  X: -0.24916499853134155
  Y: -0.16237099468708038
  Z: -0.38060900568962097
boundingForTraverse: 0.19847600162029266
bugMask: 3
cursorOffsetY: 0.30000001192092896
homeArea:
- name: WestHateru
- name: LanayruWaterSources
- name: ''
instSizeCafe: 62296
instSizeNx: -1
rigidBodyCenterY: -0.08083999902009964
sortKey: 15540
traverseDist: 80.0
