Chemical:
  Capaciter: 1
aabbMax:
  X: 0.5239629745483398
  Y: 0.051993001252412796
  Z: 0.37305301427841187
aabbMin:
  X: -0.16423200070858002
  Y: -0.21635499596595764
  Z: -0.38953500986099243
boundingForTraverse: 0.26834800839424133
bugMask: 3
cursorOffsetY: 0.30000001192092896
homeArea:
- name: CentralHyrule
- name: HeburaMountains
- name: EldinMountains
instSizeCafe: 45704
instSizeNx: -1
rigidBodyCenterY: -0.11733900010585785
sortKey: 15552
traverseDist: 80.0
