Chemical:
  Capaciter: 1
aabbMax:
  X: 0.36865198612213135
  Y: 0.0646359995007515
  Z: 1.1064499616622925
aabbMin:
  X: -0.40600600838661194
  Y: -0.0646359995007515
  Z: -0.41162100434303284
boundingForTraverse: 0.129271999001503
bugMask: 3
cursorOffsetY: 0.30000001192092896
homeArea:
- name: CentralHyrule
- name: HeburaMountains
- name: EldinMountains
instSizeCafe: 51504
instSizeNx: 125232
sortKey: 11552
traverseDist: 80.0
