aabbMax:
  X: 0.06072999909520149
  Y: 0.11799599975347519
  Z: 0.9714189767837524
aabbMin:
  X: -0.07469899952411652
  Y: -0.06069900095462799
  Z: 0.6990110278129578
boundingForTraverse: 0.17869499325752258
bugMask: 1
instSizeCafe: 25728
instSizeNx: 86880
sortKey: 2
