Chemical:
  Capaciter: 1
aabbMax:
  X: 0.1566160023212433
  Y: 0.15417499840259552
  Z: 2.271480083465576
aabbMin:
  X: -0.15698200464248657
  Y: -0.15417499840259552
  Z: -0.4587399959564209
boundingForTraverse: 0.30834999680519104
bugMask: 3
cursorOffsetY: 0.30000001192092896
homeArea:
- name: TabantaFrontier
- name: CentralHyrule
- name: HeburaMountains
instSizeCafe: -1
instSizeNx: 126184
sortKey: 13150
traverseDist: 80.0
