Chemical:
  Burnable: 1
aabbMax:
  X: 0.2153480052947998
  Y: 0.020563999190926552
  Z: 0.8078629970550537
aabbMin:
  X: -0.03739500045776367
  Y: -0.020563999190926552
  Z: -0.10657499730587006
boundingForTraverse: 0.041127998381853104
bugMask: 3
cursorOffsetY: 0.30000001192092896
homeArea:
- name: WestHateru
- name: FironeGrassland
- name: LanayruWetlands
instSizeCafe: 43500
instSizeNx: -1
sortKey: 11050
traverseDist: 80.0
