Chemical:
  Burnable: 1
  Capaciter: 1
aabbMax:
  X: 0.14977100491523743
  Y: 0.031408000737428665
  Z: 1.0834699869155884
aabbMin:
  X: -0.14985999464988708
  Y: -0.031408000737428665
  Z: -0.23680800199508667
boundingForTraverse: 0.06281500309705734
bugMask: 3
cursorOffsetY: 0.30000001192092896
homeArea:
- name: CentralHyrule
- name: EastHateru
- name: EldinMountains
instSizeCafe: -1
instSizeNx: 150176
sortKey: 11210
traverseDist: 80.0
