aabbMax:
  X: 0.5609279870986938
  Y: 0.03610499948263168
  Z: 0.825003981590271
aabbMin:
  X: -0.27000200748443604
  Y: -0.16416899859905243
  Z: -0.8368560075759888
boundingForTraverse: 0.2002740055322647
bugMask: 3
cursorOffsetY: 0.30000001192092896
homeArea:
- name: GerudoHighlands
- name: TamulPlateau
- name: TabantaFrontier
instSizeCafe: 62344
instSizeNx: -1
rigidBodyCenterY: -0.07976099848747253
sortKey: 15542
traverseDist: 80.0
