Chemical:
  Burnable: 1
aabbMax:
  X: 0.2800289988517761
  Y: 0.10479699820280075
  Z: 2.291019916534424
aabbMin:
  X: -0.2648929953575134
  Y: -0.10443100333213806
  Z: -0.4777829945087433
boundingForTraverse: 0.20922799408435822
bugMask: 3
cursorOffsetY: 0.30000001192092896
homeArea:
- name: EastHateru
- name: CentralHyrule
- name: TamulPlateau
instSizeCafe: -1
instSizeNx: 121448
sortKey: 13030
traverseDist: 80.0
