aabbMax:
  X: 0.41552698612213135
  Y: 0.3615719974040985
  Z: 2.853519916534424
aabbMin:
  X: -0.21069300174713135
  Y: -0.3615719974040985
  Z: -0.32226601243019104
boundingForTraverse: 0.723143994808197
bugMask: 3
cursorOffsetY: 0.30000001192092896
instSizeCafe: -1
instSizeNx: 147888
rigidBodyCenterY: -4.199999966658652e-05
sortKey: 13180
traverseDist: 80.0
