aabbMax:
  X: 0.04835199937224388
  Y: 0.019840000197291374
  Z: 0.6503180265426636
aabbMin:
  X: -0.06836999952793121
  Y: -0.019840000197291374
  Z: -0.33933499455451965
boundingForTraverse: 0.03967899829149246
bugMask: 3
cursorOffsetY: 0.30000001192092896
homeArea:
- name: EldinCanyon
- name: TabantaFrontier
- name: GerudoDesert
instSizeCafe: -1
instSizeNx: 175824
sortKey: 11540
traverseDist: 80.0
