Chemical:
  Burnable: 1
aabbMax:
  X: 0.18153700232505798
  Y: 0.12001600116491318
  Z: 0.9186760187149048
aabbMin:
  X: -0.33102598786354065
  Y: -0.12246199697256088
  Z: -0.20802199840545654
boundingForTraverse: 0.24247799813747406
bugMask: 3
cursorOffsetY: 0.30000001192092896
homeArea:
- name: FironeGrassland
- name: EastHateru
- name: CentralHyrule
instSizeCafe: 48928
instSizeNx: 119488
rigidBodyCenterY: 0.0038670001085847616
sortKey: 11511
traverseDist: 80.0
