Chemical:
  Capaciter: 1
aabbMax:
  X: 0.18083900213241577
  Y: 0.1305450052022934
  Z: 1.4651399850845337
aabbMin:
  X: -0.13204799592494965
  Y: -0.11478599905967712
  Z: -0.4924820065498352
boundingForTraverse: 0.24533100426197052
bugMask: 3
cursorOffsetY: 0.30000001192092896
homeArea:
- name: GerudoHighlands
- name: WestHateru
- name: ''
instSizeCafe: 49712
instSizeNx: -1
sortKey: 12590
traverseDist: 80.0
