Chemical:
  Burnable: 1
aabbMax:
  X: 0.4059169888496399
  Y: 0.07899700105190277
  Z: 0.22639000415802002
aabbMin:
  X: -0.0996360033750534
  Y: -0.14426200091838837
  Z: -0.4770059883594513
boundingForTraverse: 0.22325900197029114
bugMask: 3
cursorOffsetY: 0.30000001192092896
homeArea:
- name: WestHateru
- name: EastHateru
- name: ''
instSizeCafe: 52544
instSizeNx: 131344
rigidBodyCenterY: -0.0704059973359108
sortKey: 15170
traverseDist: 80.0
