aabbMax:
  X: 0.12840400636196136
  Y: 0.06212100014090538
  Z: 0.2545419931411743
aabbMin:
  X: -0.049848999828100204
  Y: -0.06429799646139145
  Z: 0.14844200015068054
boundingForTraverse: 0.12641899287700653
bugMask: 1
cursorOffsetY: 0.5
instSizeCafe: 25728
instSizeNx: 86880
sortKey: 2
