Chemical:
  Burnable: 1
aabbMax:
  X: 0.35400399565696716
  Y: 0.4902069866657257
  Z: 0.9550780057907104
aabbMin:
  X: -0.26708999276161194
  Y: -0.32348600029945374
  Z: -0.29150399565696716
boundingForTraverse: 0.8136929869651794
bugMask: 3
cursorOffsetY: 0.30000001192092896
homeArea:
- name: CentralHyrule
- name: WestHateru
- name: LanayruWaterSources
instSizeCafe: 53552
instSizeNx: -1
rigidBodyCenterY: 0.005245000123977661
sortKey: 11010
traverseDist: 80.0
