aabbMax:
  X: 0.06061499938368797
  Y: 0.03052300028502941
  Z: 0.9628840088844299
aabbMin:
  X: -0.06061499938368797
  Y: -0.04672599956393242
  Z: 0.08750499784946442
boundingForTraverse: 0.07724899798631668
bugMask: 1
instSizeCafe: -1
instSizeNx: 86880
sortKey: 2
