Chemical:
  Burnable: 1
aabbMax:
  X: 0.16404299437999725
  Y: 0.04565399885177612
  Z: 0.7098910212516785
aabbMin:
  X: -0.09490299969911575
  Y: -0.04565399885177612
  Z: -0.7098910212516785
boundingForTraverse: 0.09130900353193283
bugMask: 3
cursorOffsetY: 0.30000001192092896
homeArea:
- name: CentralHyrule
- name: WestHateru
- name: LanayruSea
instSizeCafe: 48992
instSizeNx: -1
sortKey: 14110
traverseDist: 80.0
