aabbMax:
  X: 0.039597999304533005
  Y: 0.042118001729249954
  Z: 1.034060001373291
aabbMin:
  X: -0.039597999304533005
  Y: -0.042118001729249954
  Z: 0.7718449831008911
boundingForTraverse: 0.08423600345849991
bugMask: 1
cursorOffsetY: 0.5
instSizeCafe: 25660
instSizeNx: -1
sortKey: 2
