aabbMax:
  X: 0.22814899682998657
  Y: 0.05111699923872948
  Z: 0.8374019861221313
aabbMin:
  X: -0.1345209926366806
  Y: -0.05740400031208992
  Z: 0.08972200006246567
boundingForTraverse: 0.1085209995508194
bugMask: 1
cursorOffsetY: 0.5
instSizeCafe: 27828
instSizeNx: 88272
sortKey: 2
