aabbMax:
  X: 1.6875
  Y: 0.1752849966287613
  Z: 1.8349599838256836
aabbMin:
  X: -0.3164060115814209
  Y: -0.16259799897670746
  Z: -0.09033200144767761
boundingForTraverse: 0.33788299560546875
bugMask: 3
cursorOffsetY: 0.30000001192092896
homeArea:
- name: HyruleForest
- name: CentralHyrule
- name: GerudoHighlands
instSizeCafe: 56736
instSizeNx: -1
sortKey: 11600
traverseDist: 80.0
