aabbMax:
  X: 0.09143000096082687
  Y: 0.022221999242901802
  Z: 0.8190360069274902
aabbMin:
  X: -0.08159399777650833
  Y: -0.020329000428318977
  Z: 0.09224200248718262
boundingForTraverse: 0.04255099967122078
bugMask: 1
cursorOffsetY: 0.5
instSizeCafe: 36708
instSizeNx: -1
sortKey: 2
