Chemical:
  Capaciter: 1
aabbMax:
  X: 0.19811999797821045
  Y: 0.05145300179719925
  Z: 0.7143549919128418
aabbMin:
  X: -0.10351599752902985
  Y: -0.05175799876451492
  Z: -0.7143549919128418
boundingForTraverse: 0.10321000218391418
bugMask: 3
cursorOffsetY: 0.30000001192092896
homeArea:
- name: GerudoHighlands
- name: GerudoDesert
- name: ''
instSizeCafe: 49012
instSizeNx: 120952
sortKey: 14160
traverseDist: 80.0
