Chemical:
  Burnable: 1
aabbMax:
  X: 0.22434000670909882
  Y: 0.04836999997496605
  Z: 0.7558019757270813
aabbMin:
  X: -0.17234699428081512
  Y: -0.04836999997496605
  Z: -0.699167013168335
boundingForTraverse: 0.09674099832773209
bugMask: 3
cursorOffsetY: 0.30000001192092896
homeArea:
- name: TabantaFrontier
- name: HyruleHill
- name: HyruleForest
instSizeCafe: 49636
instSizeNx: -1
sortKey: 14120
traverseDist: 80.0
