Chemical:
  Capaciter: 1
aabbMax:
  X: 0.05694599822163582
  Y: 0.3068850040435791
  Z: 2.2792999744415283
aabbMin:
  X: -0.056334998458623886
  Y: -0.3154299855232239
  Z: -0.38867199420928955
boundingForTraverse: 0.622314989566803
bugMask: 3
cursorOffsetY: 0.30000001192092896
homeArea:
- name: CentralHyrule
- name: ''
- name: ''
instSizeCafe: -1
instSizeNx: 125992
sortKey: 13200
traverseDist: 80.0
