Chemical:
  Burnable: 1
aabbMax:
  X: 0.28000399470329285
  Y: 0.10479699820280075
  Z: 2.2909998893737793
aabbMin:
  X: -0.2648699879646301
  Y: -0.10443100333213806
  Z: -0.4777829945087433
boundingForTraverse: 0.20922799408435822
bugMask: 3
cursorOffsetY: 0.30000001192092896
homeArea:
- name: EastHateru
- name: CentralHyrule
- name: TamulPlateau
instSizeCafe: 50476
instSizeNx: -1
sortKey: 13030
traverseDist: 80.0
