aabbMax:
  X: 0.20845100283622742
  Y: 0.04236999899148941
  Z: 1.6794999837875366
aabbMin:
  X: -0.20845100283622742
  Y: -0.04236999899148941
  Z: 0.1502390056848526
boundingForTraverse: 0.08473999798297882
bugMask: 1
cursorOffsetY: 0.5
instSizeCafe: 26112
instSizeNx: -1
sortKey: 2
