Chemical:
  Capaciter: 1
aabbMax:
  X: 0.2629390060901642
  Y: 0.062164001166820526
  Z: 1.0400400161743164
aabbMin:
  X: -0.2817380130290985
  Y: -0.062164001166820526
  Z: -0.2340089976787567
boundingForTraverse: 0.12432900071144104
bugMask: 3
cursorOffsetY: 0.30000001192092896
homeArea:
- name: LanayruWaterSources
- name: CentralHyrule
- name: EastHateru
instSizeCafe: 51248
instSizeNx: -1
sortKey: 11550
traverseDist: 80.0
