Chemical:
  Capaciter: 1
aabbMax:
  X: 0.05956999957561493
  Y: 0.2683109939098358
  Z: 2.263669967651367
aabbMin:
  X: -0.1350100040435791
  Y: -0.2690429985523224
  Z: -0.4309079945087433
boundingForTraverse: 0.5373539924621582
bugMask: 3
cursorOffsetY: 0.30000001192092896
homeArea:
- name: HyruleHill
- name: CentralHyrule
- name: HyruleForest
instSizeCafe: -1
instSizeNx: 151464
sortKey: 13212
traverseDist: 80.0
