Chemical:
  Capaciter: 1
aabbMax:
  X: 0.059539999812841415
  Y: 0.3068850040435791
  Z: 2.294919967651367
aabbMin:
  X: -0.1350100040435791
  Y: -0.3068850040435791
  Z: -0.46069300174713135
boundingForTraverse: 0.6137700080871582
bugMask: 3
cursorOffsetY: 0.30000001192092896
homeArea:
- name: HeburaMountains
- name: CentralHyrule
- name: FironeGrassland
instSizeCafe: -1
instSizeNx: 151400
sortKey: 13211
traverseDist: 80.0
