Chemical:
  Burnable: 1
aabbMax:
  X: 0.04019799828529358
  Y: 0.16498500108718872
  Z: 2.318160057067871
aabbMin:
  X: -0.04019799828529358
  Y: -0.16498500108718872
  Z: -0.36345499753952026
boundingForTraverse: 0.32997000217437744
bugMask: 3
cursorOffsetY: 0.30000001192092896
homeArea:
- name: HyruleForest
- name: HyruleHill
- name: GerudoHighlands
instSizeCafe: 47172
instSizeNx: -1
sortKey: 13120
traverseDist: 80.0
