aabbMax:
  X: 0.05955100059509277
  Y: 0.06781599670648575
  Z: 0.22258800268173218
aabbMin:
  X: -0.05733399838209152
  Y: -0.06734000146389008
  Z: 0.12638600170612335
boundingForTraverse: 0.13515600562095642
bugMask: 1
cursorOffsetY: 0.5
instSizeCafe: -1
instSizeNx: 86880
sortKey: 0
