Chemical:
  Capaciter: 1
aabbMax:
  X: 0.1981009989976883
  Y: 0.05145300179719925
  Z: 0.7143039703369141
aabbMin:
  X: -0.10351300239562988
  Y: -0.05175799876451492
  Z: -0.7143039703369141
boundingForTraverse: 0.10321000218391418
bugMask: 3
cursorOffsetY: 0.30000001192092896
homeArea:
- name: GerudoHighlands
- name: GerudoDesert
- name: ''
instSizeCafe: 49000
instSizeNx: -1
sortKey: 14160
traverseDist: 80.0
