Chemical:
  Burnable: 1
aabbMax:
  X: 0.11798100173473358
  Y: 0.08245900273323059
  Z: 0.7436519861221313
aabbMin:
  X: -0.12963899970054626
  Y: -0.049132999032735825
  Z: -0.24536100029945374
boundingForTraverse: 0.1315920054912567
bugMask: 3
cursorOffsetY: 0.30000001192092896
homeArea:
- name: CentralHyrule
- name: TabantaFrontier
- name: GerudoDesert
instSizeCafe: 51124
instSizeNx: -1
rigidBodyCenterY: 0.018702000379562378
sortKey: 11030
traverseDist: 80.0
