Chemical:
  Burnable: 1
aabbMax:
  X: 0.16467300057411194
  Y: 0.030609000474214554
  Z: 0.6796879768371582
aabbMin:
  X: -0.05267300084233284
  Y: -0.030609000474214554
  Z: -0.6938480138778687
boundingForTraverse: 0.06121800094842911
bugMask: 3
cursorOffsetY: 0.30000001192092896
homeArea:
- name: CentralHyrule
- name: WestHateru
- name: HyruleForest
instSizeCafe: 49012
instSizeNx: 120952
sortKey: 14050
traverseDist: 80.0
