Chemical:
  Capaciter: 1
aabbMax:
  X: 0.08923300355672836
  Y: 0.34912100434303284
  Z: 2.4375
aabbMin:
  X: -0.08917199820280075
  Y: -0.3098140060901642
  Z: -0.5039060115814209
boundingForTraverse: 0.658935010433197
bugMask: 3
cursorOffsetY: 0.30000001192092896
homeArea:
- name: HyruleForest
- name: TamulOutback
- name: ''
instSizeCafe: 49920
instSizeNx: -1
sortKey: 13551
traverseDist: 80.0
