Chemical:
  Burnable: 1
aabbMax:
  X: 0.4091799855232239
  Y: 0.0837400034070015
  Z: 0.4167479872703552
aabbMin:
  X: -0.17651399970054626
  Y: -0.16979999840259552
  Z: -0.6318359971046448
boundingForTraverse: 0.2535400092601776
bugMask: 3
cursorOffsetY: 0.30000001192092896
homeArea:
- name: HeburaMountains
- name: TabantaFrontier
- name: ''
instSizeCafe: -1
instSizeNx: 118984
rigidBodyCenterY: -0.07590600103139877
sortKey: 15150
traverseDist: 80.0
