aabbMax:
  X: 0.12374699860811234
  Y: 0.06509099900722504
  Z: 0.3170120120048523
aabbMin:
  X: -0.16403399407863617
  Y: -0.05229799821972847
  Z: 0.05017700046300888
boundingForTraverse: 0.11738999933004379
bugMask: 1
cursorOffsetY: 0.5
instSizeCafe: -1
instSizeNx: 86880
sortKey: 2
