Chemical:
  Capaciter: 1
aabbMax:
  X: 0.44095200300216675
  Y: 0.11214599758386612
  Z: 1.4088799953460693
aabbMin:
  X: -0.37574899196624756
  Y: -0.11214599758386612
  Z: -0.5767019987106323
boundingForTraverse: 0.22429199516773224
bugMask: 3
cursorOffsetY: 0.30000001192092896
homeArea:
- name: EldinCanyon
- name: CentralHyrule
- name: ''
instSizeCafe: 48816
instSizeNx: -1
sortKey: 12141
traverseDist: 80.0
