Chemical:
  Burnable: 1
aabbMax:
  X: 0.19433599710464478
  Y: 0.0668950006365776
  Z: 0.6533200144767761
aabbMin:
  X: -0.09747300297021866
  Y: -0.06756599992513657
  Z: -0.6635739803314209
boundingForTraverse: 0.13446000218391418
bugMask: 3
cursorOffsetY: 0.30000001192092896
homeArea:
- name: LanayruWaterSources
- name: LanayruWetlands
- name: HyliaLake
instSizeCafe: 49012
instSizeNx: 120952
sortKey: 14530
traverseDist: 80.0
