Chemical:
  Capaciter: 1
aabbMax:
  X: 0.167836993932724
  Y: 0.05097600072622299
  Z: 1.2101399898529053
aabbMin:
  X: -0.167836993932724
  Y: -0.05097600072622299
  Z: -0.21699699759483337
boundingForTraverse: 0.10195200145244598
bugMask: 3
cursorOffsetY: 0.30000001192092896
instSizeCafe: -1
instSizeNx: 166816
sortKey: 11001
traverseDist: 80.0
