Chemical:
  Burnable: 1
aabbMax:
  X: 0.27785399556159973
  Y: 0.1741899996995926
  Z: 1.4016599655151367
aabbMin:
  X: -0.3069950044155121
  Y: -0.16010800004005432
  Z: -0.5048059821128845
boundingForTraverse: 0.3342980146408081
bugMask: 3
cursorOffsetY: 0.30000001192092896
homeArea:
- name: CentralHyrule
- name: TamulPlateau
- name: HyruleForest
instSizeCafe: 48832
instSizeNx: -1
sortKey: 12521
traverseDist: 80.0
