aabbMax:
  X: 0.09757400304079056
  Y: 0.042378999292850494
  Z: 0.5652909874916077
aabbMin:
  X: -0.09757400304079056
  Y: -0.03899500146508217
  Z: 0.21879099309444427
boundingForTraverse: 0.08137399703264236
bugMask: 1
cursorOffsetY: 0.5
instSizeCafe: 25976
instSizeNx: -1
sortKey: 2
