aabbMax:
  X: 0.0755620002746582
  Y: 0.03781500086188316
  Z: 1.2335100173950195
aabbMin:
  X: -0.0755620002746582
  Y: -0.03781500086188316
  Z: 0.1187020018696785
boundingForTraverse: 0.07562900334596634
bugMask: 1
instSizeCafe: 25976
instSizeNx: -1
sortKey: 2
