aabbMax:
  X: 0.12963899970054626
  Y: 0.17907699942588806
  Z: 0.7578129768371582
aabbMin:
  X: -0.1341550052165985
  Y: -0.49833300709724426
  Z: -1.2314499616622925
boundingForTraverse: 0.6774100065231323
bugMask: 3
instSizeCafe: 43696
instSizeNx: 110048
sortKey: 0
