Chemical:
  Capaciter: 1
aabbMax:
  X: 0.19217300415039062
  Y: 0.06391000002622604
  Z: 1.5856499671936035
aabbMin:
  X: -0.19067800045013428
  Y: -0.06391000002622604
  Z: -0.5745519995689392
boundingForTraverse: 0.1278190016746521
bugMask: 3
cursorOffsetY: 0.30000001192092896
homeArea:
- name: LanayruWaterSources
- name: LanayruWetlands
- name: ''
instSizeCafe: -1
instSizeNx: 119888
sortKey: 12130
traverseDist: 80.0
