Chemical:
  Capaciter: 1
aabbMax:
  X: 0.05956999957561493
  Y: 0.2683109939098358
  Z: 2.263669967651367
aabbMin:
  X: -0.13499900698661804
  Y: -0.26903700828552246
  Z: -0.4309079945087433
boundingForTraverse: 0.5373479723930359
bugMask: 3
cursorOffsetY: 0.30000001192092896
homeArea:
- name: HyruleHill
- name: CentralHyrule
- name: HyruleForest
instSizeCafe: 68236
instSizeNx: -1
sortKey: 13212
traverseDist: 80.0
