aabbMax:
  X: 0.23741400241851807
  Y: 0.06088300049304962
  Z: 0.8959749937057495
aabbMin:
  X: -0.13012699782848358
  Y: -0.051940999925136566
  Z: 0.06072999909520149
boundingForTraverse: 0.11282400041818619
bugMask: 1
cursorOffsetY: 0.5
instSizeCafe: 27828
instSizeNx: -1
sortKey: -3
