Chemical:
  Capaciter: 1
aabbMax:
  X: 0.38932499289512634
  Y: 0.06501399725675583
  Z: 0.403672993183136
aabbMin:
  X: -0.13878199458122253
  Y: -0.199521005153656
  Z: -0.5327460169792175
boundingForTraverse: 0.26453500986099243
bugMask: 3
cursorOffsetY: 0.30000001192092896
homeArea:
- name: CentralHyrule
- name: HeburaMountains
- name: GerudoHighlands
instSizeCafe: 41840
instSizeNx: -1
rigidBodyCenterY: -0.09654200077056885
sortKey: 15117
traverseDist: 80.0
