aabbMax:
  X: 0.06792499870061874
  Y: 0.02778399921953678
  Z: 0.8133609890937805
aabbMin:
  X: -0.07968699932098389
  Y: -0.029103999957442284
  Z: 0.1057410016655922
boundingForTraverse: 0.056887999176979065
bugMask: 1
instSizeCafe: 25728
instSizeNx: 86880
sortKey: 2
