Chemical:
  Burnable: 1
aabbMax:
  X: 0.3239330053329468
  Y: 0.06231699883937836
  Z: 1.2538199424743652
aabbMin:
  X: -0.7070189714431763
  Y: -0.06198100000619888
  Z: -1.2538199424743652
boundingForTraverse: 0.12429799884557724
bugMask: 3
cursorOffsetY: 0.30000001192092896
instSizeCafe: 49748
instSizeNx: -1
sortKey: -1
traverseDist: 80.0
