Chemical:
  Capaciter: 1
aabbMax:
  X: 0.04376799985766411
  Y: 0.13862699270248413
  Z: 2.1849799156188965
aabbMin:
  X: -0.04376799985766411
  Y: -0.13862699270248413
  Z: -0.44405099749565125
boundingForTraverse: 0.27725398540496826
bugMask: 3
cursorOffsetY: 0.30000001192092896
homeArea:
- name: LanayruWaterSources
- name: HyliaLake
- name: HateruSea
instSizeCafe: -1
instSizeNx: 117520
sortKey: 13130
traverseDist: 80.0
