Chemical:
  Capaciter: 1
aabbMax:
  X: 0.06500300019979477
  Y: 0.16462799906730652
  Z: 2.304579973220825
aabbMin:
  X: -0.0784439966082573
  Y: -0.16788199543952942
  Z: -0.42541199922561646
boundingForTraverse: 0.33250999450683594
bugMask: 3
cursorOffsetY: 0.30000001192092896
homeArea:
- name: TabantaFrontier
- name: GerudoDesert
- name: FironeSea
instSizeCafe: -1
instSizeNx: 117520
sortKey: 13531
traverseDist: 80.0
