Chemical:
  Capaciter: 1
aabbMax:
  X: 0.11459799855947495
  Y: 0.02831999957561493
  Z: 1.0189100503921509
aabbMin:
  X: -0.11459799855947495
  Y: -0.02831999957561493
  Z: -0.21406100690364838
boundingForTraverse: 0.05663900077342987
bugMask: 3
cursorOffsetY: 0.30000001192092896
instSizeCafe: -1
instSizeNx: 119600
sortKey: 11220
traverseDist: 80.0
