Chemical:
  Capaciter: 1
aabbMax:
  X: 0.23373599350452423
  Y: 0.07141099870204926
  Z: 0.9232630133628845
aabbMin:
  X: -0.457273006439209
  Y: -0.07269299775362015
  Z: -0.9232630133628845
boundingForTraverse: 0.14410400390625
bugMask: 3
cursorOffsetY: 0.30000001192092896
homeArea:
- name: HeburaMountains
- name: TamulPlateau
- name: CentralHyrule
instSizeCafe: 49636
instSizeNx: -1
sortKey: 14532
traverseDist: 80.0
