Chemical:
  Capaciter: 1
aabbMax:
  X: 0.20261700451374054
  Y: 0.059386998414993286
  Z: 0.7435969710350037
aabbMin:
  X: -0.18713299930095673
  Y: -0.059386998414993286
  Z: -0.7553139925003052
boundingForTraverse: 0.11877399682998657
bugMask: 3
cursorOffsetY: 0.30000001192092896
homeArea:
- name: TabantaFrontier
- name: GerudoDesert
- name: EldinCanyon
instSizeCafe: 49508
instSizeNx: -1
sortKey: 14531
traverseDist: 80.0
