Chemical:
  Burnable: 1
aabbMax:
  X: 0.4791719913482666
  Y: 0.02797899954020977
  Z: 0.3256649971008301
aabbMin:
  X: -0.16662000119686127
  Y: -0.20762400329113007
  Z: -0.2971639931201935
boundingForTraverse: 0.23560300469398499
bugMask: 3
cursorOffsetY: 0.30000001192092896
homeArea:
- name: CentralHyrule
- name: WestHateru
- name: LanayruSea
instSizeCafe: 41708
instSizeNx: -1
rigidBodyCenterY: -0.09572699666023254
sortKey: 15510
traverseDist: 80.0
