Chemical:
  Capaciter: 1
aabbMax:
  X: 0.0825200006365776
  Y: 0.36865198612213135
  Z: 2.423830032348633
aabbMin:
  X: -0.08367899805307388
  Y: -0.4067380130290985
  Z: -0.5551760196685791
boundingForTraverse: 0.7753900289535522
bugMask: 3
cursorOffsetY: 0.30000001192092896
homeArea:
- name: GerudoHighlands
- name: HeburaMountains
- name: EldinMountains
instSizeCafe: 51792
instSizeNx: -1
sortKey: 13552
traverseDist: 80.0
