Chemical:
  Capaciter: 1
aabbMax:
  X: 0.06591200083494186
  Y: 0.02984200045466423
  Z: 1.088320016860962
aabbMin:
  X: -0.6789010167121887
  Y: -0.02984200045466423
  Z: -0.6018700003623962
boundingForTraverse: 0.05968400090932846
bugMask: 3
cursorOffsetY: 0.30000001192092896
homeArea:
- name: WestHateru
- name: HeburaMountains
- name: CentralHyrule
instSizeCafe: -1
instSizeNx: 115824
sortKey: 12051
traverseDist: 80.0
