Chemical:
  Capaciter: 1
aabbMax:
  X: 0.1548909991979599
  Y: 0.022370999678969383
  Z: 0.886273980140686
aabbMin:
  X: -0.1548909991979599
  Y: -0.022370999678969383
  Z: -0.21282699704170227
boundingForTraverse: 0.044741999357938766
bugMask: 3
cursorOffsetY: 0.30000001192092896
homeArea:
- name: CentralHyrule
- name: FironeGrassland
- name: EastHateru
instSizeCafe: -1
instSizeNx: 119600
sortKey: 11111
traverseDist: 80.0
