Chemical:
  Burnable: 1
aabbMax:
  X: 0.1640619933605194
  Y: 0.04565399885177612
  Z: 0.7099609971046448
aabbMin:
  X: -0.09491000324487686
  Y: -0.04565399885177612
  Z: -0.7099609971046448
boundingForTraverse: 0.09130900353193283
bugMask: 3
cursorOffsetY: 0.30000001192092896
homeArea:
- name: CentralHyrule
- name: WestHateru
- name: LanayruSea
instSizeCafe: -1
instSizeNx: 120920
sortKey: 14110
traverseDist: 80.0
