Chemical:
  Burnable: 1
aabbMax:
  X: 0.18653500080108643
  Y: 0.17480500042438507
  Z: 0.9211329817771912
aabbMin:
  X: -0.1910260021686554
  Y: -0.12862500548362732
  Z: -0.20288899540901184
boundingForTraverse: 0.3034299910068512
bugMask: 3
cursorOffsetY: 0.30000001192092896
homeArea:
- name: CentralHyrule
- name: WestHateru
- name: LanayruSea
instSizeCafe: 48912
instSizeNx: -1
rigidBodyCenterY: 0.015169000253081322
sortKey: 11510
traverseDist: 80.0
