aabbMax:
  X: 0.03305400162935257
  Y: 0.045097000896930695
  Z: 1.6478300094604492
aabbMin:
  X: -0.03305400162935257
  Y: -0.23581500351428986
  Z: -0.6528599858283997
boundingForTraverse: 0.28091201186180115
bugMask: 3
cursorOffsetY: 0.30000001192092896
homeArea:
- name: GerudoHighlands
- name: CentralHyrule
- name: FironeGrassland
instSizeCafe: 79744
instSizeNx: -1
rigidBodyCenterY: -0.05000000074505806
sortKey: 13541
traverseDist: 80.0
