Chemical:
  Capaciter: 1
aabbMax:
  X: 0.38932499289512634
  Y: 0.06501399725675583
  Z: 0.403672993183136
aabbMin:
  X: -0.13878199458122253
  Y: -0.19954100251197815
  Z: -0.5327460169792175
boundingForTraverse: 0.26455599069595337
bugMask: 3
cursorOffsetY: 0.30000001192092896
instSizeCafe: -1
instSizeNx: 111024
rigidBodyCenterY: -0.09654200077056885
sortKey: 15200
traverseDist: 80.0
