Chemical:
  Capaciter: 1
aabbMax:
  X: 0.11783699691295624
  Y: 0.11680799722671509
  Z: 2.3897600173950195
aabbMin:
  X: -0.1179250031709671
  Y: -0.22353099286556244
  Z: -0.36733099818229675
boundingForTraverse: 0.3403390049934387
bugMask: 3
cursorOffsetY: 0.30000001192092896
homeArea:
- name: EldinCanyon
- name: HeburaMountains
- name: TamulOutback
instSizeCafe: 47588
instSizeNx: -1
sortKey: 13140
traverseDist: 80.0
