Chemical:
  Burnable: 1
aabbMax:
  X: 0.183105006814003
  Y: 0.06524699926376343
  Z: 0.7753909826278687
aabbMin:
  X: -0.1319579929113388
  Y: -0.06524699926376343
  Z: -0.7753909826278687
boundingForTraverse: 0.13049300014972687
bugMask: 3
cursorOffsetY: 0.30000001192092896
homeArea:
- name: CentralHyrule
- name: FironeGrassland
- name: EastHateru
instSizeCafe: -1
instSizeNx: 120952
sortKey: 14111
traverseDist: 80.0
