Chemical:
  Burnable: 1
aabbMax:
  X: 0.1538659930229187
  Y: 0.3108600080013275
  Z: 2.298190116882324
aabbMin:
  X: -0.13597600162029266
  Y: -0.3167850077152252
  Z: -0.39457300305366516
boundingForTraverse: 0.6276450157165527
bugMask: 3
cursorOffsetY: 0.30000001192092896
homeArea:
- name: HateruSea
- name: HyruleHill
- name: CentralHyrule
instSizeCafe: -1
instSizeNx: 117552
sortKey: 13512
traverseDist: 80.0
