Chemical:
  Burnable: 1
aabbMax:
  X: 0.16333700716495514
  Y: 0.04950200021266937
  Z: 1.5575300455093384
aabbMin:
  X: -0.1395220011472702
  Y: -0.04734199866652489
  Z: -0.5344060063362122
boundingForTraverse: 0.09684500098228455
bugMask: 3
cursorOffsetY: 0.30000001192092896
homeArea:
- name: EastHateru
- name: HateruSea
- name: ''
instSizeCafe: 49316
instSizeNx: -1
sortKey: 12031
traverseDist: 80.0
