Chemical:
  Burnable: 1
aabbMax:
  X: 0.04445499926805496
  Y: 0.0563340000808239
  Z: 0.8866519927978516
aabbMin:
  X: -0.07472199946641922
  Y: -0.051325999200344086
  Z: -0.18618500232696533
boundingForTraverse: 0.1076589971780777
bugMask: 3
cursorOffsetY: 0.30000001192092896
homeArea:
- name: HyruleForest
- name: CentralHyrule
- name: GerudoHighlands
instSizeCafe: -1
instSizeNx: 119504
sortKey: 11020
traverseDist: 80.0
