Chemical:
  Capaciter: 1
aabbMax:
  X: 0.18872100114822388
  Y: 0.07635500282049179
  Z: 0.8442379832267761
aabbMin:
  X: -0.15722699463367462
  Y: -0.07635500282049179
  Z: -0.8442379832267761
boundingForTraverse: 0.15271000564098358
bugMask: 3
cursorOffsetY: 0.30000001192092896
homeArea:
- name: TabantaFrontier
- name: HeburaMountains
- name: GerudoHighlands
instSizeCafe: -1
instSizeNx: 120920
sortKey: 14113
traverseDist: 80.0
