Chemical:
  Burnable: 1
  Capaciter: 1
aabbMax:
  X: 0.059477999806404114
  Y: 0.18566900491714478
  Z: 2.2792999744415283
aabbMin:
  X: -0.13463200628757477
  Y: -0.268792986869812
  Z: -0.43115198612213135
boundingForTraverse: 0.4544619917869568
bugMask: 3
cursorOffsetY: 0.30000001192092896
homeArea:
- name: CentralHyrule
- name: HeburaMountains
- name: TamulPlateau
instSizeCafe: 68196
instSizeNx: -1
sortKey: 13210
traverseDist: 80.0
