Chemical:
  Capaciter: 1
aabbMax:
  X: 0.15702900290489197
  Y: 0.05194399878382683
  Z: 1.5891900062561035
aabbMin:
  X: -0.15702900290489197
  Y: -0.05194399878382683
  Z: -0.5288969874382019
boundingForTraverse: 0.10388900339603424
bugMask: 3
cursorOffsetY: 0.30000001192092896
homeArea:
- name: CentralHyrule
- name: WestHateru
- name: HeburaMountains
instSizeCafe: -1
instSizeNx: 119888
sortKey: 12171
traverseDist: 80.0
