aabbMax:
  X: 0.18904100358486176
  Y: 0.12300299853086472
  Z: 0.5646010041236877
aabbMin:
  X: -0.223471999168396
  Y: -0.12155599892139435
  Z: 0.04739199951291084
boundingForTraverse: 0.24455900490283966
bugMask: 1
cursorOffsetY: 0.5
instSizeCafe: -1
instSizeNx: 86880
sortKey: 2
