Chemical:
  Capaciter: 1
aabbMax:
  X: 0.29006901383399963
  Y: 0.10177899897098541
  Z: 1.4477299451828003
aabbMin:
  X: -0.24482500553131104
  Y: -0.10177899897098541
  Z: -0.5568320155143738
boundingForTraverse: 0.20355799794197083
bugMask: 3
cursorOffsetY: 0.30000001192092896
homeArea:
- name: EldinCanyon
- name: EldinMountains
- name: ''
instSizeCafe: 48816
instSizeNx: 120000
sortKey: 12140
traverseDist: 80.0
