aabbMax:
  X: 0.19339999556541443
  Y: 0.03283099830150604
  Z: 0.7107369899749756
aabbMin:
  X: -0.09394100308418274
  Y: -0.03283099830150604
  Z: 0.12416400015354156
boundingForTraverse: 0.0656609982252121
bugMask: 1
instSizeCafe: 25976
instSizeNx: -1
sortKey: 2
