Chemical:
  Capaciter: 1
aabbMax:
  X: 0.2993159890174866
  Y: 0.1164499968290329
  Z: 1.1057599782943726
aabbMin:
  X: -0.29485300183296204
  Y: -0.1164499968290329
  Z: -0.5374600291252136
boundingForTraverse: 0.2328999936580658
bugMask: 3
cursorOffsetY: 0.30000001192092896
homeArea:
- name: EldinCanyon
- name: TamulPlateau
- name: EastHateru
instSizeCafe: 49300
instSizeNx: -1
sortKey: 12042
traverseDist: 80.0
