Chemical:
  Capaciter: 1
aabbMax:
  X: 0.23376500606536865
  Y: 0.07141099870204926
  Z: 0.9233400225639343
aabbMin:
  X: -0.45727500319480896
  Y: -0.07269299775362015
  Z: -0.9233400225639343
boundingForTraverse: 0.14410400390625
bugMask: 3
cursorOffsetY: 0.30000001192092896
homeArea:
- name: HeburaMountains
- name: TamulPlateau
- name: CentralHyrule
instSizeCafe: -1
instSizeNx: 121208
sortKey: 14532
traverseDist: 80.0
