Chemical:
  Capaciter: 1
aabbMax:
  X: 0.1658719927072525
  Y: 0.02612599916756153
  Z: 1.0525100231170654
aabbMin:
  X: -0.1658719927072525
  Y: -0.02612599916756153
  Z: -0.25457900762557983
boundingForTraverse: 0.05225199833512306
bugMask: 3
cursorOffsetY: 0.30000001192092896
homeArea:
- name: LanayruWaterSources
- name: EastHateru
- name: ''
instSizeCafe: -1
instSizeNx: 119632
sortKey: 11130
traverseDist: 80.0
