aabbMax:
  X: 0.06474100053310394
  Y: 0.04628700017929077
  Z: 0.23912499845027924
aabbMin:
  X: -0.05456199869513512
  Y: -0.05564099922776222
  Z: 0.09909000247716904
boundingForTraverse: 0.10192800313234329
bugMask: 1
instSizeCafe: -1
instSizeNx: 86880
sortKey: 2
