Chemical:
  Burnable: 1
aabbMax:
  X: 0.13747000694274902
  Y: 0.16937999427318573
  Z: 2.4494900703430176
aabbMin:
  X: -0.11466100066900253
  Y: -0.19762900471687317
  Z: -0.23657800257205963
boundingForTraverse: 0.3670090138912201
bugMask: 3
cursorOffsetY: 0.30000001192092896
homeArea:
- name: GerudoHighlands
- name: TamulPlateau
- name: CentralHyrule
instSizeCafe: 47172
instSizeNx: -1
sortKey: 13521
traverseDist: 80.0
