aabbMax:
  X: 0.12058799713850021
  Y: 0.03305400162935257
  Z: 1.2362699508666992
aabbMin:
  X: -0.3782469928264618
  Y: -0.03305400162935257
  Z: -0.6528599858283997
boundingForTraverse: 0.06610900163650513
bugMask: 3
cursorOffsetY: 0.30000001192092896
homeArea:
- name: GerudoDesert
- name: CentralHyrule
- name: EldinCanyon
instSizeCafe: -1
instSizeNx: 176096
sortKey: 12540
traverseDist: 80.0
