Chemical:
  Capaciter: 1
aabbMax:
  X: 0.20838099718093872
  Y: 0.02638299949467182
  Z: 0.8673999905586243
aabbMin:
  X: -0.16330400109291077
  Y: -0.02638299949467182
  Z: -0.22736500203609467
boundingForTraverse: 0.052765000611543655
bugMask: 3
cursorOffsetY: 0.30000001192092896
homeArea:
- name: GerudoHighlands
- name: GerudoDesert
- name: CentralHyrule
instSizeCafe: -1
instSizeNx: 119600
sortKey: 11161
traverseDist: 80.0
