Chemical:
  Capaciter: 1
aabbMax:
  X: 0.03906499966979027
  Y: 0.16861599683761597
  Z: 2.277470111846924
aabbMin:
  X: -0.03906499966979027
  Y: -0.24997800588607788
  Z: -0.3886469900608063
boundingForTraverse: 0.41859400272369385
bugMask: 3
cursorOffsetY: 0.30000001192092896
homeArea:
- name: CentralHyrule
- name: HyruleForest
- name: TabantaFrontier
instSizeCafe: 46912
instSizeNx: -1
sortKey: 13190
