aabbMax:
  X: 0.057284001260995865
  Y: 0.07804399728775024
  Z: 1.187209963798523
aabbMin:
  X: -0.06756799668073654
  Y: -0.07720299810171127
  Z: 0.5775539875030518
boundingForTraverse: 0.1552480012178421
bugMask: 1
cursorOffsetY: 0.5
instSizeCafe: 26360
instSizeNx: -1
sortKey: 2
