aabbMax:
  X: 0.2161870002746582
  Y: 0.06112699955701828
  Z: 0.6928709745407104
aabbMin:
  X: -0.13598600029945374
  Y: -0.0746460035443306
  Z: 0.05612200126051903
boundingForTraverse: 0.13577300310134888
bugMask: 1
cursorOffsetY: 0.5
instSizeCafe: -1
instSizeNx: 88272
sortKey: 2
