Chemical:
  Burnable: 1
aabbMax:
  X: 0.2072799950838089
  Y: 0.19202500581741333
  Z: 1.208899974822998
aabbMin:
  X: -0.3528670072555542
  Y: -0.1840749979019165
  Z: -0.5114459991455078
boundingForTraverse: 0.37610000371932983
bugMask: 3
cursorOffsetY: 0.30000001192092896
homeArea:
- name: GerudoHighlands
- name: FironeGrassland
- name: CentralHyrule
instSizeCafe: 49316
instSizeNx: -1
sortKey: 12520
traverseDist: 80.0
