aabbMax:
  X: 0.06210299953818321
  Y: 0.06713800132274628
  Z: 0.7469409704208374
aabbMin:
  X: -0.06602799892425537
  Y: -0.06821700185537338
  Z: -0.23468999564647675
boundingForTraverse: 0.13535499572753906
bugMask: 3
cursorOffsetY: 0.30000001192092896
homeArea:
- name: GerudoHighlands
- name: HyruleForest
- name: CentralHyrule
instSizeCafe: 54164
instSizeNx: -1
sortKey: 11560
traverseDist: 80.0
