aabbMax:
  X: 0.41552698612213135
  Y: 0.36155200004577637
  Z: 2.853519916534424
aabbMin:
  X: -0.2106810063123703
  Y: -0.36155200004577637
  Z: -0.32226601243019104
boundingForTraverse: 0.7231040000915527
bugMask: 3
cursorOffsetY: 0.30000001192092896
instSizeCafe: 66244
instSizeNx: -1
rigidBodyCenterY: -4.199999966658652e-05
sortKey: 13180
traverseDist: 80.0
