aabbMax:
  X: 0.31561800837516785
  Y: 0.10238800197839737
  Z: 1.5857900381088257
aabbMin:
  X: -0.10973700135946274
  Y: -0.10238800197839737
  Z: 0.09901600331068039
boundingForTraverse: 0.20477600395679474
bugMask: 1
cursorOffsetY: 0.5
instSizeCafe: 25728
instSizeNx: 86880
sortKey: -1
