Chemical:
  Burnable: 1
aabbMax:
  X: 0.4634779989719391
  Y: 0.028781000524759293
  Z: 0.35021498799324036
aabbMin:
  X: -0.23770000040531158
  Y: -0.234702005982399
  Z: -0.36029601097106934
boundingForTraverse: 0.2634829878807068
bugMask: 3
cursorOffsetY: 0.30000001192092896
homeArea:
- name: FironeGrassland
- name: EastHateru
- name: CentralHyrule
instSizeCafe: 42256
instSizeNx: -1
rigidBodyCenterY: -0.12052500247955322
sortKey: 15511
traverseDist: 80.0
