Chemical:
  Burnable: 1
aabbMax:
  X: 0.5283179879188538
  Y: 0.06700100004673004
  Z: 0.26317098736763
aabbMin:
  X: -0.27903100848197937
  Y: -0.12675000727176666
  Z: -0.28341901302337646
boundingForTraverse: 0.1937510073184967
bugMask: 3
cursorOffsetY: 0.30000001192092896
homeArea:
- name: HyruleForest
- name: ''
- name: ''
instSizeCafe: 41708
instSizeNx: -1
rigidBodyCenterY: -0.06958899646997452
sortKey: 15120
traverseDist: 80.0
