Chemical:
  Capaciter: 1
aabbMax:
  X: 0.4137580096721649
  Y: 0.060290999710559845
  Z: 0.3119789958000183
aabbMin:
  X: -0.14045800268650055
  Y: -0.17923100292682648
  Z: -0.3694300055503845
boundingForTraverse: 0.23952199518680573
bugMask: 3
cursorOffsetY: 0.30000001192092896
homeArea:
- name: CentralHyrule
- name: ''
- name: ''
instSizeCafe: -1
instSizeNx: 111024
rigidBodyCenterY: -0.10306400060653687
sortKey: 15000
traverseDist: 80.0
