aabbMax:
  X: 0.11823999881744385
  Y: 0.06582000106573105
  Z: 0.5220140218734741
aabbMin:
  X: -0.11847399920225143
  Y: -0.06459800153970718
  Z: 0.20233899354934692
boundingForTraverse: 0.13041800260543823
bugMask: 1
cursorOffsetY: 0.5
instSizeCafe: 25976
instSizeNx: -1
sortKey: 2
