Chemical:
  Burnable: 1
aabbMax:
  X: 0.4410119950771332
  Y: 0.07140800356864929
  Z: 0.304610013961792
aabbMin:
  X: -0.1682090014219284
  Y: -0.19052299857139587
  Z: -0.304610013961792
boundingForTraverse: 0.26193100214004517
bugMask: 3
cursorOffsetY: 0.30000001192092896
homeArea:
- name: TabantaFrontier
- name: CentralHyrule
- name: GerudoDesert
instSizeCafe: -1
instSizeNx: 110832
rigidBodyCenterY: -0.08429499715566635
sortKey: 15115
traverseDist: 80.0
