aabbMax:
  X: 0.04227700084447861
  Y: 0.05733000114560127
  Z: 0.1897760033607483
aabbMin:
  X: -0.0763079971075058
  Y: -0.06491199880838394
  Z: 0.11659300327301025
boundingForTraverse: 0.12224200367927551
bugMask: 1
instSizeCafe: 25976
instSizeNx: -1
sortKey: 2
