Chemical:
  Capaciter: 1
aabbMax:
  X: 0.18737800419330597
  Y: 0.06481900066137314
  Z: 0.8012700080871582
aabbMin:
  X: -0.12915000319480896
  Y: -0.06481900066137314
  Z: -0.8012700080871582
boundingForTraverse: 0.12963899970054626
bugMask: 3
cursorOffsetY: 0.30000001192092896
homeArea:
- name: GerudoDesert
- name: TabantaFrontier
- name: HeburaMountains
instSizeCafe: -1
instSizeNx: 120920
sortKey: 14112
traverseDist: 80.0
