Chemical:
  Burnable: 1
aabbMax:
  X: 0.24231000244617462
  Y: 0.07806400209665298
  Z: 0.6870120167732239
aabbMin:
  X: -0.22473099827766418
  Y: -0.07110600173473358
  Z: -0.7246090173721313
boundingForTraverse: 0.14916999638080597
bugMask: 3
cursorOffsetY: 0.30000001192092896
homeArea:
- name: FironeGrassland
- name: EastHateru
- name: CentralHyrule
instSizeCafe: -1
instSizeNx: 120952
sortKey: 14511
traverseDist: 80.0
