Chemical:
  Burnable: 1
aabbMax:
  X: 0.5111370086669922
  Y: 0.05029299855232239
  Z: 0.7440969944000244
aabbMin:
  X: -0.2336290031671524
  Y: -0.05029299855232239
  Z: -0.8851590156555176
boundingForTraverse: 0.10058599710464478
bugMask: 3
cursorOffsetY: 0.30000001192092896
homeArea:
- name: GerudoHighlands
- name: ''
- name: ''
instSizeCafe: 53132
instSizeNx: -1
sortKey: 14590
traverseDist: 80.0
