Chemical:
  Capaciter: 1
aabbMax:
  X: 0.4753729999065399
  Y: 0.07891300320625305
  Z: 0.33838599920272827
aabbMin:
  X: -0.2020290046930313
  Y: -0.17865699529647827
  Z: -0.33901500701904297
boundingForTraverse: 0.2575699985027313
bugMask: 3
cursorOffsetY: 0.30000001192092896
homeArea:
- name: GerudoHighlands
- name: GerudoDesert
- name: ''
instSizeCafe: 41820
instSizeNx: -1
rigidBodyCenterY: -0.08429600298404694
sortKey: 15160
traverseDist: 80.0
