Chemical:
  Burnable: 1
aabbMax:
  X: 0.2811560034751892
  Y: 0.33481401205062866
  Z: 1.383620023727417
aabbMin:
  X: -0.22467400133609772
  Y: -0.23339800536632538
  Z: -0.4423539936542511
boundingForTraverse: 0.5682119727134705
bugMask: 3
cursorOffsetY: 0.30000001192092896
homeArea:
- name: HyruleHill
- name: HateruSea
- name: CentralHyrule
instSizeCafe: 49152
instSizeNx: -1
sortKey: 12512
traverseDist: 80.0
