Chemical:
  Capaciter: 1
aabbMax:
  X: 0.2097170054912567
  Y: 0.04861399903893471
  Z: 0.707518994808197
aabbMin:
  X: -0.17333999276161194
  Y: -0.04827899858355522
  Z: -0.7075200080871582
boundingForTraverse: 0.09689299762248993
bugMask: 3
cursorOffsetY: 0.30000001192092896
homeArea:
- name: LanayruWaterSources
- name: TamulPlateau
- name: WestHateru
instSizeCafe: -1
instSizeNx: 121240
sortKey: 14130
traverseDist: 80.0
