aabbMax:
  X: 0.6483340263366699
  Y: 0.017549000680446625
  Z: 0.4018549919128418
aabbMin:
  X: -0.4004940092563629
  Y: -0.19418199360370636
  Z: -0.4018549919128418
boundingForTraverse: 0.21173100173473358
bugMask: 3
cursorOffsetY: 0.30000001192092896
instSizeCafe: 62276
instSizeNx: -1
rigidBodyCenterY: -0.07999999821186066
sortKey: 15180
traverseDist: 80.0
