Chemical:
  Burnable: 1
aabbMax:
  X: 0.4316979944705963
  Y: 0.07111299782991409
  Z: 0.2952969968318939
aabbMin:
  X: -0.15889500081539154
  Y: -0.12559500336647034
  Z: -0.2952969968318939
boundingForTraverse: 0.19670799374580383
bugMask: 3
cursorOffsetY: 0.30000001192092896
homeArea:
- name: HeburaMountains
- name: LanayruWetlands
- name: ''
instSizeCafe: -1
instSizeNx: 110800
rigidBodyCenterY: -0.058017000555992126
sortKey: 15112
traverseDist: 80.0
