aabbMax:
  X: 0.13141700625419617
  Y: 0.06906700134277344
  Z: 0.5859249830245972
aabbMin:
  X: -0.13141700625419617
  Y: -0.06906700134277344
  Z: 0.17808400094509125
boundingForTraverse: 0.1381330043077469
bugMask: 1
cursorOffsetY: 0.5
instSizeCafe: 25664
instSizeNx: -1
sortKey: 2
