aabbMax:
  X: 0.17159999907016754
  Y: 0.0852380022406578
  Z: 0.908594012260437
aabbMin:
  X: -0.17159999907016754
  Y: -0.0852380022406578
  Z: -0.25628700852394104
boundingForTraverse: 0.1704770028591156
bugMask: 3
cursorOffsetY: 0.30000001192092896
homeArea:
- name: GerudoHighlands
- name: HeburaMountains
- name: CentralHyrule
instSizeCafe: 53796
instSizeNx: -1
sortKey: 11571
traverseDist: 80.0
