Chemical:
  Capaciter: 1
aabbMax:
  X: 0.4737040102481842
  Y: 0.06236499920487404
  Z: 0.3367370069026947
aabbMin:
  X: -0.1997009962797165
  Y: -0.18410000205039978
  Z: -0.3367370069026947
boundingForTraverse: 0.2464659959077835
bugMask: 3
cursorOffsetY: 0.30000001192092896
homeArea:
- name: GerudoDesert
- name: ''
- name: ''
instSizeCafe: 42080
instSizeNx: -1
rigidBodyCenterY: -0.08429600298404694
sortKey: 15162
traverseDist: 80.0
