Chemical:
  Capaciter: 1
aabbMax:
  X: 0.5718110203742981
  Y: 0.0471699982881546
  Z: 0.31478801369667053
aabbMin:
  X: -0.2598100006580353
  Y: -0.26245400309562683
  Z: -0.3725129961967468
boundingForTraverse: 0.30962398648262024
bugMask: 3
cursorOffsetY: 0.30000001192092896
homeArea:
- name: TabantaFrontier
- name: GerudoDesert
- name: FironeSea
instSizeCafe: 41840
instSizeNx: 111056
rigidBodyCenterY: -0.10536500066518784
sortKey: 15531
traverseDist: 80.0
