Chemical:
  Capaciter: 1
aabbMax:
  X: 0.5656110048294067
  Y: 0.032047998160123825
  Z: 0.45454999804496765
aabbMin:
  X: -0.20622999966144562
  Y: -0.2469010055065155
  Z: -0.45655500888824463
boundingForTraverse: 0.27894899249076843
bugMask: 3
cursorOffsetY: 0.30000001192092896
homeArea:
- name: HeburaMountains
- name: TamulPlateau
- name: EldinCanyon
instSizeCafe: -1
instSizeNx: 111024
rigidBodyCenterY: -0.09567499905824661
sortKey: 15532
traverseDist: 80.0
