aabbMax:
  X: 0.10838299989700317
  Y: 0.08752399682998657
  Z: 0.48137301206588745
aabbMin:
  X: -0.14095300436019897
  Y: -0.06324400007724762
  Z: 0.192112997174263
boundingForTraverse: 0.1507679969072342
bugMask: 1
cursorOffsetY: 0.5
instSizeCafe: 25728
instSizeNx: 86880
sortKey: 2
