aabbMax:
  X: 0.06626900285482407
  Y: 0.06575299799442291
  Z: 0.32269901037216187
aabbMin:
  X: -0.1519169956445694
  Y: -0.07822100073099136
  Z: 0.1386449933052063
boundingForTraverse: 0.14397400617599487
bugMask: 1
cursorOffsetY: 0.5
instSizeCafe: 25728
instSizeNx: 86880
sortKey: -2
