Chemical:
  Capaciter: 1
aabbMax:
  X: 0.0360959991812706
  Y: 0.17929300665855408
  Z: 2.2808399200439453
aabbMin:
  X: -0.10858599841594696
  Y: -0.17138800024986267
  Z: -0.4179840087890625
boundingForTraverse: 0.35068100690841675
bugMask: 3
cursorOffsetY: 0.30000001192092896
homeArea:
- name: EastHateru
- name: WestHateru
- name: HyruleHill
instSizeCafe: 46928
instSizeNx: -1
sortKey: 13031
traverseDist: 80.0
