Chemical:
  Capaciter: 1
aabbMax:
  X: 0.5473629832267761
  Y: 0.07519499957561493
  Z: 0.3237299919128418
aabbMin:
  X: -0.23791499435901642
  Y: -0.19335900247097015
  Z: -0.4145509898662567
boundingForTraverse: 0.2685540020465851
bugMask: 3
cursorOffsetY: 0.30000001192092896
homeArea:
- name: CentralHyrule
- name: LanayruWaterSources
- name: TamulOutback
instSizeCafe: 50600
instSizeNx: -1
rigidBodyCenterY: -0.09831400215625763
sortKey: 15551
traverseDist: 80.0
