Chemical:
  Capaciter: 1
aabbMax:
  X: 0.027974000200629234
  Y: 0.05956999957561493
  Z: 2.257499933242798
aabbMin:
  X: -0.02867400087416172
  Y: -0.0607759989798069
  Z: -0.42004498839378357
boundingForTraverse: 0.12034700065851212
bugMask: 3
cursorOffsetY: 0.30000001192092896
homeArea:
- name: CentralHyrule
- name: WestHateru
- name: LanayruSea
instSizeCafe: 46912
instSizeNx: -1
sortKey: 13110
traverseDist: 80.0
