aabbMax:
  X: 1.9775400161743164
  Y: 0.10693400353193283
  Z: 0.3603439927101135
aabbMin:
  X: -0.10137899965047836
  Y: -0.31616199016571045
  Z: -0.20031699538230896
boundingForTraverse: 0.4230960011482239
bugMask: 3
cursorOffsetY: 0.5
instSizeCafe: 51224
instSizeNx: -1
rigidBodyCenterY: 0.05029299855232239
sortKey: 11601
traverseDist: 80.0
