aabbMax:
  X: 0.06930600106716156
  Y: 0.023300999775528908
  Z: 0.3530229926109314
aabbMin:
  X: -0.09389899671077728
  Y: -0.21792800724506378
  Z: -0.4537610113620758
boundingForTraverse: 0.24122899770736694
bugMask: 1
instSizeCafe: -1
instSizeNx: 177880
sortKey: 0
