aabbMax:
  X: 0.054648999124765396
  Y: 0.07312799990177155
  Z: 0.1061989963054657
aabbMin:
  X: -0.06883099675178528
  Y: -0.054489001631736755
  Z: 0.0358319990336895
boundingForTraverse: 0.1276170015335083
bugMask: 1
cursorOffsetY: 0.5
instSizeCafe: 25728
instSizeNx: -1
sortKey: 2
