Chemical:
  Capaciter: 1
aabbMax:
  X: 0.16673800349235535
  Y: 0.031408000737428665
  Z: 1.0799599885940552
aabbMin:
  X: -0.16673800349235535
  Y: -0.031408000737428665
  Z: -0.2244890034198761
boundingForTraverse: 0.06281500309705734
bugMask: 3
cursorOffsetY: 0.30000001192092896
homeArea:
- name: GerudoHighlands
- name: CentralHyrule
- name: TamulPlateau
instSizeCafe: 65124
instSizeNx: 150448
sortKey: 11211
traverseDist: 80.0
