Chemical:
  Burnable: 1
aabbMax:
  X: 0.2421880066394806
  Y: 0.07995600253343582
  Z: 0.6870120167732239
aabbMin:
  X: -0.32104501128196716
  Y: -0.08898899704217911
  Z: -0.7246090173721313
boundingForTraverse: 0.16894499957561493
bugMask: 3
cursorOffsetY: 0.30000001192092896
homeArea:
- name: HyruleHill
- name: CentralHyrule
- name: HeburaMountains
instSizeCafe: -1
instSizeNx: 120920
sortKey: 14512
traverseDist: 80.0
