Chemical:
  Burnable: 1
aabbMax:
  X: 0.17734800279140472
  Y: 0.05709800124168396
  Z: 0.7143059968948364
aabbMin:
  X: -0.06561099737882614
  Y: -0.05694599822163582
  Z: -0.7143059968948364
boundingForTraverse: 0.11404400318861008
bugMask: 3
cursorOffsetY: 0.30000001192092896
homeArea:
- name: WestHateru
- name: HyliaLake
- name: EastHateru
instSizeCafe: 60128
instSizeNx: -1
sortKey: 14170
traverseDist: 80.0
