Chemical:
  Burnable: 1
aabbMax:
  X: 0.24228499829769135
  Y: 0.07806400209665298
  Z: 0.6869630217552185
aabbMin:
  X: -0.2247219979763031
  Y: -0.07110600173473358
  Z: -0.724556028842926
boundingForTraverse: 0.14916999638080597
bugMask: 3
cursorOffsetY: 0.30000001192092896
homeArea:
- name: FironeGrassland
- name: EastHateru
- name: CentralHyrule
instSizeCafe: 48992
instSizeNx: -1
sortKey: 14511
traverseDist: 80.0
