Chemical:
  Capaciter: 1
aabbMax:
  X: 0.39308100938796997
  Y: 0.05394899845123291
  Z: 0.3658449947834015
aabbMin:
  X: -0.1269800066947937
  Y: -0.17528599500656128
  Z: -0.48624199628829956
boundingForTraverse: 0.2292349934577942
bugMask: 3
cursorOffsetY: 0.30000001192092896
homeArea:
- name: HeburaMountains
- name: EldinMountains
- name: TabantaFrontier
instSizeCafe: 41828
instSizeNx: -1
rigidBodyCenterY: -0.08846999704837799
sortKey: 15116
traverseDist: 80.0
