Chemical:
  Capaciter: 1
aabbMax:
  X: 0.05939299985766411
  Y: 0.026562999933958054
  Z: 0.7823600172996521
aabbMin:
  X: -0.05939299985766411
  Y: -0.026562999933958054
  Z: -0.21074800193309784
boundingForTraverse: 0.05312599986791611
bugMask: 3
cursorOffsetY: 0.30000001192092896
homeArea:
- name: CentralHyrule
- name: WestHateru
- name: LanayruSea
instSizeCafe: 49236
instSizeNx: -1
sortKey: 11110
traverseDist: 80.0
