aabbMax:
  X: 0.10162399709224701
  Y: 0.02572599984705448
  Z: 1.1103500127792358
aabbMin:
  X: -0.1011350005865097
  Y: -0.030334999784827232
  Z: 0.13208000361919403
boundingForTraverse: 0.056060999631881714
bugMask: 1
cursorOffsetY: 0.5
instSizeCafe: 28248
instSizeNx: 88472
sortKey: 2
