Chemical:
  Capaciter: 1
aabbMax:
  X: 0.23281699419021606
  Y: 0.03887699916958809
  Z: 1.5141500234603882
aabbMin:
  X: -0.23281699419021606
  Y: -0.03887699916958809
  Z: -0.5189459919929504
boundingForTraverse: 0.07775499671697617
bugMask: 3
cursorOffsetY: 0.30000001192092896
homeArea:
- name: CentralHyrule
- name: WestHateru
- name: GerudoDesert
instSizeCafe: 48768
instSizeNx: 119920
sortKey: 12110
traverseDist: 80.0
