Chemical:
  Burnable: 1
aabbMax:
  X: 0.19431699812412262
  Y: 0.0668950006365776
  Z: 0.6532760262489319
aabbMin:
  X: -0.09746900200843811
  Y: -0.06756599992513657
  Z: -0.6635280251502991
boundingForTraverse: 0.13446000218391418
bugMask: 3
cursorOffsetY: 0.30000001192092896
homeArea:
- name: LanayruWaterSources
- name: LanayruWetlands
- name: HyliaLake
instSizeCafe: 49012
instSizeNx: -1
sortKey: 14530
traverseDist: 80.0
