aabbMax:
  X: 0.05219399929046631
  Y: 0.03915699943900108
  Z: 0.013890000060200691
aabbMin:
  X: -0.04825099930167198
  Y: -0.029552999883890152
  Z: -0.05570000037550926
boundingForTraverse: 0.06870900094509125
bugMask: 1
cursorOffsetY: 0.5
instSizeCafe: 25976
instSizeNx: -1
sortKey: 2
