Chemical:
  Burnable: 1
aabbMax:
  X: 0.4316990077495575
  Y: 0.07111299782991409
  Z: 0.2952969968318939
aabbMin:
  X: -0.15889500081539154
  Y: -0.10775599628686905
  Z: -0.2952969968318939
boundingForTraverse: 0.17886899411678314
bugMask: 3
cursorOffsetY: 0.30000001192092896
homeArea:
- name: EastHateru
- name: HeburaMountains
- name: CentralHyrule
instSizeCafe: 41708
instSizeNx: -1
rigidBodyCenterY: -0.058017000555992126
sortKey: 15111
traverseDist: 80.0
