Chemical:
  Capaciter: 1
aabbMax:
  X: 0.19557200372219086
  Y: 0.04920300096273422
  Z: 1.536270022392273
aabbMin:
  X: -0.2069700062274933
  Y: -0.04920300096273422
  Z: -0.5291150212287903
boundingForTraverse: 0.09840600192546844
bugMask: 3
cursorOffsetY: 0.30000001192092896
homeArea:
- name: GerudoDesert
- name: TabantaFrontier
- name: EldinCanyon
instSizeCafe: 48704
instSizeNx: 119920
sortKey: 12112
traverseDist: 80.0
