Chemical:
  Capaciter: 1
aabbMax:
  X: 0.2581709921360016
  Y: 0.062445998191833496
  Z: 1.601989984512329
aabbMin:
  X: -0.2581709921360016
  Y: -0.062445998191833496
  Z: -0.5563200116157532
boundingForTraverse: 0.12489199638366699
bugMask: 3
cursorOffsetY: 0.30000001192092896
homeArea:
- name: CentralHyrule
- name: ''
- name: ''
instSizeCafe: -1
instSizeNx: 119888
sortKey: 12200
traverseDist: 80.0
