Chemical:
  Capaciter: 1
aabbMax:
  X: 0.08923300355672836
  Y: 0.36474600434303284
  Z: 2.328130006790161
aabbMin:
  X: -0.08917199820280075
  Y: -0.2634280025959015
  Z: -0.4375
boundingForTraverse: 0.6281740069389343
bugMask: 3
cursorOffsetY: 0.30000001192092896
homeArea:
- name: GerudoHighlands
- name: WestHateru
- name: ''
instSizeCafe: 49584
instSizeNx: -1
sortKey: 13550
traverseDist: 80.0
