Chemical:
  Capaciter: 1
aabbMax:
  X: 0.34470000863075256
  Y: 0.014639000408351421
  Z: 0.24378100037574768
aabbMin:
  X: -0.08946999907493591
  Y: -0.12512800097465515
  Z: -0.34418800473213196
boundingForTraverse: 0.13976700603961945
bugMask: 3
cursorOffsetY: 0.30000001192092896
instSizeCafe: 42224
instSizeNx: 111056
rigidBodyCenterY: -0.06550099700689316
sortKey: 15226
traverseDist: 80.0
