Chemical:
  Capaciter: 1
aabbMax:
  X: 0.03831100091338158
  Y: 0.3339639902114868
  Z: 2.25039005279541
aabbMin:
  X: -0.03831100091338158
  Y: -0.2562269866466522
  Z: -0.44405099749565125
boundingForTraverse: 0.5901910066604614
bugMask: 3
cursorOffsetY: 0.30000001192092896
homeArea:
- name: TamulPlateau
- name: LanayruWaterSources
- name: CentralHyrule
instSizeCafe: 46848
instSizeNx: 117520
sortKey: 13131
traverseDist: 80.0
