Chemical:
  Burnable: 1
aabbMax:
  X: 0.2860960066318512
  Y: 0.03997800126671791
  Z: 0.8973900079727173
aabbMin:
  X: -0.499752014875412
  Y: -0.04013099893927574
  Z: -0.8954370021820068
boundingForTraverse: 0.08010900020599365
bugMask: 3
cursorOffsetY: 0.30000001192092896
homeArea:
- name: TabantaFrontier
- name: HeburaMountains
- name: ''
instSizeCafe: 49504
instSizeNx: -1
sortKey: 14151
traverseDist: 80.0
