Chemical:
  Capaciter: 1
aabbMax:
  X: 0.04363999888300896
  Y: 0.06366000324487686
  Z: 2.351560115814209
aabbMin:
  X: -0.04580700024962425
  Y: -0.1341550052165985
  Z: -0.35742199420928955
boundingForTraverse: 0.19781500101089478
bugMask: 3
cursorOffsetY: 0.30000001192092896
homeArea:
- name: EastHateru
- name: HyliaLake
- name: HyruleHill
instSizeCafe: -1
instSizeNx: 124456
sortKey: 13032
traverseDist: 80.0
