aabbMax:
  X: 0.44115298986434937
  Y: 0.04907400161027908
  Z: 0.9627900123596191
aabbMin:
  X: -0.16082599759101868
  Y: -0.04907400161027908
  Z: 0.1321360021829605
boundingForTraverse: 0.09814900159835815
bugMask: 1
cursorOffsetY: 0.5
instSizeCafe: -1
instSizeNx: 86880
sortKey: 2
