aabbMax:
  X: 0.12393400073051453
  Y: 0.06783399730920792
  Z: 0.2084590047597885
aabbMin:
  X: -0.07917100191116333
  Y: -0.05685099959373474
  Z: 0.09838300198316574
boundingForTraverse: 0.12468499690294266
bugMask: 1
cursorOffsetY: 0.5
instSizeCafe: -1
instSizeNx: 86880
sortKey: 2
