Chemical:
  Burnable: 1
aabbMax:
  X: 0.05157100036740303
  Y: 0.1528560072183609
  Z: 2.296950101852417
aabbMin:
  X: -0.07865100353956223
  Y: -0.0999080017209053
  Z: -0.39031898975372314
boundingForTraverse: 0.2527639865875244
bugMask: 3
cursorOffsetY: 0.30000001192092896
homeArea:
- name: WestHateru
- name: CentralHyrule
- name: EastHateru
instSizeCafe: 46912
instSizeNx: -1
sortKey: 13510
traverseDist: 80.0
