Chemical:
  Capaciter: 1
aabbMax:
  X: 0.2917479872703552
  Y: 0.033661000430583954
  Z: 0.75
aabbMin:
  X: -0.17785599827766418
  Y: -0.033661000430583954
  Z: -0.5322269797325134
boundingForTraverse: 0.06732200086116791
bugMask: 3
cursorOffsetY: 0.30000001192092896
homeArea:
- name: GerudoHighlands
- name: GerudoDesert
- name: ''
instSizeCafe: -1
instSizeNx: 126232
sortKey: 11590
traverseDist: 80.0
