Chemical:
  Burnable: 1
aabbMax:
  X: 0.44124698638916016
  Y: 0.07239499688148499
  Z: 0.30484500527381897
aabbMin:
  X: -0.16844399273395538
  Y: -0.1733739972114563
  Z: -0.30484500527381897
boundingForTraverse: 0.24576899409294128
bugMask: 3
cursorOffsetY: 0.30000001192092896
homeArea:
- name: CentralHyrule
- name: WestHateru
- name: LanayruSea
instSizeCafe: 41716
instSizeNx: -1
rigidBodyCenterY: -0.08429499715566635
sortKey: 15114
traverseDist: 80.0
