Chemical:
  Capaciter: 1
aabbMax:
  X: 0.20003999769687653
  Y: 0.044130001217126846
  Z: 1.1081700325012207
aabbMin:
  X: -0.32775500416755676
  Y: -0.04422200098633766
  Z: -0.5087170004844666
boundingForTraverse: 0.08835200220346451
bugMask: 3
cursorOffsetY: 0.30000001192092896
homeArea:
- name: WestHateru
- name: CentralHyrule
- name: TabantaFrontier
instSizeCafe: 48768
instSizeNx: 119920
sortKey: 12040
traverseDist: 80.0
