aabbMax:
  X: 0.14858900010585785
  Y: 0.047467999160289764
  Z: 0.7281780242919922
aabbMin:
  X: -0.14858900010585785
  Y: -0.04044799879193306
  Z: 0.1811079978942871
boundingForTraverse: 0.08791600167751312
bugMask: 1
instSizeCafe: 25728
instSizeNx: -1
sortKey: 2
