Chemical:
  Capaciter: 1
aabbMax:
  X: 0.2946780025959015
  Y: 0.24584999680519104
  Z: 1.405269980430603
aabbMin:
  X: -0.37915000319480896
  Y: -0.3112789988517761
  Z: -0.5561519861221313
boundingForTraverse: 0.5571290254592896
bugMask: 3
cursorOffsetY: 0.30000001192092896
homeArea:
- name: GerudoHighlands
- name: TabantaFrontier
- name: ''
instSizeCafe: -1
instSizeNx: 125632
rigidBodyCenterY: -0.03339400142431259
sortKey: 12550
traverseDist: 80.0
