Chemical:
  Capaciter: 1
aabbMax:
  X: 0.3928619921207428
  Y: 0.10747899860143661
  Z: 1.5016800165176392
aabbMin:
  X: -0.3928619921207428
  Y: -0.10747899860143661
  Z: -0.581915020942688
boundingForTraverse: 0.21495799720287323
bugMask: 3
cursorOffsetY: 0.30000001192092896
homeArea:
- name: EldinCanyon
- name: ''
- name: ''
instSizeCafe: 48816
instSizeNx: 120000
sortKey: 12142
traverseDist: 80.0
