Chemical:
  Capaciter: 1
aabbMax:
  X: 0.14310699701309204
  Y: 0.030431000515818596
  Z: 1.0477399826049805
aabbMin:
  X: -0.14310699701309204
  Y: -0.030431000515818596
  Z: -0.2221509963274002
boundingForTraverse: 0.06086299940943718
bugMask: 3
cursorOffsetY: 0.30000001192092896
homeArea:
- name: CentralHyrule
- name: WestHateru
- name: LanayruWaterSources
instSizeCafe: 65036
instSizeNx: -1
sortKey: 11212
traverseDist: 80.0
