aabbMax:
  X: 0.06254000216722488
  Y: 0.06329900026321411
  Z: 0.2982870042324066
aabbMin:
  X: -0.07927499711513519
  Y: -0.0736050009727478
  Z: 0.0988830029964447
boundingForTraverse: 0.13690300285816193
bugMask: 1
instSizeCafe: 25912
instSizeNx: -1
sortKey: 0
