Chemical:
  Capaciter: 1
aabbMax:
  X: 0.18246400356292725
  Y: 0.05247600004076958
  Z: 1.5480300188064575
aabbMin:
  X: -0.18246400356292725
  Y: -0.05247600004076958
  Z: -0.5242990255355835
boundingForTraverse: 0.10495200008153915
bugMask: 3
cursorOffsetY: 0.30000001192092896
homeArea:
- name: CentralHyrule
- name: TabantaFrontier
- name: EastHateru
instSizeCafe: 64812
instSizeNx: -1
sortKey: 12212
traverseDist: 80.0
