Chemical:
  Capaciter: 1
aabbMax:
  X: 0.1887030005455017
  Y: 0.07635500282049179
  Z: 0.8441709876060486
aabbMin:
  X: -0.15722699463367462
  Y: -0.07635500282049179
  Z: -0.8441709876060486
boundingForTraverse: 0.15271000564098358
bugMask: 3
cursorOffsetY: 0.30000001192092896
instSizeCafe: 49508
instSizeNx: -1
sortKey: 14200
traverseDist: 80.0
