aabbMax:
  X: 0.19064900279045105
  Y: 0.05166599899530411
  Z: 0.7895050048828125
aabbMin:
  X: -0.4855960011482239
  Y: -0.05212400108575821
  Z: -0.7895050048828125
boundingForTraverse: 0.10379000008106232
bugMask: 3
cursorOffsetY: 0.30000001192092896
instSizeCafe: 63616
instSizeNx: -1
sortKey: 14180
traverseDist: 80.0
