Chemical:
  Capaciter: 1
aabbMax:
  X: 0.2815850079059601
  Y: 0.031199000775814056
  Z: 1.458109974861145
aabbMin:
  X: -0.2815850079059601
  Y: -0.031199000775814056
  Z: -0.5201650261878967
boundingForTraverse: 0.06239699944853783
bugMask: 3
cursorOffsetY: 0.30000001192092896
homeArea:
- name: CentralHyrule
- name: FironeGrassland
- name: EastHateru
instSizeCafe: -1
instSizeNx: 119888
sortKey: 12111
traverseDist: 80.0
