aabbMax:
  X: 0.19067400693893433
  Y: 0.05166599899530411
  Z: 0.7895510196685791
aabbMin:
  X: -0.4855960011482239
  Y: -0.05212400108575821
  Z: -0.7895510196685791
boundingForTraverse: 0.10379000008106232
bugMask: 3
cursorOffsetY: 0.30000001192092896
instSizeCafe: 63248
instSizeNx: 143512
sortKey: 14180
traverseDist: 80.0
