aabbMax:
  X: 0.14153799414634705
  Y: 0.0852380022406578
  Z: 0.8309749960899353
aabbMin:
  X: -0.14153799414634705
  Y: -0.0852380022406578
  Z: -0.25628700852394104
boundingForTraverse: 0.1704770028591156
bugMask: 3
cursorOffsetY: 0.30000001192092896
homeArea:
- name: GerudoHighlands
- name: EldinCanyon
- name: CentralHyrule
instSizeCafe: 53828
instSizeNx: -1
sortKey: 11570
traverseDist: 80.0
