Chemical:
  Capaciter: 1
aabbMax:
  X: 0.1650950014591217
  Y: 0.03971099853515625
  Z: 0.6774460077285767
aabbMin:
  X: -0.07499200105667114
  Y: -0.03283099830150604
  Z: -0.1722390055656433
boundingForTraverse: 0.07254199683666229
bugMask: 3
cursorOffsetY: 0.30000001192092896
homeArea:
- name: GerudoHighlands
- name: GerudoDesert
- name: ''
instSizeCafe: 48992
instSizeNx: -1
sortKey: 11160
traverseDist: 80.0
