aabbMax:
  X: 0.03305400162935257
  Y: 0.045097000896930695
  Z: 1.6377400159835815
aabbMin:
  X: -0.03305400162935257
  Y: -0.13557100296020508
  Z: -0.6528599858283997
boundingForTraverse: 0.18066799640655518
bugMask: 3
cursorOffsetY: 0.30000001192092896
homeArea:
- name: CentralHyrule
- name: HeburaMountains
- name: EldinCanyon
instSizeCafe: -1
instSizeNx: 177520
rigidBodyCenterY: -0.05000000074505806
sortKey: 13540
traverseDist: 80.0
