Chemical:
  Capaciter: 1
aabbMax:
  X: 0.2911899983882904
  Y: 0.04704299941658974
  Z: 1.5955899953842163
aabbMin:
  X: -0.2911899983882904
  Y: -0.04704299941658974
  Z: -0.5488079786300659
boundingForTraverse: 0.09408599883317947
bugMask: 3
cursorOffsetY: 0.30000001192092896
homeArea:
- name: HeburaMountains
- name: CentralHyrule
- name: EldinCanyon
instSizeCafe: -1
instSizeNx: 150672
sortKey: 12211
traverseDist: 80.0
