Chemical:
  Capaciter: 1
aabbMax:
  X: 0.34272098541259766
  Y: 0.05279399827122688
  Z: 1.3475300073623657
aabbMin:
  X: -0.34272098541259766
  Y: -0.05279399827122688
  Z: -0.5652440190315247
boundingForTraverse: 0.10558799654245377
bugMask: 3
cursorOffsetY: 0.30000001192092896
homeArea:
- name: WestHateru
- name: GerudoHighlands
- name: EldinCanyon
instSizeCafe: 48736
instSizeNx: -1
sortKey: 12041
traverseDist: 80.0
