Chemical:
  Capaciter: 1
aabbMax:
  X: 0.42872700095176697
  Y: 0.06597000360488892
  Z: 0.2918829917907715
aabbMin:
  X: -0.1550379991531372
  Y: -0.17335300147533417
  Z: -0.4069969952106476
boundingForTraverse: 0.23932300508022308
bugMask: 3
cursorOffsetY: 0.30000001192092896
homeArea:
- name: GerudoHighlands
- name: GerudoDesert
- name: ''
instSizeCafe: -1
instSizeNx: 111056
rigidBodyCenterY: -0.07888200134038925
sortKey: 15161
traverseDist: 80.0
