Chemical:
  Capaciter: 1
aabbMax:
  X: 0.26021501421928406
  Y: 0.06561300158500671
  Z: 0.837831974029541
aabbMin:
  X: -0.4423829913139343
  Y: -0.06567399948835373
  Z: -0.8383200168609619
boundingForTraverse: 0.13128699362277985
bugMask: 3
cursorOffsetY: 0.30000001192092896
homeArea:
- name: CentralHyrule
- name: TamulOutback
- name: GerudoHighlands
instSizeCafe: 49384
instSizeNx: -1
sortKey: 14551
traverseDist: 80.0
