Chemical:
  Burnable: 1
aabbMax:
  X: 0.25
  Y: 0.028519000858068466
  Z: 0.8002930283546448
aabbMin:
  X: -0.2196049988269806
  Y: -0.02999899908900261
  Z: -0.8032230138778687
boundingForTraverse: 0.058517999947071075
bugMask: 3
cursorOffsetY: 0.30000001192092896
homeArea:
- name: TabantaFrontier
- name: HeburaMountains
- name: ''
instSizeCafe: -1
instSizeNx: 121240
sortKey: 14150
traverseDist: 80.0
