Chemical:
  Capaciter: 1
aabbMax:
  X: 0.24462899565696716
  Y: 0.06487999856472015
  Z: 0.7670900225639343
aabbMin:
  X: -0.3632810115814209
  Y: -0.06487999856472015
  Z: -0.7666019797325134
boundingForTraverse: 0.1297609955072403
bugMask: 3
cursorOffsetY: 0.30000001192092896
homeArea:
- name: GerudoHighlands
- name: LanayruWaterSources
- name: CentralHyrule
instSizeCafe: 49268
instSizeNx: 121400
sortKey: 14550
traverseDist: 80.0
