Chemical:
  Capaciter: 1
aabbMax:
  X: 0.0675090029835701
  Y: 0.2140520066022873
  Z: 2.2928600311279297
aabbMin:
  X: -0.05438699945807457
  Y: -0.2140520066022873
  Z: -0.41957199573516846
boundingForTraverse: 0.4281040132045746
bugMask: 3
cursorOffsetY: 0.30000001192092896
homeArea:
- name: GerudoHighlands
- name: GerudoDesert
- name: ''
instSizeCafe: 46912
instSizeNx: -1
sortKey: 13160
traverseDist: 80.0
