Chemical:
  Capaciter: 1
aabbMax:
  X: 0.46411100029945374
  Y: 0.36743199825286865
  Z: 1.5791000127792358
aabbMin:
  X: -0.49414101243019104
  Y: -0.421875
  Z: -0.7368159890174866
boundingForTraverse: 0.7893069982528687
bugMask: 3
cursorOffsetY: 0.30000001192092896
homeArea:
- name: HeburaMountains
- name: EldinMountains
- name: ''
instSizeCafe: 51344
instSizeNx: -1
rigidBodyCenterY: -0.026396000757813454
sortKey: 12552
traverseDist: 80.0
