aabbMax:
  X: 0.25029098987579346
  Y: 0.13233999907970428
  Z: 0.49266600608825684
aabbMin:
  X: -0.2336750030517578
  Y: -0.13464899361133575
  Z: 0.04990300163626671
boundingForTraverse: 0.26698899269104004
bugMask: 1
cursorOffsetY: 0.5
instSizeCafe: 25728
instSizeNx: 86880
sortKey: 2
