Chemical:
  Capaciter: 1
aabbMax:
  X: 0.4868699908256531
  Y: 0.03532100096344948
  Z: 0.3131310045719147
aabbMin:
  X: -0.20003800094127655
  Y: -0.22891999781131744
  Z: -0.3111700117588043
boundingForTraverse: 0.2642410099506378
bugMask: 3
cursorOffsetY: 0.30000001192092896
homeArea:
- name: HyliaLake
- name: EastHateru
- name: LanayruWetlands
instSizeCafe: 41840
instSizeNx: 111056
rigidBodyCenterY: -0.10349699854850769
sortKey: 15530
traverseDist: 80.0
