aabbMax:
  X: 0.09659499675035477
  Y: 0.08063399791717529
  Z: 0.2193329930305481
aabbMin:
  X: -0.08508999645709991
  Y: -0.08447200059890747
  Z: 0.12862500548362732
boundingForTraverse: 0.16510500013828278
bugMask: 1
cursorOffsetY: 0.5
instSizeCafe: -1
instSizeNx: 86880
sortKey: 2
