Chemical:
  Burnable: 1
aabbMax:
  X: 0.511231005191803
  Y: 0.05029299855232239
  Z: 0.7441409826278687
aabbMin:
  X: -0.23364299535751343
  Y: -0.05029299855232239
  Z: -0.8852540254592896
boundingForTraverse: 0.10058599710464478
bugMask: 3
cursorOffsetY: 0.30000001192092896
homeArea:
- name: GerudoHighlands
- name: ''
- name: ''
instSizeCafe: -1
instSizeNx: 124680
sortKey: 14590
traverseDist: 80.0
