Chemical:
  Burnable: 1
aabbMax:
  X: 0.24792499840259552
  Y: 0.047669000923633575
  Z: 0.8857420086860657
aabbMin:
  X: -0.5439450144767761
  Y: -0.044036999344825745
  Z: -0.8857420086860657
boundingForTraverse: 0.09170500189065933
bugMask: 3
cursorOffsetY: 0.30000001192092896
homeArea:
- name: TabantaFrontier
- name: ''
- name: ''
instSizeCafe: -1
instSizeNx: 124976
sortKey: 14152
traverseDist: 80.0
