Chemical:
  Capaciter: 1
aabbMax:
  X: 0.037964001297950745
  Y: 0.23840300738811493
  Z: 2.004420042037964
aabbMin:
  X: -0.037964001297950745
  Y: -0.23840300738811493
  Z: -0.3635050058364868
boundingForTraverse: 0.47680601477622986
bugMask: 3
cursorOffsetY: 0.30000001192092896
instSizeCafe: 48544
instSizeNx: 118704
sortKey: -3
traverseDist: 80.0
