Chemical:
  Capaciter: 1
aabbMax:
  X: 0.028780000284314156
  Y: 0.19164299964904785
  Z: 2.3139801025390625
aabbMin:
  X: -0.028780000284314156
  Y: -0.18437699973583221
  Z: -0.37700700759887695
boundingForTraverse: 0.37602001428604126
bugMask: 3
cursorOffsetY: 0.30000001192092896
homeArea:
- name: EastHateru
- name: CentralHyrule
- name: WestHateru
instSizeCafe: 57680
instSizeNx: 142128
sortKey: 13170
traverseDist: 80.0
