aabbMax:
  X: 0.09000000357627869
  Y: 0.04575200006365776
  Z: 0.21920600533485413
aabbMin:
  X: -0.09000000357627869
  Y: -0.03448500111699104
  Z: 0.15598799288272858
boundingForTraverse: 0.0802370011806488
bugMask: 1
instSizeCafe: 25724
instSizeNx: -1
sortKey: 2
