Chemical:
  Burnable: 1
aabbMax:
  X: 0.26924100518226624
  Y: 0.19914600253105164
  Z: 1.4444199800491333
aabbMin:
  X: -0.2549760043621063
  Y: -0.2484010010957718
  Z: -0.4776670038700104
boundingForTraverse: 0.44754698872566223
bugMask: 3
cursorOffsetY: 0.30000001192092896
homeArea:
- name: CentralHyrule
- name: WestHateru
- name: LanayruSea
instSizeCafe: 48800
instSizeNx: -1
sortKey: 12510
traverseDist: 80.0
