Chemical:
  Burnable: 1
aabbMax:
  X: 0.41134700179100037
  Y: 0.07137700170278549
  Z: 0.2920539975166321
aabbMin:
  X: -0.1361519992351532
  Y: -0.12585599720478058
  Z: -0.27612999081611633
boundingForTraverse: 0.19723300635814667
bugMask: 3
cursorOffsetY: 0.30000001192092896
homeArea:
- name: CentralHyrule
- name: EastHateru
- name: TabantaFrontier
instSizeCafe: -1
instSizeNx: 110832
rigidBodyCenterY: -0.05718600004911423
sortKey: 15030
traverseDist: 80.0
