Chemical:
  Capaciter: 1
aabbMax:
  X: 0.3537600040435791
  Y: 0.10083000361919403
  Z: 0.8676760196685791
aabbMin:
  X: -0.3537600040435791
  Y: -0.05084199830889702
  Z: -0.5029299855232239
boundingForTraverse: 0.15167200565338135
bugMask: 3
cursorOffsetY: 0.30000001192092896
instSizeCafe: 76848
instSizeNx: 161832
sortKey: 11592
traverseDist: 80.0
