Chemical:
  Burnable: 1
  Capaciter: 1
aabbMax:
  X: 0.0594789981842041
  Y: 0.18566900491714478
  Z: 2.2792999744415283
aabbMin:
  X: -0.13464400172233582
  Y: -0.2687990069389343
  Z: -0.43115198612213135
boundingForTraverse: 0.4544680118560791
bugMask: 3
cursorOffsetY: 0.30000001192092896
homeArea:
- name: CentralHyrule
- name: HeburaMountains
- name: TamulPlateau
instSizeCafe: -1
instSizeNx: 151368
sortKey: 13210
traverseDist: 80.0
