aabbMax:
  X: 0.6709669828414917
  Y: 0.03610499948263168
  Z: 0.4510990083217621
aabbMin:
  X: -0.39987900853157043
  Y: -0.1578419953584671
  Z: -0.6727589964866638
boundingForTraverse: 0.19394700229167938
bugMask: 3
cursorOffsetY: 0.30000001192092896
homeArea:
- name: EastHateru
- name: FironeGrassland
- name: HyruleHill
instSizeCafe: 61924
instSizeNx: -1
rigidBodyCenterY: -0.08996099978685379
sortKey: 15541
traverseDist: 80.0
