Chemical:
  Capaciter: 1
aabbMax:
  X: 0.1873600035905838
  Y: 0.06481900066137314
  Z: 0.8012070059776306
aabbMin:
  X: -0.12915000319480896
  Y: -0.06481900066137314
  Z: -0.8012070059776306
boundingForTraverse: 0.12963899970054626
bugMask: 3
cursorOffsetY: 0.30000001192092896
homeArea:
- name: GerudoDesert
- name: TabantaFrontier
- name: HeburaMountains
instSizeCafe: 48992
instSizeNx: -1
sortKey: 14112
traverseDist: 80.0
