Chemical:
  Capaciter: 1
aabbMax:
  X: 0.22721700370311737
  Y: 0.03887699916958809
  Z: 1.5050599575042725
aabbMin:
  X: -0.21049900352954865
  Y: -0.03887699916958809
  Z: -0.5189449787139893
boundingForTraverse: 0.07775499671697617
bugMask: 3
cursorOffsetY: 0.30000001192092896
homeArea:
- name: CentralHyrule
- name: EldinCanyon
- name: TabantaFrontier
instSizeCafe: 48752
instSizeNx: -1
sortKey: 12190
traverseDist: 80.0
