aabbMax:
  X: 0.19799800217151642
  Y: 0.09582500159740448
  Z: 0.7456049919128418
aabbMin:
  X: -0.19763199985027313
  Y: -0.10565199702978134
  Z: 0.11578399688005447
boundingForTraverse: 0.20147700607776642
bugMask: 1
cursorOffsetY: 0.5
instSizeCafe: 29080
instSizeNx: 88856
sortKey: 2
