Chemical:
  Capaciter: 1
aabbMax:
  X: 0.20113599300384521
  Y: 0.034324001520872116
  Z: 0.6748300194740295
aabbMin:
  X: -0.18921799957752228
  Y: -0.03432299941778183
  Z: -0.1730329990386963
boundingForTraverse: 0.06864699721336365
bugMask: 3
cursorOffsetY: 0.30000001192092896
homeArea:
- name: HyliaLake
- name: LanayruWetlands
- name: EastHateru
instSizeCafe: 46912
instSizeNx: -1
sortKey: 11530
traverseDist: 80.0
