Chemical:
  Burnable: 1
aabbMax:
  X: 0.3471679985523224
  Y: 0.04501299932599068
  Z: 1.4453099966049194
aabbMin:
  X: -0.3471679985523224
  Y: -0.041016001254320145
  Z: -0.47680699825286865
boundingForTraverse: 0.08602900058031082
bugMask: 3
cursorOffsetY: 0.30000001192092896
homeArea:
- name: CentralHyrule
- name: WestHateru
- name: LanayruWaterSources
instSizeCafe: -1
instSizeNx: 122208
sortKey: 12010
traverseDist: 80.0
