Chemical:
  Capaciter: 1
aabbMax:
  X: 0.14147399365901947
  Y: 0.025474999099969864
  Z: 1.0511900186538696
aabbMin:
  X: -0.14147399365901947
  Y: -0.025474999099969864
  Z: -0.21291400492191315
boundingForTraverse: 0.05094899982213974
bugMask: 3
cursorOffsetY: 0.30000001192092896
instSizeCafe: -1
instSizeNx: 119632
sortKey: 11200
traverseDist: 80.0
