Chemical:
  Capaciter: 1
aabbMax:
  X: 0.16776500642299652
  Y: 0.16785599291324615
  Z: 2.377650022506714
aabbMin:
  X: -0.16776500642299652
  Y: -0.1676740050315857
  Z: -0.4490329921245575
boundingForTraverse: 0.33553001284599304
bugMask: 3
cursorOffsetY: 0.30000001192092896
homeArea:
- name: WestHateru
- name: CentralHyrule
- name: LanayruWaterSources
instSizeCafe: 46928
instSizeNx: -1
sortKey: 13052
traverseDist: 80.0
