aabbMax:
  X: 0.1211559996008873
  Y: 0.04013099893927574
  Z: 0.9688370227813721
aabbMin:
  X: -0.21196100115776062
  Y: -0.04013099893927574
  Z: -0.2184789925813675
boundingForTraverse: 0.0802609995007515
bugMask: 3
cursorOffsetY: 0.30000001192092896
instSizeCafe: 65648
instSizeNx: -1
sortKey: 11180
traverseDist: 80.0
