Chemical:
  Capaciter: 1
aabbMax:
  X: 0.055792998522520065
  Y: 0.11605300009250641
  Z: 2.2945899963378906
aabbMin:
  X: -0.055792998522520065
  Y: -0.20860899984836578
  Z: -0.4227690100669861
boundingForTraverse: 0.3246619999408722
bugMask: 3
cursorOffsetY: 0.30000001192092896
homeArea:
- name: LanayruWetlands
- name: EastHateru
- name: HyliaLake
instSizeCafe: 46928
instSizeNx: 117520
sortKey: 13530
traverseDist: 80.0
