Chemical:
  Capaciter: 1
aabbMax:
  X: 0.24587799608707428
  Y: 0.06626299768686295
  Z: 1.568560004234314
aabbMin:
  X: -0.24587799608707428
  Y: -0.06626299768686295
  Z: -0.5558590292930603
boundingForTraverse: 0.1325259953737259
bugMask: 3
cursorOffsetY: 0.30000001192092896
instSizeCafe: -1
instSizeNx: 119920
sortKey: 12224
traverseDist: 80.0
