aabbMax:
  X: 0.21094100177288055
  Y: 0.06040799990296364
  Z: 1.5418399572372437
aabbMin:
  X: -0.08639399707317352
  Y: -0.03131899982690811
  Z: 0.09094899892807007
boundingForTraverse: 0.09172599762678146
bugMask: 1
cursorOffsetY: 0.5
instSizeCafe: 36708
instSizeNx: -1
sortKey: -1
