aabbMax:
  X: 0.2719539999961853
  Y: 0.03305400162935257
  Z: 1.447700023651123
aabbMin:
  X: -0.46154099702835083
  Y: -0.03305400162935257
  Z: -0.6528599858283997
boundingForTraverse: 0.06610900163650513
bugMask: 3
cursorOffsetY: 0.30000001192092896
homeArea:
- name: HeburaMountains
- name: GerudoHighlands
- name: CentralHyrule
instSizeCafe: 81904
instSizeNx: -1
sortKey: 12542
traverseDist: 80.0
