Chemical:
  Burnable: 1
aabbMax:
  X: 0.25029200315475464
  Y: 0.2516300082206726
  Z: 1.5118499994277954
aabbMin:
  X: -0.2633270025253296
  Y: -0.19813400506973267
  Z: -0.4583339989185333
boundingForTraverse: 0.4497640132904053
bugMask: 3
cursorOffsetY: 0.30000001192092896
homeArea:
- name: FironeGrassland
- name: EastHateru
- name: CentralHyrule
instSizeCafe: -1
instSizeNx: 120064
sortKey: 12511
traverseDist: 80.0
