Chemical:
  Burnable: 1
aabbMax:
  X: 0.40916499495506287
  Y: 0.08373799920082092
  Z: 0.4167479872703552
aabbMin:
  X: -0.17650699615478516
  Y: -0.1697929948568344
  Z: -0.6318359971046448
boundingForTraverse: 0.25353100895881653
bugMask: 3
cursorOffsetY: 0.30000001192092896
homeArea:
- name: HeburaMountains
- name: TabantaFrontier
- name: ''
instSizeCafe: 48556
instSizeNx: -1
rigidBodyCenterY: -0.07590600103139877
sortKey: 15150
traverseDist: 80.0
