aabbMax:
  X: 0.03305400162935257
  Y: 0.1830340027809143
  Z: 1.6552900075912476
aabbMin:
  X: -0.03305400162935257
  Y: -0.23582600057125092
  Z: -0.6528599858283997
boundingForTraverse: 0.41885998845100403
bugMask: 3
cursorOffsetY: 0.30000001192092896
homeArea:
- name: HeburaMountains
- name: TamulPlateau
- name: GerudoHighlands
instSizeCafe: 79936
instSizeNx: -1
rigidBodyCenterY: -0.05000000074505806
sortKey: 13542
traverseDist: 80.0
