Chemical:
  Capaciter: 1
aabbMax:
  X: 0.24459199607372284
  Y: 0.06487999856472015
  Z: 0.7670390009880066
aabbMin:
  X: -0.3632810115814209
  Y: -0.06487999856472015
  Z: -0.7665510177612305
boundingForTraverse: 0.1297609955072403
bugMask: 3
cursorOffsetY: 0.30000001192092896
homeArea:
- name: GerudoHighlands
- name: LanayruWaterSources
- name: CentralHyrule
instSizeCafe: 49256
instSizeNx: -1
sortKey: 14550
traverseDist: 80.0
