Chemical:
  Burnable: 1
aabbMax:
  X: 0.13390600681304932
  Y: 0.03519299998879433
  Z: 1.0130499601364136
aabbMin:
  X: -0.13390600681304932
  Y: -0.03504600003361702
  Z: -0.225490003824234
boundingForTraverse: 0.07023999840021133
bugMask: 3
cursorOffsetY: 0.30000001192092896
homeArea:
- name: HyruleForest
- name: CentralHyrule
- name: EldinCanyon
instSizeCafe: -1
instSizeNx: 119488
sortKey: 11120
traverseDist: 80.0
