aabbMax:
  X: 0.16168799996376038
  Y: 0.09319400042295456
  Z: 0.9218069911003113
aabbMin:
  X: -0.08001100271940231
  Y: -0.03478899970650673
  Z: -0.07714399695396423
boundingForTraverse: 0.1279830038547516
bugMask: 1
cursorOffsetY: 0.5
instSizeCafe: 28772
instSizeNx: -1
sortKey: -1
traverseDist: 80.0
