Chemical:
  Burnable: 1
aabbMax:
  X: 0.24789300560951233
  Y: 0.04766799882054329
  Z: 0.8856729865074158
aabbMin:
  X: -0.543936014175415
  Y: -0.044036999344825745
  Z: -0.8856729865074158
boundingForTraverse: 0.09170500189065933
bugMask: 3
cursorOffsetY: 0.30000001192092896
homeArea:
- name: TabantaFrontier
- name: ''
- name: ''
instSizeCafe: 53680
instSizeNx: -1
sortKey: 14152
traverseDist: 80.0
