Chemical:
  Burnable: 1
aabbMax:
  X: 0.2861329913139343
  Y: 0.03997800126671791
  Z: 0.8974609971046448
aabbMin:
  X: -0.49975600838661194
  Y: -0.04013099893927574
  Z: -0.8955079913139343
boundingForTraverse: 0.08010900020599365
bugMask: 3
cursorOffsetY: 0.30000001192092896
homeArea:
- name: TabantaFrontier
- name: HeburaMountains
- name: ''
instSizeCafe: -1
instSizeNx: 121208
sortKey: 14151
traverseDist: 80.0
