Chemical:
  Capaciter: 1
aabbMax:
  X: 0.4935170114040375
  Y: 0.06633300334215164
  Z: 0.31177300214767456
aabbMin:
  X: -0.2719539999961853
  Y: -0.1292089968919754
  Z: -0.42194700241088867
boundingForTraverse: 0.19554199278354645
bugMask: 3
cursorOffsetY: 0.30000001192092896
homeArea:
- name: LanayruWaterSources
- name: HyliaLake
- name: TamulPlateau
instSizeCafe: 41764
instSizeNx: -1
rigidBodyCenterY: -0.050002001225948334
sortKey: 15130
traverseDist: 80.0
