Chemical:
  Capaciter: 1
aabbMax:
  X: 0.05773099884390831
  Y: 0.21459299325942993
  Z: 2.3560800552368164
aabbMin:
  X: -0.05773099884390831
  Y: -0.2237900048494339
  Z: -0.425258994102478
boundingForTraverse: 0.438383013010025
bugMask: 3
cursorOffsetY: 0.30000001192092896
homeArea:
- name: EldinCanyon
- name: TamulPlateau
- name: HeburaMountains
instSizeCafe: -1
instSizeNx: 117488
sortKey: 13532
traverseDist: 80.0
