aabbMax:
  X: 0.16088099777698517
  Y: 0.05002899840474129
  Z: 1.062019944190979
aabbMin:
  X: -0.1508210003376007
  Y: -0.04036799818277359
  Z: 0.12147299945354462
boundingForTraverse: 0.09039700031280518
bugMask: 1
cursorOffsetY: 0.5
instSizeCafe: 26112
instSizeNx: 86880
sortKey: 2
