Chemical:
  Capaciter: 1
aabbMax:
  X: 0.15311700105667114
  Y: 0.039788998663425446
  Z: 0.968034029006958
aabbMin:
  X: -0.15311700105667114
  Y: -0.039788998663425446
  Z: -0.24164600670337677
boundingForTraverse: 0.07957799732685089
bugMask: 3
cursorOffsetY: 0.30000001192092896
homeArea:
- name: GerudoDesert
- name: TabantaFrontier
- name: HeburaMountains
instSizeCafe: -1
instSizeNx: 119632
sortKey: 11112
traverseDist: 80.0
