Chemical:
  Capaciter: 1
aabbMax:
  X: 0.1429239958524704
  Y: 0.03196199983358383
  Z: 0.9040849804878235
aabbMin:
  X: -0.14916299283504486
  Y: -0.03196199983358383
  Z: -0.24149200320243835
boundingForTraverse: 0.06392399966716766
bugMask: 3
cursorOffsetY: 0.30000001192092896
homeArea:
- name: CentralHyrule
- name: EldinCanyon
- name: HyruleForest
instSizeCafe: -1
instSizeNx: 119600
sortKey: 11190
traverseDist: 80.0
