aabbMax:
  X: 1.6875
  Y: 0.1752929985523224
  Z: 1.8349599838256836
aabbMin:
  X: -0.3164060115814209
  Y: -0.16259799897670746
  Z: -0.09033200144767761
boundingForTraverse: 0.33789101243019104
bugMask: 3
cursorOffsetY: 0.30000001192092896
homeArea:
- name: HyruleForest
- name: CentralHyrule
- name: GerudoHighlands
instSizeCafe: -1
instSizeNx: 130976
sortKey: 11600
traverseDist: 80.0
