aabbMax:
  X: 0.1511549949645996
  Y: 0.12754499912261963
  Z: 0.7237799763679504
aabbMin:
  X: -0.1511549949645996
  Y: -0.12754499912261963
  Z: -0.24764400720596313
boundingForTraverse: 0.25508999824523926
bugMask: 3
cursorOffsetY: 0.30000001192092896
homeArea:
- name: WestHateru
- name: HyruleHill
- name: LanayruWetlands
instSizeCafe: 79972
instSizeNx: -1
sortKey: 11580
traverseDist: 80.0
