Chemical:
  Burnable: 1
aabbMax:
  X: 0.1830880045890808
  Y: 0.06524699926376343
  Z: 0.7753310203552246
aabbMin:
  X: -0.1319579929113388
  Y: -0.06524699926376343
  Z: -0.7753310203552246
boundingForTraverse: 0.13049300014972687
bugMask: 3
cursorOffsetY: 0.30000001192092896
homeArea:
- name: CentralHyrule
- name: FironeGrassland
- name: EastHateru
instSizeCafe: 49000
instSizeNx: -1
sortKey: 14111
traverseDist: 80.0
