Chemical:
  Capaciter: 1
aabbMax:
  X: 0.3583720028400421
  Y: 0.03392200171947479
  Z: 0.8148750066757202
aabbMin:
  X: -0.2638950049877167
  Y: -0.03392200171947479
  Z: -0.19942599534988403
boundingForTraverse: 0.06784400343894958
bugMask: 3
cursorOffsetY: 0.30000001192092896
homeArea:
- name: GerudoDesert
- name: TabantaFrontier
- name: FironeSea
instSizeCafe: 46932
instSizeNx: 117616
sortKey: 11531
traverseDist: 80.0
