aabbMax:
  X: 0.06724099814891815
  Y: 0.06793200224637985
  Z: 0.1886579990386963
aabbMin:
  X: -0.0819920003414154
  Y: -0.057190001010894775
  Z: 0.09787300229072571
boundingForTraverse: 0.12512199580669403
bugMask: 1
instSizeCafe: 25976
instSizeNx: -1
sortKey: 2
