Chemical:
  Capaciter: 1
aabbMax:
  X: 0.1842470020055771
  Y: 0.04830799996852875
  Z: 1.557770013809204
aabbMin:
  X: -0.1842470020055771
  Y: -0.04830799996852875
  Z: -0.5111129879951477
boundingForTraverse: 0.09661699831485748
bugMask: 3
cursorOffsetY: 0.30000001192092896
instSizeCafe: -1
instSizeNx: 119888
sortKey: 12225
traverseDist: 80.0
