Chemical:
  Burnable: 1
aabbMax:
  X: 0.24997299909591675
  Y: 0.028519000858068466
  Z: 0.800229012966156
aabbMin:
  X: -0.2195899933576584
  Y: -0.02999899908900261
  Z: -0.8031579852104187
boundingForTraverse: 0.058517999947071075
bugMask: 3
cursorOffsetY: 0.30000001192092896
homeArea:
- name: TabantaFrontier
- name: HeburaMountains
- name: ''
instSizeCafe: 49120
instSizeNx: -1
sortKey: 14150
traverseDist: 80.0
