aabbMax:
  X: 0.09106100350618362
  Y: 0.05052800104022026
  Z: 1.5029799938201904
aabbMin:
  X: -0.09106100350618362
  Y: -0.04793599992990494
  Z: 0.13671599328517914
boundingForTraverse: 0.0984639972448349
bugMask: 1
cursorOffsetY: 0.5
instSizeCafe: -1
instSizeNx: 86880
sortKey: 2
