Chemical:
  Burnable: 1
aabbMax:
  X: 0.32814499735832214
  Y: 0.2626410126686096
  Z: 1.3560099601745605
aabbMin:
  X: -0.3583579957485199
  Y: -0.2155500054359436
  Z: -0.5966269969940186
boundingForTraverse: 0.47819098830223083
bugMask: 3
cursorOffsetY: 0.30000001192092896
homeArea:
- name: HeburaMountains
- name: EldinMountains
- name: GerudoHighlands
instSizeCafe: -1
instSizeNx: 120064
sortKey: 12522
traverseDist: 80.0
