aabbMax:
  X: 0.17212599515914917
  Y: 0.16134299337863922
  Z: 0.8372989892959595
aabbMin:
  X: -0.17209400236606598
  Y: -0.1927489936351776
  Z: -0.23471699655056
boundingForTraverse: 0.354092001914978
bugMask: 3
cursorOffsetY: 0.30000001192092896
homeArea:
- name: CentralHyrule
- name: HeburaMountains
- name: EldinCanyon
instSizeCafe: -1
instSizeNx: 125440
sortKey: 11561
traverseDist: 80.0
