Chemical:
  Burnable: 1
aabbMax:
  X: 0.24216300249099731
  Y: 0.07995600253343582
  Z: 0.6869630217552185
aabbMin:
  X: -0.32103100419044495
  Y: -0.08898899704217911
  Z: -0.724556028842926
boundingForTraverse: 0.16894499957561493
bugMask: 3
cursorOffsetY: 0.30000001192092896
homeArea:
- name: HyruleHill
- name: CentralHyrule
- name: HeburaMountains
instSizeCafe: 48992
instSizeNx: -1
sortKey: 14512
traverseDist: 80.0
