Chemical:
  Capaciter: 1
aabbMax:
  X: 0.39910098910331726
  Y: 0.07514099776744843
  Z: 0.4084799885749817
aabbMin:
  X: -0.05960899963974953
  Y: -0.17276600003242493
  Z: -0.40557900071144104
boundingForTraverse: 0.24790699779987335
bugMask: 3
cursorOffsetY: 0.30000001192092896
homeArea:
- name: LanayruWaterSources
- name: CentralHyrule
- name: EastHateru
instSizeCafe: 45716
instSizeNx: 116376
rigidBodyCenterY: -0.08890999853610992
sortKey: 15550
traverseDist: 80.0
