Chemical:
  Capaciter: 1
aabbMax:
  X: 0.11800999939441681
  Y: 0.12390799820423126
  Z: 1.2742899656295776
aabbMin:
  X: -0.4376299977302551
  Y: -0.12542499601840973
  Z: -0.5123950242996216
boundingForTraverse: 0.249332994222641
bugMask: 3
cursorOffsetY: 0.30000001192092896
homeArea:
- name: EastHateru
- name: CentralHyrule
- name: WestHateru
instSizeCafe: 48736
instSizeNx: -1
sortKey: 12030
traverseDist: 80.0
