Chemical:
  Capaciter: 1
aabbMax:
  X: 0.33173999190330505
  Y: 0.06167599931359291
  Z: 0.8266029953956604
aabbMin:
  X: -0.44775399565696716
  Y: -0.06054700165987015
  Z: -0.820743978023529
boundingForTraverse: 0.12222299724817276
bugMask: 3
cursorOffsetY: 0.30000001192092896
homeArea:
- name: HeburaMountains
- name: CentralHyrule
- name: EldinMountains
instSizeCafe: 49764
instSizeNx: -1
sortKey: 14552
traverseDist: 80.0
