Chemical:
  Capaciter: 1
aabbMax:
  X: 0.20969100296497345
  Y: 0.04861399903893471
  Z: 0.707476019859314
aabbMin:
  X: -0.17333999276161194
  Y: -0.04827899858355522
  Z: -0.707476019859314
boundingForTraverse: 0.09689299762248993
bugMask: 3
cursorOffsetY: 0.30000001192092896
homeArea:
- name: LanayruWaterSources
- name: TamulPlateau
- name: WestHateru
instSizeCafe: 49056
instSizeNx: -1
sortKey: 14130
traverseDist: 80.0
