aabbMax:
  X: 0.2562359869480133
  Y: 0.09775400161743164
  Z: 1.5952399969100952
aabbMin:
  X: -0.2562359869480133
  Y: -0.1007630005478859
  Z: 0.15365099906921387
boundingForTraverse: 0.19851699471473694
bugMask: 1
cursorOffsetY: 0.5
instSizeCafe: 25728
instSizeNx: 86880
sortKey: 2
