Chemical:
  Burnable: 1
aabbMax:
  X: 0.0912489965558052
  Y: 0.021774999797344208
  Z: 0.48554301261901855
aabbMin:
  X: -0.38920798897743225
  Y: -0.021774999797344208
  Z: -0.08243799954652786
boundingForTraverse: 0.043549999594688416
bugMask: 3
cursorOffsetY: 0.30000001192092896
instSizeCafe: 43240
instSizeNx: -1
sortKey: 11222
traverseDist: 80.0
