Chemical:
  Capaciter: 1
aabbMax:
  X: 0.04839999973773956
  Y: 0.20190900564193726
  Z: 2.2776999473571777
aabbMin:
  X: -0.048516999930143356
  Y: -0.3140609860420227
  Z: -0.38575899600982666
boundingForTraverse: 0.51596999168396
bugMask: 3
cursorOffsetY: 0.30000001192092896
homeArea:
- name: TabantaFrontier
- name: GerudoDesert
- name: HeburaMountains
instSizeCafe: 46896
instSizeNx: -1
sortKey: 13112
traverseDist: 80.0
