Chemical:
  Capaciter: 1
aabbMax:
  X: 0.1431249976158142
  Y: 0.030665000900626183
  Z: 0.8616790175437927
aabbMin:
  X: -0.1431249976158142
  Y: -0.030665000900626183
  Z: -0.22936800122261047
boundingForTraverse: 0.061330001801252365
bugMask: 3
cursorOffsetY: 0.30000001192092896
homeArea:
- name: TabantaFrontier
- name: CentralHyrule
- name: ''
instSizeCafe: 48992
instSizeNx: -1
sortKey: 11150
traverseDist: 80.0
