aabbMax:
  X: 0.16380099952220917
  Y: 0.06616199761629105
  Z: 0.8588330149650574
aabbMin:
  X: -0.20800800621509552
  Y: -0.06616199761629105
  Z: -0.8588330149650574
boundingForTraverse: 0.1323239952325821
bugMask: 3
cursorOffsetY: 0.30000001192092896
instSizeCafe: 50756
instSizeNx: -1
sortKey: 14227
traverseDist: 80.0
