Chemical:
  Capaciter: 1
aabbMax:
  X: 0.04220600053668022
  Y: 0.2648929953575134
  Z: 2.226830005645752
aabbMin:
  X: -0.04220600053668022
  Y: -0.2648929953575134
  Z: -0.40354400873184204
boundingForTraverse: 0.5297859907150269
bugMask: 3
cursorOffsetY: 0.30000001192092896
homeArea:
- name: LanayruWaterSources
- name: ''
- name: ''
instSizeCafe: -1
instSizeNx: 118672
sortKey: 13132
traverseDist: 80.0
