Chemical:
  Burnable: 1
aabbMax:
  X: 0.18193000555038452
  Y: 0.32045501470565796
  Z: 2.4816200733184814
aabbMin:
  X: -0.16404500603675842
  Y: -0.3149380087852478
  Z: -0.3448350131511688
boundingForTraverse: 0.6353930234909058
bugMask: 3
cursorOffsetY: 0.30000001192092896
homeArea:
- name: HeburaMountains
- name: EldinMountains
- name: GerudoHighlands
instSizeCafe: 46912
instSizeNx: -1
sortKey: 13522
traverseDist: 80.0
