aabbMax:
  X: 0.08779799938201904
  Y: 0.058056000620126724
  Z: 0.5650330185890198
aabbMin:
  X: -0.059709999710321426
  Y: -0.06081800162792206
  Z: 0.11191199719905853
boundingForTraverse: 0.1188730001449585
bugMask: 1
cursorOffsetY: 0.5
instSizeCafe: 25976
instSizeNx: -1
sortKey: 2
