Chemical:
  Burnable: 1
aabbMax:
  X: 0.44124698638916016
  Y: 0.07111299782991409
  Z: 0.30484500527381897
aabbMin:
  X: -0.16844399273395538
  Y: -0.10989999771118164
  Z: -0.30484500527381897
boundingForTraverse: 0.18101300299167633
bugMask: 3
cursorOffsetY: 0.30000001192092896
homeArea:
- name: CentralHyrule
- name: EastHateru
- name: WestHateru
instSizeCafe: 41968
instSizeNx: -1
rigidBodyCenterY: -0.058017000555992126
sortKey: 15110
traverseDist: 80.0
