Chemical:
  Capaciter: 1
aabbMax:
  X: 0.39794498682022095
  Y: 0.07821500301361084
  Z: 0.9497129917144775
aabbMin:
  X: -0.13374699652194977
  Y: -0.07821500301361084
  Z: -0.24893400073051453
boundingForTraverse: 0.15643000602722168
bugMask: 3
cursorOffsetY: 0.30000001192092896
homeArea:
- name: GerudoDesert
- name: ''
- name: ''
instSizeCafe: 48928
instSizeNx: -1
sortKey: 11162
traverseDist: 80.0
