aabbMax:
  X: 0.06219499930739403
  Y: 0.06219499930739403
  Z: 0.14392100274562836
aabbMin:
  X: -0.06219499930739403
  Y: -0.06433100253343582
  Z: -1.2666000127792358
boundingForTraverse: 0.12652599811553955
bugMask: 3
cursorOffsetY: 0.20000000298023224
instSizeCafe: 52496
instSizeNx: 125856
sortKey: -2
