Chemical:
  Burnable: 1
aabbMax:
  X: 0.12582500278949738
  Y: 0.212117001414299
  Z: 2.248769998550415
aabbMin:
  X: -0.11968600004911423
  Y: -0.15282399952411652
  Z: -0.37202200293540955
boundingForTraverse: 0.3649410009384155
bugMask: 3
cursorOffsetY: 0.30000001192092896
homeArea:
- name: FironeGrassland
- name: EastHateru
- name: CentralHyrule
instSizeCafe: -1
instSizeNx: 117488
sortKey: 13511
traverseDist: 80.0
