aabbMax:
  X: 0.12116199731826782
  Y: 0.04013099893927574
  Z: 0.9688900113105774
aabbMin:
  X: -0.21198299527168274
  Y: -0.04013099893927574
  Z: -0.21849100291728973
boundingForTraverse: 0.0802609995007515
bugMask: 3
cursorOffsetY: 0.30000001192092896
instSizeCafe: -1
instSizeNx: 149248
sortKey: 11180
traverseDist: 80.0
