Chemical:
  Capaciter: 1
aabbMax:
  X: 0.3537600040435791
  Y: 0.10082200169563293
  Z: 0.8676760196685791
aabbMin:
  X: -0.3537600040435791
  Y: -0.05084199830889702
  Z: -0.5029299855232239
boundingForTraverse: 0.15166400372982025
bugMask: 3
cursorOffsetY: 0.30000001192092896
instSizeCafe: 74928
instSizeNx: -1
sortKey: 11592
traverseDist: 80.0
