aabbMax:
  X: 0.04409800097346306
  Y: 0.0435510016977787
  Z: 0.989437997341156
aabbMin:
  X: -0.04733499884605408
  Y: -0.04549200087785721
  Z: 0.7688490152359009
boundingForTraverse: 0.08904299885034561
bugMask: 1
cursorOffsetY: 0.5
instSizeCafe: 26024
instSizeNx: 86920
sortKey: 2
