Chemical:
  Capaciter: 1
aabbMax:
  X: 0.039455998688936234
  Y: 0.14281900227069855
  Z: 2.294990062713623
aabbMin:
  X: -0.039455998688936234
  Y: -0.08947999775409698
  Z: -0.39237600564956665
boundingForTraverse: 0.23229900002479553
bugMask: 3
cursorOffsetY: 0.30000001192092896
homeArea:
- name: CentralHyrule
- name: FironeGrassland
- name: EastHateru
instSizeCafe: 46928
instSizeNx: 117520
sortKey: 13111
traverseDist: 80.0
