Chemical:
  Capaciter: 1
aabbMax:
  X: 0.20263700187206268
  Y: 0.059386998414993286
  Z: 0.7436519861221313
aabbMin:
  X: -0.1871339976787567
  Y: -0.059386998414993286
  Z: -0.7553709745407104
boundingForTraverse: 0.11877399682998657
bugMask: 3
cursorOffsetY: 0.30000001192092896
homeArea:
- name: TabantaFrontier
- name: GerudoDesert
- name: EldinCanyon
instSizeCafe: -1
instSizeNx: 120920
sortKey: 14531
traverseDist: 80.0
