aabbMax:
  X: 0.07743799686431885
  Y: 0.019840000197291374
  Z: 0.7505040168762207
aabbMin:
  X: -0.08044199645519257
  Y: -0.019840000197291374
  Z: -0.33933499455451965
boundingForTraverse: 0.03967899829149246
bugMask: 3
cursorOffsetY: 0.30000001192092896
homeArea:
- name: GerudoHighlands
- name: TamulPlateau
- name: HyruleHill
instSizeCafe: 82708
instSizeNx: -1
sortKey: 11541
traverseDist: 80.0
