aabbMax:
  X: 0.1894959956407547
  Y: 0.06411100178956985
  Z: 0.4509370028972626
aabbMin:
  X: -0.1894959956407547
  Y: -0.1035510003566742
  Z: 0.14435799419879913
boundingForTraverse: 0.16766199469566345
bugMask: 1
instSizeCafe: -1
instSizeNx: 86880
sortKey: 2
