Chemical:
  Burnable: 1
aabbMax:
  X: 0.24328599870204926
  Y: 0.07525599747896194
  Z: 0.6884769797325134
aabbMin:
  X: -0.021515000611543655
  Y: -0.061188001185655594
  Z: -0.7246090173721313
boundingForTraverse: 0.13644400238990784
bugMask: 3
cursorOffsetY: 0.30000001192092896
homeArea:
- name: CentralHyrule
- name: WestHateru
- name: LanayruSea
instSizeCafe: -1
instSizeNx: 120920
sortKey: 14510
traverseDist: 80.0
