aabbMax:
  X: 0.24597199261188507
  Y: 0.06744399666786194
  Z: 1.566409945487976
aabbMin:
  X: -0.29052698612213135
  Y: -0.06744399666786194
  Z: -0.5712890028953552
boundingForTraverse: 0.13488799333572388
bugMask: 3
cursorOffsetY: 0.30000001192092896
instSizeCafe: -1
instSizeNx: 170752
sortKey: 12180
traverseDist: 80.0
