aabbMax:
  X: 0.09665899723768234
  Y: 0.03305400162935257
  Z: 1.3619699478149414
aabbMin:
  X: -0.4567570090293884
  Y: -0.03305400162935257
  Z: -0.6528599858283997
boundingForTraverse: 0.06610900163650513
bugMask: 3
cursorOffsetY: 0.30000001192092896
homeArea:
- name: TamulPlateau
- name: CentralHyrule
- name: EastHateru
instSizeCafe: 81904
instSizeNx: -1
sortKey: 12541
traverseDist: 80.0
