Chemical:
  Capaciter: 1
aabbMax:
  X: 0.08000200241804123
  Y: 0.0757559984922409
  Z: 0.7370759844779968
aabbMin:
  X: -0.07854799926280975
  Y: -0.0757559984922409
  Z: -0.17548100650310516
boundingForTraverse: 0.1515129953622818
bugMask: 3
cursorOffsetY: 0.30000001192092896
homeArea:
- name: WestHateru
- name: HyliaLake
- name: ''
instSizeCafe: 49236
instSizeNx: -1
sortKey: 11170
traverseDist: 80.0
