Chemical:
  Capaciter: 1
aabbMax:
  X: 0.11196599900722504
  Y: 0.03789599984884262
  Z: 0.9402899742126465
aabbMin:
  X: -0.11196599900722504
  Y: -0.03789599984884262
  Z: -0.19737699627876282
boundingForTraverse: 0.07579199969768524
bugMask: 3
cursorOffsetY: 0.30000001192092896
instSizeCafe: 48992
instSizeNx: -1
sortKey: 11221
traverseDist: 80.0
