aabbMax:
  X: 0.14211399853229523
  Y: 0.060878999531269073
  Z: 0.5505890250205994
aabbMin:
  X: -0.15533100068569183
  Y: -0.06105500087141991
  Z: 0.24754099547863007
boundingForTraverse: 0.1219329982995987
bugMask: 1
cursorOffsetY: 0.5
instSizeCafe: 25912
instSizeNx: -1
sortKey: 2
