Chemical:
  Burnable: 1
aabbMax:
  X: 0.6279100179672241
  Y: 0.0294950008392334
  Z: 0.40577200055122375
aabbMin:
  X: -0.18711599707603455
  Y: -0.20453499257564545
  Z: -0.5245040059089661
boundingForTraverse: 0.23402999341487885
bugMask: 3
cursorOffsetY: 0.30000001192092896
homeArea:
- name: HyruleHill
- name: HateruSea
- name: TamulSea
instSizeCafe: -1
instSizeNx: 110864
rigidBodyCenterY: -0.10704799741506577
sortKey: 15512
traverseDist: 80.0
