Chemical:
  Burnable: 1
aabbMax:
  X: 0.16465799510478973
  Y: 0.030609000474214554
  Z: 0.679639995098114
aabbMin:
  X: -0.052671000361442566
  Y: -0.030609000474214554
  Z: -0.6937980055809021
boundingForTraverse: 0.06121800094842911
bugMask: 3
cursorOffsetY: 0.30000001192092896
homeArea:
- name: CentralHyrule
- name: WestHateru
- name: HyruleForest
instSizeCafe: 49508
instSizeNx: -1
sortKey: 14050
traverseDist: 80.0
