Chemical:
  Capaciter: 1
aabbMax:
  X: 0.38607800006866455
  Y: 0.01109199970960617
  Z: 0.310342013835907
aabbMin:
  X: -0.1298149973154068
  Y: -0.17510899901390076
  Z: -0.43254101276397705
boundingForTraverse: 0.18620100617408752
bugMask: 3
cursorOffsetY: 0.30000001192092896
homeArea:
- name: CentralHyrule
- name: EastHateru
- name: HeburaMountains
instSizeCafe: 41840
instSizeNx: -1
rigidBodyCenterY: -0.09147900342941284
sortKey: 15190
traverseDist: 80.0
