Chemical:
  Burnable: 1
aabbMax:
  X: 0.16049200296401978
  Y: 0.17250800132751465
  Z: 2.3343100547790527
aabbMin:
  X: -0.09916900098323822
  Y: -0.24575099349021912
  Z: -0.3691610097885132
boundingForTraverse: 0.41825899481773376
bugMask: 3
cursorOffsetY: 0.30000001192092896
homeArea:
- name: FironeGrassland
- name: GerudoHighlands
- name: LanayruWaterSources
instSizeCafe: -1
instSizeNx: 117520
sortKey: 13520
traverseDist: 80.0
