aabbMax:
  X: 0.24501299858093262
  Y: 0.15484000742435455
  Z: 0.8763219714164734
aabbMin:
  X: -0.2640730142593384
  Y: -0.12754499912261963
  Z: -0.24764400720596313
boundingForTraverse: 0.282384991645813
bugMask: 3
cursorOffsetY: 0.30000001192092896
homeArea:
- name: CentralHyrule
- name: HyruleHill
- name: WestHateru
instSizeCafe: 79972
instSizeNx: -1
sortKey: 11581
traverseDist: 80.0
