aabbMax:
  X: 0.09233999997377396
  Y: 0.044881001114845276
  Z: 0.6094880104064941
aabbMin:
  X: -0.23969000577926636
  Y: -0.0451119989156723
  Z: 0.10353799909353256
boundingForTraverse: 0.08999300003051758
bugMask: 1
cursorOffsetY: 0.5
instSizeCafe: -1
instSizeNx: 86880
sortKey: 2
