aabbMax:
  X: 0.06203100085258484
  Y: 0.0620420016348362
  Z: 0.1325879991054535
aabbMin:
  X: -0.0763930007815361
  Y: -0.048165999352931976
  Z: 0.056963998824357986
boundingForTraverse: 0.11020799726247787
bugMask: 1
cursorOffsetY: 0.5
instSizeCafe: 25728
instSizeNx: 86880
sortKey: 2
