aabbMax:
  X: 0.16381800174713135
  Y: 0.06616199761629105
  Z: 0.8588870167732239
aabbMin:
  X: -0.20800800621509552
  Y: -0.06616199761629105
  Z: -0.8588870167732239
boundingForTraverse: 0.1323239952325821
bugMask: 3
cursorOffsetY: 0.30000001192092896
instSizeCafe: -1
instSizeNx: 121400
sortKey: 14227
traverseDist: 80.0
