Chemical:
  Capaciter: 1
aabbMax:
  X: 0.33178699016571045
  Y: 0.06167599931359291
  Z: 0.8266599774360657
aabbMin:
  X: -0.44775399565696716
  Y: -0.06054700165987015
  Z: -0.8208010196685791
boundingForTraverse: 0.12222299724817276
bugMask: 3
cursorOffsetY: 0.30000001192092896
homeArea:
- name: HeburaMountains
- name: CentralHyrule
- name: EldinMountains
instSizeCafe: -1
instSizeNx: 121368
sortKey: 14552
traverseDist: 80.0
