aabbMax:
  X: 3.9763200283050537
  Y: 0.40347498655319214
  Z: 0.24278399348258972
aabbMin:
  X: -0.15783700346946716
  Y: -0.30273398756980896
  Z: -0.1892089992761612
boundingForTraverse: 0.7062090039253235
bugMask: 3
cursorOffsetY: 0.30000001192092896
homeArea:
- name: GerudoHighlands
- name: ''
- name: ''
instSizeCafe: -1
instSizeNx: 131472
rigidBodyCenterY: -3.000000106112566e-06
sortKey: 12601
traverseDist: 80.0
