Chemical:
  Capaciter: 1
aabbMax:
  X: 0.4826659858226776
  Y: 0.03524800017476082
  Z: 0.8876950144767761
aabbMin:
  X: -0.4826659858226776
  Y: -0.03930699825286865
  Z: -0.5322269797325134
boundingForTraverse: 0.07455399632453918
bugMask: 3
cursorOffsetY: 0.30000001192092896
instSizeCafe: -1
instSizeNx: 146744
sortKey: 11591
traverseDist: 80.0
