Chemical:
  Capaciter: 1
aabbMax:
  X: 0.19445300102233887
  Y: 0.04509200155735016
  Z: 1.604990005493164
aabbMin:
  X: -0.19445300102233887
  Y: -0.04509200155735016
  Z: -0.5004469752311707
boundingForTraverse: 0.09018400311470032
bugMask: 3
cursorOffsetY: 0.30000001192092896
instSizeCafe: -1
instSizeNx: 119920
sortKey: 12223
traverseDist: 80.0
