Chemical:
  Burnable: 1
aabbMax:
  X: 0.32397499680519104
  Y: 0.06231699883937836
  Z: 1.253909945487976
aabbMin:
  X: -0.7070310115814209
  Y: -0.06198100000619888
  Z: -1.253909945487976
boundingForTraverse: 0.12429799884557724
bugMask: 3
cursorOffsetY: 0.30000001192092896
instSizeCafe: 49748
instSizeNx: 121080
sortKey: -1
traverseDist: 80.0
