Chemical:
  Capaciter: 1
aabbMax:
  X: 0.3393549919128418
  Y: 0.0646359995007515
  Z: 1.1083999872207642
aabbMin:
  X: -0.4230960011482239
  Y: -0.0646359995007515
  Z: -0.4123539924621582
boundingForTraverse: 0.129271999001503
bugMask: 3
cursorOffsetY: 0.30000001192092896
homeArea:
- name: CentralHyrule
- name: LanayruWaterSources
- name: TamulOutback
instSizeCafe: 51748
instSizeNx: -1
sortKey: 11551
traverseDist: 80.0
