Chemical:
  Capaciter: 1
aabbMax:
  X: 0.20550599694252014
  Y: 0.11140300333499908
  Z: 1.4982800483703613
aabbMin:
  X: -0.0928800031542778
  Y: -0.11140300333499908
  Z: -0.49764201045036316
boundingForTraverse: 0.22280600666999817
bugMask: 3
cursorOffsetY: 0.30000001192092896
homeArea:
- name: WestHateru
- name: LanayruWaterSources
- name: ''
instSizeCafe: 48768
instSizeNx: 119920
sortKey: 12170
traverseDist: 80.0
