aabbMax:
  X: 1.600000023841858
  Y: 1.600000023841858
  Z: 0.699999988079071
aabbMin:
  X: -1.600000023841858
  Y: -1.600000023841858
  Z: 0.0
boundingForTraverse: 3.200000047683716
bugMask: 3
instSizeCafe: -1
instSizeNx: 155888
rigidBodyCenterY: -1.700000029813964e-05
sortKey: 0
