aabbMax:
  X: 0.4342670142650604
  Y: 0.45125600695610046
  Z: 0.47301599383354187
aabbMin:
  X: -0.4342670142650604
  Y: -0.45125600695610046
  Z: -0.47301599383354187
boundingForTraverse: 0.9025120139122009
bugMask: 3
instSizeCafe: 37344
instSizeNx: -1
sortKey: 9999
