aabbMax:
  X: 0.3964509963989258
  Y: 1.3035900592803955
  Z: 0.9744179844856262
aabbMin:
  X: -0.2550550103187561
  Y: -0.01767200045287609
  Z: -1.4812899827957153
boundingForTraverse: 1.321262001991272
bugMask: 3
cursorOffsetY: 0.699999988079071
instSizeCafe: -1
instSizeNx: 325464
sortKey: -1
traverseDist: 200.0
