aabbMax:
  X: 0.39637500047683716
  Y: 1.3034000396728516
  Z: 0.9741349816322327
aabbMin:
  X: -0.2550179958343506
  Y: -0.017371999099850655
  Z: -1.4810899496078491
boundingForTraverse: 1.3207720518112183
bugMask: 3
cursorOffsetY: 0.699999988079071
instSizeCafe: 174160
instSizeNx: -1
sortKey: -1
traverseDist: 200.0
