aabbMax:
  X: 0.5
  Y: 0.49994900822639465
  Z: 0.5
aabbMin:
  X: -0.5
  Y: -0.5
  Z: -0.5
baseScaleX: 1.5
baseScaleY: 1.5
baseScaleZ: 1.5
boundingForTraverse: 0.9999489784240723
bugMask: 3
cursorOffsetY: 1.100000023841858
instSizeCafe: 44012
instSizeNx: -1
sortKey: -5
traverseDist: 500.0
