aabbMax:
  X: 1.0156699419021606
  Y: 0.9684060215950012
  Z: 0.625
aabbMin:
  X: -1.038040041923523
  Y: -3.112720012664795
  Z: -0.625
boundingForTraverse: 4.0811262130737305
bugMask: 2
cursorOffsetY: 0.5
instSizeCafe: 29868
instSizeNx: -1
sortKey: -1
traverseDist: 1000.0
