aabbMax:
  X: 0.27128100395202637
  Y: 1.1497900485992432
  Z: 0.21894299983978271
aabbMin:
  X: -0.4818519949913025
  Y: -3.8286499977111816
  Z: -0.6856570243835449
boundingForTraverse: 4.978439807891846
bugMask: 0
cursorOffsetY: 0.5
instSizeCafe: 17136
instSizeNx: -1
sortKey: -29
