aabbMax:
  X: 0.9057030081748962
  Y: 0.9358220100402832
  Z: 0.0813559964299202
aabbMin:
  X: -0.9930019974708557
  Y: -0.9628829956054688
  Z: -0.08603700250387192
boundingForTraverse: 1.898705005645752
bugMask: 2
instSizeCafe: 26536
instSizeNx: -1
sortKey: -30
traverseDist: 50.0
