aabbMax:
  X: 1.024340033531189
  Y: 1.0800700187683105
  Z: 0.625
aabbMin:
  X: -1.0293699502944946
  Y: -2.9902400970458984
  Z: -0.625
boundingForTraverse: 4.070310115814209
bugMask: 2
cursorOffsetY: 0.5
instSizeCafe: -1
instSizeNx: 88584
sortKey: -1
traverseDist: 1000.0
