always_movie: false
bgm_stop: StopWithFade
demo_event: true
disable_event_start_interval: true
init_camera_at:
  X: -561.2802124023438
  Y: 178.93710327148438
  Z: 1695.4300537109375
init_camera_fov: 0.0
init_camera_pos:
  X: -561.2802124023438
  Y: 178.93710327148438
  Z: 1692.7650146484375
is_hide_non_demo_member: true
is_hide_non_demo_member_charactor: true
is_timeline: true
last_camera_at:
  X: -561.2802124023438
  Y: 178.93710327148438
  Z: 1695.4300537109375
last_camera_fov: 0.0
last_camera_pos:
  X: -561.2802124023438
  Y: 178.93710327148438
  Z: 1692.7650146484375
last_player_dir:
  X: 0.0
  Y: 0.0
  Z: 1.0
last_player_pos:
  X: -561.2802124023438
  Y: 177.30670166015625
  Z: 1695.4300537109375
mode: FullPackage
movie: Demo166_0.mp4
sub_timelines:
- name: Demo166_0_effect
timeline_rumble:
- count: 52
  duration: 361
  frame: 0
  pattern: 0
- count: 3
  duration: 15
  frame: 370
  pattern: 0
- count: 13
  duration: 30
  frame: 390
  pattern: 2
- count: 2
  duration: 100
  frame: 970
  pattern: 1
