demo_event: true
exist_disable_unequip_in_event: true
init_camera_at:
  X: -0.014883999712765217
  Y: 11.81011962890625
  Z: 21.94441032409668
init_camera_fov: 50.0
init_camera_pos:
  X: -0.014883999712765217
  Y: 11.81011962890625
  Z: 27.905860900878906
is_startable_air: true
is_timeline: false
last_camera_at:
  X: -0.014883999712765217
  Y: 11.860509872436523
  Z: 10.494449615478516
last_camera_fov: 50.0
last_camera_pos:
  X: -0.014883999712765217
  Y: 11.860509872436523
  Z: 16.493789672851562
last_player_dir:
  X: 0.0006890000076964498
  Y: 0.0
  Z: -1.0
last_player_pos:
  X: -0.014883999712765217
  Y: 10.06052017211914
  Z: 9.412274360656738
mode: Seamless
subfile:
- file: OperationGuide.bfevfl
