demo_event: true
disable_event_start_interval: true
init_camera_at:
  X: 3787.64990234375
  Y: 357.7854919433594
  Z: 2114.3701171875
init_camera_fov: 50.0
init_camera_pos:
  X: 3783.360107421875
  Y: 358.2123107910156
  Z: 2110.197998046875
is_timeline: false
last_camera_at:
  X: 3779.470947265625
  Y: 356.8053894042969
  Z: 2111.553955078125
last_camera_fov: 50.00001907348633
last_camera_pos:
  X: 3781.3798828125
  Y: 360.38140869140625
  Z: 2105.280029296875
last_player_dir:
  X: -0.12210100144147873
  Y: 0.0
  Z: 0.9925180077552795
last_player_pos:
  X: 3787.64990234375
  Y: 356.07830810546875
  Z: 2114.3701171875
mode: Seamless
wait_frame: 30
