aabbMax:
  X: 0.05000000074505806
  Y: 4.207009792327881
  Z: 2.1708199977874756
aabbMin:
  X: -0.05000000074505806
  Y: 0.2070000022649765
  Z: -6.0
bfres: DgnObj_DLC_BoxParts_A
boundingForTraverse: 4.000010013580322
bugMask: 0
cursorOffsetY: 0.5
instSizeCafe: 17652
instSizeNx: 75656
mainModel: DgnObj_DLC_NetFrameStair8x4_01
name: DgnObj_DLC_NetFrameStair8x4_01
profile: MapConstPassive
sortKey: 0
tags:
  tag638d69dd: 1670212061
yLimitAlgorithm: NoLimit
