aabbMax:
  X: 2.1762399673461914
  Y: 12.0
  Z: 2.176219940185547
aabbMin:
  X: -2.1768999099731445
  Y: 0.0
  Z: -2.1763999462127686
attackPower: 0
bfres: DgnObj_Hrl_BoxParts_A
boundingForTraverse: 12.0
bugMask: 1
generalLife: 100
instSizeCafe: 96272
instSizeNx: 224744
mainModel: DgnObj_Hrl_Box4x4x12_01
name: DgnObj_Hrl_Box4x4x12_01
profile: MapConstActive
rigidBodyCenterY: 6.0
sortKey: 2
systemIsGetItemSelf: false
systemSameGroupActorName: ''
tags:
  tag638d69dd: 1670212061
yLimitAlgorithm: NoLimit
