aabbMax:
  X: 116.4000015258789
  Y: 84.52230072021484
  Z: 116.4000015258789
aabbMin:
  X: -116.4000015258789
  Y: -100.125
  Z: -116.4000015258789
attackPower: 0
bfres: DgnObj_Hrl_BaseRoom160x160x80_B_01
boundingForTraverse: 184.64730834960938
bugMask: 1
generalLife: 100
instSizeCafe: 135148
instSizeNx: 318944
mainModel: DgnObj_Hrl_BaseRoom160x160x80_B_01
name: DgnObj_Hrl_BaseRoom160x160x80_B_01
profile: MapConstActive
rigidBodyCenterY: 0.3583030104637146
sortKey: 0
systemIsGetItemSelf: false
systemSameGroupActorName: ''
tags:
  tag638d69dd: 1670212061
yLimitAlgorithm: NoLimit
