aabbMax:
  X: 2.0
  Y: 0.4399999976158142
  Z: 0.30000001192092896
aabbMin:
  X: -0.6000249981880188
  Y: -0.1599999964237213
  Z: -0.30000001192092896
bfres: DgnObj_SliderRail_A
boundingForTraverse: 0.6000000238418579
bugMask: 0
cursorOffsetY: 0.5
instSizeCafe: 18228
instSizeNx: 75656
mainModel: DgnObj_SliderRail_A_01
name: DgnObj_SliderRail_A_01
profile: MapConstPassive
sortKey: 0
tags:
  tag638d69dd: 1670212061
yLimitAlgorithm: NoLimit
