aabbMax:
  X: 0.7816240191459656
  Y: 1.7567600011825562
  Z: -0.050353001803159714
aabbMin:
  X: -0.7816230058670044
  Y: -0.004023000132292509
  Z: -5.514599800109863
bfres: DgnObj_BombPipe_A
boundingForTraverse: 1.7607829570770264
bugMask: 0
cursorOffsetY: 0.5
instSizeCafe: 40216
instSizeNx: -1
mainModel: DgnObj_BombPipe_A_02
name: DgnObj_BombPipe_A_02
profile: MapConstPassive
sortKey: 0
tags:
  tag638d69dd: 1670212061
yLimitAlgorithm: NoLimit
