aabbMax:
  X: 4.176239967346191
  Y: 4.0
  Z: 2.0
aabbMin:
  X: -4.1768999099731445
  Y: 0.0
  Z: -6.176400184631348
attackPower: 0
bfres: DgnObj_Hrl_BoxParts_A
boundingForTraverse: 4.0
bugMask: 1
generalLife: 100
instSizeCafe: -1
instSizeNx: 204184
mainModel: DgnObj_Hrl_Slope8x8x4_01
name: DgnObj_Hrl_Slope8x8x4_01
profile: MapConstActive
rigidBodyCenterY: 1.251330018043518
sortKey: 0
systemIsGetItemSelf: false
systemSameGroupActorName: ''
tags:
  tag638d69dd: 1670212061
yLimitAlgorithm: NoLimit
