aabbMax:
  X: 28.001699447631836
  Y: 18.112199783325195
  Z: 2.0024099349975586
aabbMin:
  X: -2.0
  Y: -0.20000100135803223
  Z: -2.0024099349975586
bfres: DgnObj_DLC_SpherePassageWay_B
boundingForTraverse: 18.31220054626465
bugMask: 0
cursorOffsetY: 0.5
instSizeCafe: -1
instSizeNx: 75656
mainModel: DgnObj_DLC_SpherePassageWay_B_02
name: DgnObj_DLC_SpherePassageWay_B_02
profile: MapConstPassive
sortKey: 0
tags:
  tag638d69dd: 1670212061
yLimitAlgorithm: NoLimit
