aabbMax:
  X: 4.002709865570068
  Y: 0.004011000040918589
  Z: 1.0004099607467651
aabbMin:
  X: -4.002709865570068
  Y: -1.9959900379180908
  Z: -1.0000300407409668
attackPower: 0
bfres: DgnObj_Hrl_BoxParts_A
boundingForTraverse: 2.0000009536743164
bugMask: 1
generalLife: 100
instSizeCafe: -1
instSizeNx: 159112
mainModel: DgnObj_Hrl_Arch8x2_01
name: DgnObj_Hrl_Arch8x2_01
profile: MapConstActive
rigidBodyCenterY: -0.8507919907569885
sortKey: 0
systemIsGetItemSelf: false
systemSameGroupActorName: ''
tags:
  tag638d69dd: 1670212061
yLimitAlgorithm: NoLimit
