aabbMax:
  X: 116.4000015258789
  Y: 64.52230072021484
  Z: 116.4000015258789
aabbMin:
  X: -116.4000015258789
  Y: -0.25513699650764465
  Z: -116.4000015258789
attackPower: 0
bfres: DgnObj_Hrl_BaseRoom60x60x60_A_01
boundingForTraverse: 64.77743530273438
bugMask: 1
generalLife: 100
instSizeCafe: -1
instSizeNx: 396928
mainModel: DgnObj_Hrl_BaseRoom60x60x60_A_01
name: DgnObj_Hrl_BaseRoom60x60x60_A_01
profile: MapConstActive
rigidBodyCenterY: 34.4994010925293
sortKey: 0
systemIsGetItemSelf: false
systemSameGroupActorName: ''
tags:
  tag638d69dd: 1670212061
yLimitAlgorithm: NoLimit
