aabbMax:
  X: 11.680800437927246
  Y: 29.068500518798828
  Z: -74.4000015258789
aabbMin:
  X: -11.680800437927246
  Y: -24.700000762939453
  Z: -164.79200744628906
attackPower: 0
bfres: DgnObj_IbutsuFire_A
boundingForTraverse: 53.76850128173828
bugMask: 1
cursorOffsetY: 0.5
generalLife: 100
instSizeCafe: -1
instSizeNx: 354376
mainModel: DgnObj_IbutsuFireTail_A_01
name: DgnObj_IbutsuFireTail_A_01
profile: MapConstActive
rigidBodyCenterY: 1.1310499906539917
sortKey: -18
systemIsGetItemSelf: false
systemSameGroupActorName: ''
tags:
  tag03528579: 55739769
traverseDist: 99999.0
yLimitAlgorithm: NoLimit
