aabbMax:
  X: 116.4000015258789
  Y: 34.522300720214844
  Z: 194.0
aabbMin:
  X: -116.4000015258789
  Y: -100.00499725341797
  Z: -194.0
attackPower: 0
bfres: DgnObj_Hrl_BaseRoom60x180x20_B_01
boundingForTraverse: 134.5272979736328
bugMask: 1
generalLife: 100
instSizeCafe: 136836
instSizeNx: -1
mainModel: DgnObj_Hrl_BaseRoom60x180x20_B_01
name: DgnObj_Hrl_BaseRoom60x180x20_B_01
profile: MapConstActive
rigidBodyCenterY: -26.319299697875977
sortKey: 0
systemIsGetItemSelf: false
systemSameGroupActorName: ''
tags:
  tag638d69dd: 1670212061
yLimitAlgorithm: NoLimit
