aabbMax:
  X: 2.0
  Y: 0.04500000178813934
  Z: 2.0
aabbMin:
  X: -2.0
  Y: 0.0
  Z: -9.999999974752427e-07
bfres: DgnObj_DLC_BoxParts_A
boundingForTraverse: 0.04500000178813934
bugMask: 0
cursorOffsetY: 0.5
instSizeCafe: 17652
instSizeNx: 75656
mainModel: DgnObj_DLC_RoadEnd4x3_01
name: DgnObj_DLC_RoadEnd4x3_01
profile: MapConstPassive
sortKey: 0
tags:
  tag638d69dd: 1670212061
yLimitAlgorithm: NoLimit
