aabbMax:
  X: 53.86220169067383
  Y: 41.984798431396484
  Z: 53.69060134887695
aabbMin:
  X: -53.86220169067383
  Y: -19.02280044555664
  Z: -54.31949996948242
attackPower: 0
bfres: DgnObj_IbutsuWater_A
boundingForTraverse: 61.007598876953125
bugMask: 1
cursorOffsetY: 0.5
generalLife: 100
instSizeCafe: -1
instSizeNx: 363080
mainModel: DgnObj_IbutsuWaterLump_A_01
name: DgnObj_IbutsuWaterLump_A_01
profile: MapConstActive
rigidBodyCenterY: 8.379830360412598
sortKey: -20
systemIsGetItemSelf: false
systemSameGroupActorName: ''
tags:
  tag03528579: 55739769
yLimitAlgorithm: NoLimit
