aabbMax:
  X: 0.10000000149011612
  Y: 0.0
  Z: 2.3146400451660156
aabbMin:
  X: -0.10000000149011612
  Y: -1.678130030632019
  Z: 0.0
bfres: DgnObj_Hrl_BoxParts_A
boundingForTraverse: 1.678130030632019
bugMask: 0
cursorOffsetY: 0.5
instSizeCafe: 17904
instSizeNx: -1
mainModel: DgnObj_Hrl_NetFloorSupport_01
name: DgnObj_Hrl_NetFloorSupport_01
profile: MapConstPassive
sortKey: 0
tags:
  tag638d69dd: 1670212061
yLimitAlgorithm: NoLimit
