aabbMax:
  X: 4.0
  Y: 4.599999904632568
  Z: 2.0250000953674316
aabbMin:
  X: -4.010000228881836
  Y: 0.0
  Z: -6.0
attackPower: 0
bfres: DgnObj_DLC_BoxParts_A
boundingForTraverse: 4.599999904632568
bugMask: 1
cursorOffsetY: 0.5
generalLife: 100
instSizeCafe: 54284
instSizeNx: 139256
mainModel: DgnObj_DLC_Link_Stair8x8x4Under_01
name: DgnObj_DLC_Link_Stair8x8x4Under_01
profile: MapConstActive
rigidBodyCenterY: 1.1598399877548218
sortKey: -4
systemIsGetItemSelf: false
systemSameGroupActorName: ''
tags:
  tag638d69dd: 1670212061
yLimitAlgorithm: NoLimit
