aabbMax:
  X: 2.955940008163452
  Y: 2.50465989112854
  Z: 2.955940008163452
aabbMin:
  X: -2.955940008163452
  Y: 0.0
  Z: -2.955940008163452
bfres: DgnObj_BalanceLift_A
boundingForTraverse: 2.50465989112854
bugMask: 0
instSizeCafe: 17908
instSizeNx: 75656
mainModel: DgnObj_BalanceLiftCenterBlock_A_01
name: DgnObj_BalanceLiftBlock_Center
profile: MapConstPassive
sortKey: 0
tags:
  tag638d69dd: 1670212061
yLimitAlgorithm: NoLimit
