aabbMax:
  X: 43.0
  Y: 144.18499755859375
  Z: 80.33709716796875
aabbMin:
  X: -41.34700012207031
  Y: 64.0
  Z: -69.5
attackPower: 0
bfres: DgnObj_IbutsuElectric_A
boundingForTraverse: 80.18499755859375
bugMask: 1
cursorOffsetY: 0.5
generalLife: 100
instSizeCafe: -1
instSizeNx: 1061608
mainModel: DgnObj_IbutsuElectricBody_A_01
name: DgnObj_IbutsuElectricBody_A_01
profile: MapConstActive
rigidBodyCenterY: 101.64199829101562
sortKey: -17
systemIsGetItemSelf: false
systemSameGroupActorName: ''
tags:
  tag03528579: 55739769
  tag336bf311: 862712593
traverseDist: 99999.0
yLimitAlgorithm: NoLimit
