aabbMax:
  X: 26.040000915527344
  Y: 26.040000915527344
  Z: 12.5
aabbMin:
  X: -26.040000915527344
  Y: -26.040000915527344
  Z: -12.5
attackPower: 0
bfres: DgnObj_Hrl_BaseRoom50x50x20_B_01
boundingForTraverse: 52.08000183105469
bugMask: 1
generalLife: 100
instSizeCafe: 39984
instSizeNx: -1
mainModel: DgnObj_Hrl_BaseRoom50x50x20_B_02
name: DgnObj_Hrl_BaseRoom50x50x20_B_02
profile: MapConstActive
rigidBodyCenterY: 0.00034500000765547156
sortKey: 0
systemIsGetItemSelf: false
systemSameGroupActorName: ''
tags:
  tag638d69dd: 1670212061
yLimitAlgorithm: NoLimit
