aabbMax:
  X: 14.900500297546387
  Y: 4.0
  Z: 0.07003600150346756
aabbMin:
  X: -0.5
  Y: 0.0
  Z: -18.28350067138672
bfres: DgnObj_TriangleWall_A
boundingForTraverse: 4.0
bugMask: 0
cursorOffsetY: 0.5
instSizeCafe: 17652
instSizeNx: -1
mainModel: DgnObj_TriangleWall_A_01
name: DgnObj_TriangleWall_A_01
profile: MapConstPassive
sortKey: 0
tags:
  tag638d69dd: 1670212061
yLimitAlgorithm: NoLimit
