aabbMax:
  X: 2.402090072631836
  Y: 2.402090072631836
  Z: 14.0
aabbMin:
  X: -2.402090072631836
  Y: -2.402090072631836
  Z: -2.0
bfres: DgnObj_CylinderFloor_A
boundingForTraverse: 4.804180145263672
bugMask: 0
cursorOffsetY: 0.5
instSizeCafe: 17652
instSizeNx: 75656
mainModel: DgnObj_CylinderFloor_A_01
name: DgnObj_CylinderFloor_A_01
profile: MapConstPassive
sortKey: 0
tags:
  tag638d69dd: 1670212061
yLimitAlgorithm: NoLimit
