aabbMax:
  X: 4.0
  Y: 0.6000000238418579
  Z: 0.550000011920929
aabbMin:
  X: 0.0
  Y: -0.05000000074505806
  Z: -0.550000011920929
bfres: DgnObj_SliderRail_A
boundingForTraverse: 0.6499999761581421
bugMask: 0
cursorOffsetY: 0.5
instSizeCafe: 18228
instSizeNx: 75656
mainModel: DgnObj_SliderRail_A_04
name: DgnObj_SliderRail_A_04
profile: MapConstPassive
sortKey: 0
tags:
  tag638d69dd: 1670212061
yLimitAlgorithm: NoLimit
