aabbMax:
  X: 0.6335399746894836
  Y: 0.8202319741249084
  Z: 0.07737799733877182
aabbMin:
  X: -0.6785929799079895
  Y: -0.9126889705657959
  Z: -0.00027099999715574086
attackPower: 0
bfres: DgnObj_Hrl_BoxParts_A
boundingForTraverse: 1.7329210042953491
bugMask: 1
cursorOffsetY: 0.5
generalLife: 100
instSizeCafe: 28392
instSizeNx: 89296
mainModel: DgnObj_Hrl_WallMarkB_06
name: DgnObj_Hrl_WallMarkB_06
profile: MapConstActive
sortKey: 0
systemIsGetItemSelf: false
systemSameGroupActorName: ''
tags:
  tag638d69dd: 1670212061
yLimitAlgorithm: NoLimit
