aabbMax:
  X: 2.1262400150299072
  Y: 0.8999999761581421
  Z: 2.176219940185547
aabbMin:
  X: -2.1268999576568604
  Y: 0.0
  Z: 1.8767399787902832
attackPower: 0
bfres: DgnObj_Hrl_BoxParts_A
boundingForTraverse: 0.8999999761581421
bugMask: 1
cursorOffsetY: 0.5
generalLife: 100
instSizeCafe: 39244
instSizeNx: -1
mainModel: DgnObj_Hrl_Box4x4Wainscot_01
name: DgnObj_Hrl_Box4x4Wainscot_01
profile: MapConstActive
sortKey: 0
systemIsGetItemSelf: false
systemSameGroupActorName: ''
tags:
  tag638d69dd: 1670212061
yLimitAlgorithm: NoLimit
