aabbMax:
  X: 1.5265400409698486
  Y: 2.0
  Z: 1.5265400409698486
aabbMin:
  X: -1.5265400409698486
  Y: 0.0
  Z: -1.5265400409698486
attackPower: 0
bfres: DgnObj_Hrl_BoxParts_A
boundingForTraverse: 2.0
bugMask: 1
generalLife: 100
instSizeCafe: 75488
instSizeNx: -1
mainModel: DgnObj_Hrl_GoalSystemCenter_01
name: DgnObj_Hrl_GoalSystemCenter_01
profile: MapConstActive
rigidBodyCenterY: 0.8138539791107178
sortKey: -4
systemIsGetItemSelf: false
systemSameGroupActorName: ''
tags:
  tag638d69dd: 1670212061
yLimitAlgorithm: NoLimit
