aabbMax:
  X: 1.1763900518417358
  Y: 12.0
  Z: 1.1763900518417358
aabbMin:
  X: -1.1763900518417358
  Y: 0.0
  Z: -1.1763900518417358
attackPower: 0
bfres: DgnObj_Hrl_BoxParts_A
boundingForTraverse: 12.0
bugMask: 1
generalLife: 100
instSizeCafe: 96272
instSizeNx: 224744
mainModel: DgnObj_Hrl_Box2x2x12_01
name: DgnObj_Hrl_Box2x2x12_01
profile: MapConstActive
rigidBodyCenterY: 6.0
sortKey: 0
systemIsGetItemSelf: false
systemSameGroupActorName: ''
tags:
  tag638d69dd: 1670212061
yLimitAlgorithm: NoLimit
