aabbMax:
  X: 12.950499534606934
  Y: 0.10000000149011612
  Z: 12.950499534606934
aabbMin:
  X: -12.950499534606934
  Y: 0.0
  Z: -12.950499534606934
bfres: DgnObj_IbutsuElectricDrum_A
boundingForTraverse: 0.10000000149011612
bugMask: 0
cursorOffsetY: 0.5
instSizeCafe: -1
instSizeNx: 165880
mainModel: DgnObj_IbutsuElectricDrumFloor_A_01
name: DgnObj_IbutsuElectricDrumFloor_A_01
profile: MapConstPassive
sortKey: -14
tags:
  tag03528579: 55739769
traverseDist: 99999.0
yLimitAlgorithm: NoLimit
