aabbMax:
  X: 2.1762399673461914
  Y: 6.0
  Z: 2.0
aabbMin:
  X: -2.1768999099731445
  Y: 0.0
  Z: -2.1763999462127686
attackPower: 0
bfres: DgnObj_Hrl_BoxParts_A
boundingForTraverse: 6.0
bugMask: 1
generalLife: 100
instSizeCafe: 96268
instSizeNx: -1
mainModel: DgnObj_Hrl_Box4x4x6_02
name: DgnObj_Hrl_Box4x4x6_02
profile: MapConstActive
rigidBodyCenterY: 3.175729990005493
sortKey: 2
systemIsGetItemSelf: false
systemSameGroupActorName: ''
tags:
  tag638d69dd: 1670212061
yLimitAlgorithm: NoLimit
