aabbMax:
  X: 116.4000015258789
  Y: 84.52230072021484
  Z: 116.4000015258789
aabbMin:
  X: -116.4000015258789
  Y: -0.004997000098228455
  Z: -116.4000015258789
attackPower: 0
bfres: DgnObj_Hrl_BaseRoom160x160x80_A_01
boundingForTraverse: 84.52729797363281
bugMask: 1
generalLife: 100
instSizeCafe: 147680
instSizeNx: -1
mainModel: DgnObj_Hrl_BaseRoom160x160x80_A_01
name: DgnObj_Hrl_BaseRoom160x160x80_A_01
profile: MapConstActive
rigidBodyCenterY: 47.57160186767578
sortKey: 0
systemIsGetItemSelf: false
systemSameGroupActorName: ''
tags:
  tag638d69dd: 1670212061
yLimitAlgorithm: NoLimit
