aabbMax:
  X: 1.8250099420547485
  Y: 0.001838000025600195
  Z: 2.053879976272583
aabbMin:
  X: -1.8250099420547485
  Y: -2.008359909057617
  Z: -7.0
bfres: DgnObj_DLC_NetFloorCage_A
boundingForTraverse: 2.0101981163024902
bugMask: 0
cursorOffsetY: 0.5
instSizeCafe: -1
instSizeNx: 96160
mainModel: DgnObj_DLC_NetFloorCage_A_02
name: DgnObj_DLC_NetFloorCage_A_02
profile: MapConstPassive
sortKey: 0
tags:
  tag638d69dd: 1670212061
yLimitAlgorithm: NoLimit
