aabbMax:
  X: 3.580509901046753
  Y: 1.5
  Z: 1.0
aabbMin:
  X: -3.580509901046753
  Y: 0.0
  Z: -2.773930072784424
bfres: DgnObj_BallCase_A
boundingForTraverse: 1.5
bugMask: 0
cursorOffsetY: 0.5
instSizeCafe: 17652
instSizeNx: 75656
mainModel: DgnObj_BallCase_A_01
name: DgnObj_BallCase_A_01
profile: MapConstPassive
sortKey: 0
tags:
  tag638d69dd: 1670212061
yLimitAlgorithm: NoLimit
