aabbMax:
  X: 8.000009536743164
  Y: 4.099999904632568
  Z: 7.997129917144775
aabbMin:
  X: -4.015749931335449
  Y: -8.043749809265137
  Z: -7.0
bfres: DgnObj_NetFloorCage_B
boundingForTraverse: 12.143749237060547
bugMask: 0
cursorOffsetY: 0.5
instSizeCafe: 29936
instSizeNx: -1
mainModel: DgnObj_NetFloorCage_B_01
name: DgnObj_NetFloorCage_B_01
profile: MapConstPassive
sortKey: 0
tags:
  tag638d69dd: 1670212061
yLimitAlgorithm: NoLimit
