aabbMax:
  X: 2.1762399673461914
  Y: 2.0
  Z: 2.0
aabbMin:
  X: -2.1768999099731445
  Y: 0.0
  Z: -2.1763999462127686
attackPower: 0
bfres: DgnObj_Hrl_BoxParts_A
boundingForTraverse: 2.0
bugMask: 1
generalLife: 100
instSizeCafe: 84596
instSizeNx: -1
mainModel: DgnObj_Hrl_Slope4x4x2_01
name: DgnObj_Hrl_Slope4x4x2_01
profile: MapConstActive
rigidBodyCenterY: 0.6257929801940918
sortKey: 0
systemIsGetItemSelf: false
systemSameGroupActorName: ''
tags:
  tag638d69dd: 1670212061
yLimitAlgorithm: NoLimit
