aabbMax:
  X: 2.009999990463257
  Y: 4.0
  Z: 2.0
aabbMin:
  X: -2.009999990463257
  Y: -0.2514210045337677
  Z: -6.0
attackPower: 0
bfres: DgnObj_Hrl_BoxParts_A
boundingForTraverse: 4.251420974731445
bugMask: 1
generalLife: 100
instSizeCafe: 51212
instSizeNx: -1
mainModel: DgnObj_Hrl_Slope8x4x4Top_01
name: DgnObj_Hrl_Slope8x4x4Top_01
profile: MapConstActive
rigidBodyCenterY: 1.2629499435424805
sortKey: 0
systemIsGetItemSelf: false
systemSameGroupActorName: ''
tags:
  tag638d69dd: 1670212061
yLimitAlgorithm: NoLimit
