aabbMax:
  X: 1.8719099760055542
  Y: 4.0
  Z: 1.8719099760055542
aabbMin:
  X: -1.8719099760055542
  Y: 0.0
  Z: -1.8719099760055542
attackPower: 0
bfres: DgnObj_Hrl_BoxParts_A
boundingForTraverse: 4.0
bugMask: 1
generalLife: 100
instSizeCafe: 63588
instSizeNx: -1
mainModel: DgnObj_Hrl_CeilingPillarA_03
name: DgnObj_Hrl_CeilingPillarA_03
profile: MapConstActive
rigidBodyCenterY: 1.7227200269699097
sortKey: 0
systemIsGetItemSelf: false
systemSameGroupActorName: ''
tags:
  tag638d69dd: 1670212061
yLimitAlgorithm: NoLimit
