aabbMax:
  X: 24.889699935913086
  Y: 212.86399841308594
  Z: 44.38359832763672
aabbMin:
  X: -24.889699935913086
  Y: 120.0
  Z: -44.79999923706055
attackPower: 0
bfres: DgnObj_IbutsuElectric_A
boundingForTraverse: 92.86399841308594
bugMask: 1
cursorOffsetY: 0.5
generalLife: 100
instSizeCafe: -1
instSizeNx: 929960
mainModel: DgnObj_IbutsuElectricLump_A_01
name: DgnObj_IbutsuElectricLump_A_01
profile: MapConstActive
rigidBodyCenterY: 126.8239974975586
sortKey: -15
systemIsGetItemSelf: false
systemSameGroupActorName: ''
tags:
  tag03528579: 55739769
yLimitAlgorithm: NoLimit
