aabbMax:
  X: 2.0270800590515137
  Y: 15.0
  Z: 13.857500076293945
aabbMin:
  X: -2.027590036392212
  Y: 6.667809963226318
  Z: -2.065659999847412
bfres: DgnObj_SlideCylinder_A
boundingForTraverse: 8.332189559936523
bugMask: 0
cursorOffsetY: 0.5
instSizeCafe: 29208
instSizeNx: -1
mainModel: DgnObj_SlideCylinder_A_01
name: DgnObj_SlideCylinder_A_01
profile: MapConstPassive
sortKey: 0
tags:
  tag638d69dd: 1670212061
yLimitAlgorithm: NoLimit
