aabbMax:
  X: 7.767950057983398
  Y: 4.0
  Z: 3.8334500789642334
aabbMin:
  X: -8.067720413208008
  Y: 0.0
  Z: -3.9889299869537354
bfres: DgnObj_TriangleWall_A
boundingForTraverse: 4.0
bugMask: 0
cursorOffsetY: 0.5
instSizeCafe: -1
instSizeNx: 75656
mainModel: DgnObj_TriangleWall_A_02
name: DgnObj_TriangleWall_A_02
profile: MapConstPassive
sortKey: 0
tags:
  tag638d69dd: 1670212061
yLimitAlgorithm: NoLimit
