aabbMax:
  X: 1.4038900136947632
  Y: 0.04985500127077103
  Z: 1.4038900136947632
aabbMin:
  X: -1.4038900136947632
  Y: 0.0
  Z: -1.4038900136947632
bfres: DgnObj_TerminalRug_A
boundingForTraverse: 0.04985500127077103
bugMask: 0
cursorOffsetY: 0.5
instSizeCafe: 17652
instSizeNx: 75656
mainModel: DgnObj_TerminalRug_A_01
name: DgnObj_TerminalRug_A_01
profile: MapConstPassive
sortKey: 0
tags:
  tag638d69dd: 1670212061
yLimitAlgorithm: NoLimit
