aabbMax:
  X: 0.6410959959030151
  Y: 4.005000114440918
  Z: 0.18244700133800507
aabbMin:
  X: -0.6399999856948853
  Y: 0.0
  Z: -0.06375899910926819
bfres: DgnObj_Hrl_BoxParts_A
boundingForTraverse: 4.005000114440918
bugMask: 0
cursorOffsetY: 0.5
instSizeCafe: 18156
instSizeNx: -1
mainModel: DgnObj_Hrl_LadderExtend_1x4
name: DgnObj_Hrl_LadderExtend_1x4
profile: MapConstPassive
sortKey: 0
tags:
  tag638d69dd: 1670212061
yLimitAlgorithm: NoLimit
