aabbMax:
  X: 4.3910298347473145
  Y: 4.0
  Z: 2.049999952316284
aabbMin:
  X: -4.3910298347473145
  Y: -0.04330199956893921
  Z: -7.0
bfres: DgnObj_DLC_NetFloorCage_A
boundingForTraverse: 4.043302059173584
bugMask: 0
cursorOffsetY: 0.5
instSizeCafe: 29208
instSizeNx: -1
mainModel: DgnObj_DLC_NetFloorCage_A_01
name: DgnObj_DLC_NetFloorCage_A_01
profile: MapConstPassive
sortKey: 0
tags:
  tag638d69dd: 1670212061
yLimitAlgorithm: NoLimit
