aabbMax:
  X: 27.263599395751953
  Y: 19.37579917907715
  Z: 17.057100296020508
aabbMin:
  X: -27.263599395751953
  Y: -4.921040058135986
  Z: -6.459350109100342
attackPower: 0
bfres: DgnObj_IbutsuElectric_A
boundingForTraverse: 24.296838760375977
bugMask: 1
cursorOffsetY: 0.5
generalLife: 100
instSizeCafe: -1
instSizeNx: 365096
mainModel: DgnObj_IbutsuElectricHead_A_01
name: DgnObj_IbutsuElectricHead_A_01
profile: MapDynamicActive
rigidBodyCenterY: 7.398930072784424
sortKey: -22
systemIsGetItemSelf: false
systemSameGroupActorName: ''
tags:
  tag03528579: 55739769
  tag34231ef0: 874716912
yLimitAlgorithm: NoLimit
