aabbMax:
  X: -22.142099380493164
  Y: 20.296499252319336
  Z: 58.91460037231445
aabbMin:
  X: -201.38999938964844
  Y: -22.746999740600586
  Z: -41.593299865722656
attackPower: 0
bfres: DgnObj_IbutsuWind_A
boundingForTraverse: 43.04349899291992
bugMask: 1
generalLife: 100
instSizeCafe: -1
instSizeNx: 1288648
mainModel: DgnObj_IbutsuWindWingR_A_01
name: DgnObj_IbutsuWindWingR_A_01
profile: MapConstActive
rigidBodyCenterY: 3.3112800121307373
sortKey: -32
systemIsGetItemSelf: false
systemSameGroupActorName: ''
tags:
  tag03528579: 55739769
traverseDist: 1000.0
yLimitAlgorithm: NoLimit
