aabbMax:
  X: 2.1762399673461914
  Y: 6.0
  Z: 2.176219940185547
aabbMin:
  X: -2.1768999099731445
  Y: 0.0
  Z: -2.1763999462127686
attackPower: 0
bfres: DgnObj_Hrl_BoxParts_A
boundingForTraverse: 6.0
bugMask: 1
generalLife: 100
instSizeCafe: 62636
instSizeNx: 159072
mainModel: DgnObj_Hrl_Box4x4x6Under_01
name: DgnObj_Hrl_Box4x4x6Under_01
profile: MapConstActive
rigidBodyCenterY: 3.0
sortKey: 2
systemIsGetItemSelf: false
systemSameGroupActorName: ''
tags:
  tag638d69dd: 1670212061
yLimitAlgorithm: NoLimit
