aabbMax:
  X: 2.0
  Y: -0.0005590000073425472
  Z: 2.000580072402954
aabbMin:
  X: -1.999940037727356
  Y: -1.3364399671554565
  Z: -1.9994200468063354
bfres: DgnObj_Hrl_BoxParts_A
boundingForTraverse: 1.335880994796753
bugMask: 0
instSizeCafe: 17908
instSizeNx: -1
mainModel: DgnObj_Hrl_Bridge4x4_01
name: DgnObj_hrl_Bridge4x4_01
profile: MapConstPassive
sortKey: 0
tags:
  tag638d69dd: 1670212061
yLimitAlgorithm: NoLimit
