aabbMax:
  X: 1.0326600074768066
  Y: 1.6134300231933594
  Z: 0.09847400337457657
aabbMin:
  X: -0.8029369711875916
  Y: -0.7292829751968384
  Z: -0.0005830000154674053
attackPower: 0
bfres: DgnObj_Hrl_BoxParts_A
boundingForTraverse: 2.3427131175994873
bugMask: 1
cursorOffsetY: 0.5
generalLife: 100
instSizeCafe: 28392
instSizeNx: 89296
mainModel: DgnObj_Hrl_WallMarkB_07
name: DgnObj_Hrl_WallMarkB_07
profile: MapConstActive
sortKey: 0
systemIsGetItemSelf: false
systemSameGroupActorName: ''
tags:
  tag638d69dd: 1670212061
yLimitAlgorithm: NoLimit
