aabbMax:
  X: 7.023029804229736
  Y: 4.0
  Z: 4.044000148773193
aabbMin:
  X: -12.0
  Y: -0.00041199999395757914
  Z: -4.053520202636719
bfres: DgnObj_NetFloorCage_C
boundingForTraverse: 4.0004119873046875
bugMask: 0
cursorOffsetY: 0.5
instSizeCafe: 29268
instSizeNx: -1
mainModel: DgnObj_NetFloorCage_C_01
name: DgnObj_NetFloorCage_C_01
profile: MapConstPassive
sortKey: 0
tags:
  tag638d69dd: 1670212061
yLimitAlgorithm: NoLimit
