aabbMax:
  X: 2.0
  Y: 0.0
  Z: 4.0
aabbMin:
  X: -2.0
  Y: -1.350000023841858
  Z: -4.0
bfres: DgnObj_DLC_BoxParts_A
boundingForTraverse: 1.350000023841858
bugMask: 0
instSizeCafe: 17908
instSizeNx: -1
mainModel: DgnObj_DLC_Bridge4x8_01_120_01
name: DgnObj_DLC_Bridge4x8_01_120_01
profile: MapConstPassive
sortKey: -2
tags:
  tag638d69dd: 1670212061
yLimitAlgorithm: NoLimit
