aabbMax:
  X: 45.83639907836914
  Y: -8.393219947814941
  Z: -16.256799697875977
aabbMin:
  X: -45.83639907836914
  Y: -35.61040115356445
  Z: -118.5510025024414
attackPower: 0
bfres: DgnObj_IbutsuWind_A
boundingForTraverse: 27.217182159423828
bugMask: 1
generalLife: 100
instSizeCafe: -1
instSizeNx: 234872
mainModel: DgnObj_IbutsuWindLeg_A_01
name: DgnObj_IbutsuWindLeg_A_01
profile: MapConstActive
rigidBodyCenterY: -21.962200164794922
sortKey: -18
systemIsGetItemSelf: false
systemSameGroupActorName: ''
tags:
  tag03528579: 55739769
traverseDist: 1000.0
yLimitAlgorithm: NoLimit
