aabbMax:
  X: 2.0
  Y: -0.005045999772846699
  Z: 2.0
aabbMin:
  X: -2.0
  Y: -2.799999952316284
  Z: -2.0
bfres: DgnObj_DLC_BoxParts_A
boundingForTraverse: 2.7949540615081787
bugMask: 0
cursorOffsetY: 0.5
instSizeCafe: 17652
instSizeNx: 75656
mainModel: DgnObj_DLC_Bridge4x4_01
name: DgnObj_DLC_Bridge4x4_01
profile: MapConstPassive
sortKey: 0
tags:
  tag638d69dd: 1670212061
yLimitAlgorithm: NoLimit
