aabbMax:
  X: 17.483800888061523
  Y: 22.383399963378906
  Z: 3.7107601165771484
aabbMin:
  X: -17.483800888061523
  Y: -33.36869812011719
  Z: -37.61970138549805
attackPower: 0
bfres: DgnObj_IbutsuElectric_A
boundingForTraverse: 55.752098083496094
bugMask: 1
cursorOffsetY: 0.5
generalLife: 100
instSizeCafe: -1
instSizeNx: 419512
mainModel: DgnObj_IbutsuElectricTail_A_01
name: DgnObj_IbutsuElectricTail_A_01
profile: MapConstActive
rigidBodyCenterY: -5.992990016937256
sortKey: -13
systemIsGetItemSelf: false
systemSameGroupActorName: ''
tags:
  tag03528579: 55739769
yLimitAlgorithm: NoLimit
