aabbMax:
  X: 49.992401123046875
  Y: -0.2621079981327057
  Z: 65.66190338134766
aabbMin:
  X: -49.992401123046875
  Y: -72.03109741210938
  Z: -59.57709884643555
attackPower: 0
bfres: DgnObj_IbutsuWater_A
boundingForTraverse: 71.76898956298828
bugMask: 1
cursorOffsetY: 0.5
generalLife: 100
instSizeCafe: -1
instSizeNx: 313432
mainModel: DgnObj_IbutsuWaterLeg_A_01
name: DgnObj_IbutsuWaterLeg_A_01
profile: MapConstActive
rigidBodyCenterY: -29.69260025024414
sortKey: -17
systemIsGetItemSelf: false
systemSameGroupActorName: ''
tags:
  tag03528579: 55739769
yLimitAlgorithm: NoLimit
