aabbMax:
  X: 16.97570037841797
  Y: 25.250900268554688
  Z: 101.34200286865234
aabbMin:
  X: -16.97570037841797
  Y: -10.250900268554688
  Z: 66.69999694824219
attackPower: 0
bfres: DgnObj_IbutsuFire_A
boundingForTraverse: 35.501800537109375
bugMask: 1
generalLife: 100
instSizeCafe: -1
instSizeNx: 156392
mainModel: DgnObj_IbutsuFireHead_A_01
name: DgnObj_IbutsuFireHead_A_01
profile: MapConstActive
rigidBodyCenterY: 7.8346099853515625
sortKey: -22
systemIsGetItemSelf: false
systemSameGroupActorName: ''
tags:
  tag03528579: 55739769
traverseDist: 99999.0
yLimitAlgorithm: NoLimit
