aabbMax:
  X: 4.0
  Y: 0.6827070116996765
  Z: 0.6283950209617615
aabbMin:
  X: -0.522616982460022
  Y: -0.12626199424266815
  Z: -0.6404169797897339
bfres: DgnObj_SliderRail_A
boundingForTraverse: 0.8089690208435059
bugMask: 0
cursorOffsetY: 0.5
instSizeCafe: 29784
instSizeNx: 96160
mainModel: DgnObj_SliderRail_A_03
name: DgnObj_SliderRail_A_05
profile: MapConstPassive
sortKey: 0
tags:
  tag638d69dd: 1670212061
yLimitAlgorithm: NoLimit
