aabbMax:
  X: 24.399999618530273
  Y: 24.399999618530273
  Z: 17.09000015258789
aabbMin:
  X: -24.399999618530273
  Y: -24.399999618530273
  Z: -16.133699417114258
attackPower: 0
bfres: DgnObj_Hrl_BaseRoom50x50x20_B_01
boundingForTraverse: 48.79999923706055
bugMask: 1
generalLife: 100
instSizeCafe: -1
instSizeNx: 204184
mainModel: DgnObj_Hrl_BaseRoom50x50x20_B_01
name: DgnObj_Hrl_BaseRoom50x50x20_B_01
profile: MapConstActive
rigidBodyCenterY: 0.0024659999180585146
sortKey: 0
systemIsGetItemSelf: false
systemSameGroupActorName: ''
tags:
  tag638d69dd: 1670212061
yLimitAlgorithm: NoLimit
