aabbMax:
  X: 33.010398864746094
  Y: 102.40399932861328
  Z: 43.60649871826172
aabbMin:
  X: -33.010398864746094
  Y: -10.993200302124023
  Z: -43.010398864746094
attackPower: 0
bfres: DgnObj_IbutsuElectric_A
boundingForTraverse: 113.39720153808594
bugMask: 3
cursorOffsetY: 0.5
generalLife: 100
instSizeCafe: -1
instSizeNx: 292832
mainModel: DgnObj_IbutsuElectricLeg_A_01
name: DgnObj_IbutsuElectricLeg_A_01
profile: MapDynamicActive
slink: DgnObj_IbutsuElectricLeg
sortKey: -14
systemIsGetItemSelf: false
systemSameGroupActorName: ''
tags:
  tag03528579: 55739769
  tag336bf311: 862712593
traverseDist: 99999.0
yLimitAlgorithm: NoLimit
