aabbMax:
  X: 1.533619999885559
  Y: 6.0
  Z: 1.533619999885559
aabbMin:
  X: -1.533619999885559
  Y: -0.11060699820518494
  Z: -1.533619999885559
attackPower: 0
bfres: DgnObj_Hrl_BoxParts_A
boundingForTraverse: 6.110607147216797
bugMask: 1
generalLife: 100
instSizeCafe: 72876
instSizeNx: -1
mainModel: DgnObj_Hrl_GoalSystemCenter_02
name: DgnObj_Hrl_GoalSystemCenter_02
profile: MapConstActive
rigidBodyCenterY: 2.6820900440216064
sortKey: 0
systemIsGetItemSelf: false
systemSameGroupActorName: ''
tags:
  tag638d69dd: 1670212061
yLimitAlgorithm: NoLimit
