aabbMax:
  X: 2.0
  Y: 0.0
  Z: 2.0
aabbMin:
  X: -2.0
  Y: -1.3249499797821045
  Z: -2.0
bfres: DgnObj_DLC_BoxParts_A
boundingForTraverse: 1.3249499797821045
bugMask: 0
instSizeCafe: 17652
instSizeNx: -1
mainModel: DgnObj_DLC_Bridge4x4_01_120_01
name: DgnObj_DLC_Bridge4x4_01_120_01
profile: MapConstPassive
sortKey: -3
tags:
  tag638d69dd: 1670212061
yLimitAlgorithm: NoLimit
