aabbMax:
  X: 1.126389980316162
  Y: 0.8999999761581421
  Z: 1.1763900518417358
aabbMin:
  X: -1.126389980316162
  Y: 0.0
  Z: 0.8769069910049438
attackPower: 0
bfres: DgnObj_Hrl_BoxParts_A
boundingForTraverse: 0.8999999761581421
bugMask: 1
cursorOffsetY: 0.5
generalLife: 100
instSizeCafe: 39244
instSizeNx: -1
mainModel: DgnObj_Hrl_Box2x2Wainscot_01
name: DgnObj_Hrl_Box2x2Wainscot_01
profile: MapConstActive
sortKey: 0
systemIsGetItemSelf: false
systemSameGroupActorName: ''
tags:
  tag638d69dd: 1670212061
yLimitAlgorithm: NoLimit
