aabbMax:
  X: 116.4000015258789
  Y: 34.522300720214844
  Z: 194.0
aabbMin:
  X: -116.4000015258789
  Y: -100.0
  Z: -194.0
attackPower: 0
bfres: DgnObj_Hrl_BaseRoom60x180x20_C_01
boundingForTraverse: 134.52230834960938
bugMask: 1
generalLife: 100
instSizeCafe: 76176
instSizeNx: -1
mainModel: DgnObj_Hrl_BaseRoom60x180x20_C_01
name: DgnObj_Hrl_BaseRoom60x180x20_C_01
profile: MapConstActive
rigidBodyCenterY: 28.1023006439209
sortKey: 0
systemIsGetItemSelf: false
systemSameGroupActorName: ''
tags:
  tag638d69dd: 1670212061
yLimitAlgorithm: NoLimit
