aabbMax:
  X: 3.9514501094818115
  Y: 9.0
  Z: 3.9514501094818115
aabbMin:
  X: -3.9514501094818115
  Y: -0.5820130109786987
  Z: -3.9514501094818115
attackPower: 0
bfres: DgnObj_Hrl_BoxParts_A
boundingForTraverse: 9.582013130187988
bugMask: 1
generalLife: 100
instSizeCafe: 86444
instSizeNx: -1
mainModel: DgnObj_Hrl_CeilingPillarA_01
name: DgnObj_Hrl_CeilingPillarA_01
profile: MapConstActive
rigidBodyCenterY: 3.594330072402954
sortKey: 0
systemIsGetItemSelf: false
systemSameGroupActorName: ''
tags:
  tag638d69dd: 1670212061
yLimitAlgorithm: NoLimit
