aabbMax:
  X: 2.0
  Y: 0.0
  Z: 2.0
aabbMin:
  X: -2.0
  Y: -0.03999999910593033
  Z: -2.0
bfres: DgnObj_Hrl_BoxParts_A
boundingForTraverse: 0.03999999910593033
bugMask: 0
instSizeCafe: 17652
instSizeNx: 75656
mainModel: DgnObj_Hrl_BoxCover4x4_01
name: DgnObj_Hrl_BoxCover4x4_01
profile: MapConstPassive
sortKey: 4
tags:
  tag638d69dd: 1670212061
yLimitAlgorithm: NoLimit
