aabbMax:
  X: 42.424198150634766
  Y: 63.39179992675781
  Z: -7.930819988250732
aabbMin:
  X: -42.424198150634766
  Y: -32.03499984741211
  Z: -149.5
attackPower: 0
bfres: DgnObj_IbutsuWind_A
boundingForTraverse: 95.42680358886719
bugMask: 1
generalLife: 100
instSizeCafe: -1
instSizeNx: 1136184
mainModel: DgnObj_IbutsuWindTail_A_01
name: DgnObj_IbutsuWindTail_A_01
profile: MapConstActive
rigidBodyCenterY: 13.05720043182373
sortKey: -25
systemIsGetItemSelf: false
systemSameGroupActorName: ''
tags:
  tag03528579: 55739769
traverseDist: 1000.0
yLimitAlgorithm: NoLimit
