aabbMax:
  X: 4.176239967346191
  Y: 2.0
  Z: 2.176219940185547
aabbMin:
  X: -4.1768999099731445
  Y: 0.0
  Z: -2.1763999462127686
attackPower: 0
bfres: DgnObj_Hrl_BoxParts_A
boundingForTraverse: 2.0
bugMask: 1
generalLife: 100
instSizeCafe: 100040
instSizeNx: -1
mainModel: DgnObj_Hrl_Stair4x8x2_01
name: DgnObj_Hrl_Stair4x8x2_01
profile: MapConstActive
rigidBodyCenterY: 0.5385419726371765
sortKey: 0
systemIsGetItemSelf: false
systemSameGroupActorName: ''
tags:
  tag638d69dd: 1670212061
yLimitAlgorithm: NoLimit
