aabbMax:
  X: 0.6410959959030151
  Y: 6.2652201652526855
  Z: 0.20000000298023224
aabbMin:
  X: -0.6399999856948853
  Y: 0.0
  Z: -0.2575109899044037
bfres: DgnObj_Hrl_BoxParts_A
boundingForTraverse: 6.2652201652526855
bugMask: 0
instSizeCafe: -1
instSizeNx: 75656
mainModel: DgnObj_Hrl_Ladder_1x6
name: DgnObj_Hrl_Ladder_1x6
profile: MapConstPassive
sortKey: 0
tags:
  tag638d69dd: 1670212061
yLimitAlgorithm: NoLimit
