aabbMax:
  X: 116.4000015258789
  Y: 34.522300720214844
  Z: 194.0
aabbMin:
  X: -116.4000015258789
  Y: -0.30959099531173706
  Z: -194.0
attackPower: 0
bfres: DgnObj_Hrl_BaseRoom60x180x20_A_01
boundingForTraverse: 34.83189010620117
bugMask: 1
generalLife: 100
instSizeCafe: 158084
instSizeNx: 368176
mainModel: DgnObj_Hrl_BaseRoom60x180x20_A_01
name: DgnObj_Hrl_BaseRoom60x180x20_A_01
profile: MapConstActive
rigidBodyCenterY: 16.968700408935547
sortKey: 0
systemIsGetItemSelf: false
systemSameGroupActorName: ''
tags:
  tag638d69dd: 1670212061
yLimitAlgorithm: NoLimit
