aabbMax:
  X: 27.92650032043457
  Y: 28.476900100708008
  Z: 5.921189785003662
aabbMin:
  X: -13.85669994354248
  Y: 0.0
  Z: -6.070950031280518
attackPower: 0
bfres: DgnObj_DLC_FinalTrialMapSign_A
boundingForTraverse: 28.476900100708008
bugMask: 0
cursorOffsetY: 0.5
generalLife: 100
instSizeCafe: 38840
instSizeNx: -1
mainModel: DgnObj_DLC_FinalTrialMapSign_A_01
name: DgnObj_DLC_FinalTrialMapSign_A_01
profile: MapDynamicActive
sortKey: -2
systemIsGetItemSelf: false
systemSameGroupActorName: ''
tags:
  tag03528579: 55739769
traverseDist: 2000.0
yLimitAlgorithm: NoLimit
