aabbMax:
  X: 2.0
  Y: 0.2800000011920929
  Z: 0.17000000178813934
aabbMin:
  X: 0.0
  Y: 0.0
  Z: -0.17000000178813934
bfres: DgnObj_SliderRail_A
boundingForTraverse: 0.2800000011920929
bugMask: 0
cursorOffsetY: 0.5
instSizeCafe: 18224
instSizeNx: -1
mainModel: DgnObj_SliderRail_A_02
name: DgnObj_SliderRail_A_02
profile: MapConstPassive
sortKey: 0
tags:
  tag638d69dd: 1670212061
yLimitAlgorithm: NoLimit
