aabbMax:
  X: 9.296830177307129
  Y: 67.4000015258789
  Z: 32.24250030517578
aabbMin:
  X: -9.296830177307129
  Y: -9.199999809265137
  Z: -8.026180267333984
attackPower: 0
bfres: DgnObj_IbutsuElectric_A
boundingForTraverse: 76.5999984741211
bugMask: 1
cursorOffsetY: 0.5
generalLife: 100
instSizeCafe: -1
instSizeNx: 650584
mainModel: DgnObj_IbutsuElectricNeck_A_01
name: DgnObj_IbutsuElectricNeck_A_01
profile: MapConstActive
rigidBodyCenterY: 28.17799949645996
sortKey: -20
systemIsGetItemSelf: false
systemSameGroupActorName: ''
tags:
  tag03528579: 55739769
yLimitAlgorithm: NoLimit
