aabbMax:
  X: 0.699999988079071
  Y: 4.0
  Z: 0.699999988079071
aabbMin:
  X: -2.0717198848724365
  Y: 0.0
  Z: -2.0717198848724365
attackPower: 0
bfres: DgnObj_DLC_BoxParts_A
boundingForTraverse: 4.0
bugMask: 1
cursorOffsetY: 0.5
generalLife: 100
instSizeCafe: 63172
instSizeNx: 159800
mainModel: DgnObj_DLC_Box4x4x4Top_02
name: DgnObj_DLC_Box4x4x4Top_02
profile: MapConstActive
rigidBodyCenterY: 2.0
sortKey: 0
systemIsGetItemSelf: false
systemSameGroupActorName: ''
tags:
  tag638d69dd: 1670212061
yLimitAlgorithm: NoLimit
