aabbMax:
  X: 39.04999923706055
  Y: 88.30000305175781
  Z: 57.349998474121094
aabbMin:
  X: -39.04999923706055
  Y: 1.0
  Z: -82.44999694824219
attackPower: 0
bfres: DgnObj_IbutsuWater_A
boundingForTraverse: 87.30000305175781
bugMask: 1
cursorOffsetY: 0.5
generalLife: 100
instSizeCafe: -1
instSizeNx: 1288744
mainModel: DgnObj_IbutsuWaterBodyInside_A_01
name: DgnObj_IbutsuWaterBodyInside_A_01
profile: MapConstActive
rigidBodyCenterY: 31.099199295043945
sortKey: -21
systemIsGetItemSelf: false
systemSameGroupActorName: ''
tags:
  tag03528579: 55739769
yLimitAlgorithm: NoLimit
