aabbMax:
  X: 6.033820152282715
  Y: 9.536569595336914
  Z: 6.033820152282715
aabbMin:
  X: -6.033820152282715
  Y: 6.000000212225132e-06
  Z: -6.033820152282715
attackPower: 0
bfres: DgnObj_Hrl_BoxParts_A
boundingForTraverse: 9.536563873291016
bugMask: 1
generalLife: 100
instSizeCafe: 85552
instSizeNx: -1
mainModel: DgnObj_Hrl_CeilingPillarA_02
name: DgnObj_Hrl_CeilingPillarA_02
profile: MapConstActive
rigidBodyCenterY: 6.642920017242432
sortKey: 0
systemIsGetItemSelf: false
systemSameGroupActorName: ''
tags:
  tag638d69dd: 1670212061
yLimitAlgorithm: NoLimit
