aabbMax:
  X: 2.1762399673461914
  Y: 4.0
  Z: 2.176219940185547
aabbMin:
  X: -2.1768999099731445
  Y: 0.0
  Z: -6.176400184631348
attackPower: 0
bfres: DgnObj_Hrl_BoxParts_A
boundingForTraverse: 4.0
bugMask: 1
generalLife: 100
instSizeCafe: -1
instSizeNx: 228840
mainModel: DgnObj_Hrl_Stair8x4x4_01
name: DgnObj_hrl_Stair8x4x4_01
profile: MapConstActive
rigidBodyCenterY: 1.2341500520706177
sortKey: 0
systemIsGetItemSelf: false
systemSameGroupActorName: ''
tags:
  tag638d69dd: 1670212061
yLimitAlgorithm: NoLimit
