aabbMax:
  X: 2.1762399673461914
  Y: 4.0
  Z: 0.6514120101928711
aabbMin:
  X: -2.1768999099731445
  Y: 0.0
  Z: -0.6531569957733154
attackPower: 0
bfres: DgnObj_Hrl_BoxParts_A
boundingForTraverse: 4.0
bugMask: 1
generalLife: 100
instSizeCafe: 63588
instSizeNx: -1
mainModel: DgnObj_Hrl_Fence4x6_01
name: DgnObj_hrl_Fence4x6_01
profile: MapConstActive
rigidBodyCenterY: 1.879639983177185
sortKey: 0
systemIsGetItemSelf: false
systemSameGroupActorName: ''
tags:
  tag638d69dd: 1670212061
yLimitAlgorithm: NoLimit
