aabbMax:
  X: 1.1763900518417358
  Y: 6.0
  Z: 1.1763900518417358
aabbMin:
  X: -1.1763900518417358
  Y: 0.0
  Z: -1.1763900518417358
attackPower: 0
bfres: DgnObj_Hrl_BoxParts_A
boundingForTraverse: 6.0
bugMask: 1
generalLife: 100
instSizeCafe: -1
instSizeNx: 224744
mainModel: DgnObj_Hrl_Box2x2x6_01
name: DgnObj_hrl_Box2x2x6_01
profile: MapConstActive
rigidBodyCenterY: 3.0
sortKey: 2
systemIsGetItemSelf: false
systemSameGroupActorName: ''
tags:
  tag638d69dd: 1670212061
yLimitAlgorithm: NoLimit
