aabbMax:
  X: 20.950700759887695
  Y: 18.80109977722168
  Z: 2.0024099349975586
aabbMin:
  X: -2.0
  Y: 0.0
  Z: -2.0024099349975586
bfres: DgnObj_SpherePassageWay_A
boundingForTraverse: 18.80109977722168
bugMask: 0
cursorOffsetY: 0.5
instSizeCafe: 18156
instSizeNx: -1
mainModel: DgnObj_SpherePassageWay_A_02
name: DgnObj_SpherePassageWay_A_02
profile: MapConstPassive
sortKey: 0
tags:
  tag638d69dd: 1670212061
yLimitAlgorithm: NoLimit
