aabbMax:
  X: 4.176239967346191
  Y: 12.0
  Z: 4.176219940185547
aabbMin:
  X: -4.1768999099731445
  Y: 0.0
  Z: -4.176400184631348
attackPower: 0
bfres: DgnObj_Hrl_BoxParts_A
boundingForTraverse: 12.0
bugMask: 1
generalLife: 100
instSizeCafe: 85552
instSizeNx: -1
mainModel: DgnObj_Hrl_Box8x8x12_01
name: DgnObj_Hrl_Box8x8x12_01
profile: MapConstActive
rigidBodyCenterY: 6.0
sortKey: 4
systemIsGetItemSelf: false
systemSameGroupActorName: ''
tags:
  tag638d69dd: 1670212061
yLimitAlgorithm: NoLimit
