aabbMax:
  X: 2.0
  Y: 0.05000000074505806
  Z: 2.0
aabbMin:
  X: 1.79298996925354
  Y: -0.05000000074505806
  Z: -1.7929999828338623
bfres: DgnObj_Hrl_BoxParts_A
boundingForTraverse: 0.10000000149011612
bugMask: 0
instSizeCafe: -1
instSizeNx: 75656
mainModel: DgnObj_Hrl_NetFrame4x4_03
name: DgnObj_Hrl_NetFrame4x4_03
profile: MapConstPassive
sortKey: 0
tags:
  tag638d69dd: 1670212061
yLimitAlgorithm: NoLimit
