aabbMax:
  X: 60.15840148925781
  Y: 74.12079620361328
  Z: 49.44260025024414
aabbMin:
  X: -60.15840148925781
  Y: -30.79829978942871
  Z: -23.365400314331055
attackPower: 0
bfres: DgnObj_IbutsuWater_A
boundingForTraverse: 104.91909790039062
bugMask: 1
cursorOffsetY: 0.5
generalLife: 100
instSizeCafe: -1
instSizeNx: 926192
mainModel: DgnObj_IbutsuWaterHead_A_01
name: DgnObj_IbutsuWaterHead_A_01
profile: MapConstActive
rigidBodyCenterY: 32.86690139770508
sortKey: -27
systemIsGetItemSelf: false
systemSameGroupActorName: ''
tags:
  tag03528579: 55739769
yLimitAlgorithm: NoLimit
