aabbMax:
  X: 0.6000000238418579
  Y: 1.399999976158142
  Z: 0.6000000238418579
aabbMin:
  X: -0.6000000238418579
  Y: 0.0
  Z: -0.6000000238418579
bfres: DgnObj_FireBox_A
boundingForTraverse: 1.399999976158142
bugMask: 0
cursorOffsetY: 0.5
instSizeCafe: 18228
instSizeNx: 75656
mainModel: DgnObj_FireBox_A_01
name: DgnObj_FireBox_A_01
profile: MapConstPassive
sortKey: 0
tags:
  tag638d69dd: 1670212061
yLimitAlgorithm: NoLimit
