aabbMax:
  X: 0.4735009968280792
  Y: 0.4735009968280792
  Z: 9.688850402832031
aabbMin:
  X: -0.4735009968280792
  Y: -0.4735009968280792
  Z: -1.4888399839401245
bfres: DgnObj_MagneGearAcceptor_A
boundingForTraverse: 0.9470019936561584
bugMask: 0
cursorOffsetY: 0.5
instSizeCafe: 18484
instSizeNx: -1
mainModel: DgnObj_MagneGearAcceptor_A_05
name: DgnObj_MagneGearAcceptor_A_05
profile: MapConstPassive
sortKey: 0
tags:
  tag638d69dd: 1670212061
yLimitAlgorithm: NoLimit
