aabbMax:
  X: 34.830101013183594
  Y: 36.76919937133789
  Z: 163.28199768066406
aabbMin:
  X: -34.830101013183594
  Y: -24.0
  Z: 52.0
attackPower: 0
bfres: DgnObj_IbutsuWind_A
boundingForTraverse: 60.76919937133789
bugMask: 1
generalLife: 100
instSizeCafe: -1
instSizeNx: 844040
mainModel: DgnObj_IbutsuWindHead_A_01
name: DgnObj_IbutsuWindHead_A_01
profile: MapConstActive
rigidBodyCenterY: -2.800139904022217
sortKey: -40
systemIsGetItemSelf: false
systemSameGroupActorName: ''
tags:
  tag03528579: 55739769
traverseDist: 1000.0
yLimitAlgorithm: NoLimit
