aabbMax:
  X: 1.1763900518417358
  Y: 4.0
  Z: 1.0
aabbMin:
  X: -1.1763900518417358
  Y: 0.0
  Z: -1.1763900518417358
attackPower: 0
bfres: DgnObj_Hrl_BoxParts_A
boundingForTraverse: 4.0
bugMask: 1
generalLife: 100
instSizeCafe: 97224
instSizeNx: -1
mainModel: DgnObj_Hrl_Box2x2x4_02
name: DgnObj_Hrl_Box2x2x4_02
profile: MapConstActive
rigidBodyCenterY: 2.239150047302246
sortKey: 2
systemIsGetItemSelf: false
systemSameGroupActorName: ''
tags:
  tag638d69dd: 1670212061
yLimitAlgorithm: NoLimit
