aabbMax:
  X: 62.669498443603516
  Y: 17.804899215698242
  Z: 74.23590087890625
aabbMin:
  X: -62.669498443603516
  Y: -41.67789840698242
  Z: -11.149999618530273
attackPower: 0
bfres: DgnObj_IbutsuWind_A
boundingForTraverse: 59.48279571533203
bugMask: 1
generalLife: 100
instSizeCafe: -1
instSizeNx: 1309296
mainModel: DgnObj_IbutsuWindBody_A_01
name: DgnObj_IbutsuWindBody_A_01
profile: MapConstActive
rigidBodyCenterY: 1.9583200216293335
sortKey: -38
systemIsGetItemSelf: false
systemSameGroupActorName: ''
tags:
  tag03528579: 55739769
traverseDist: 1000.0
yLimitAlgorithm: NoLimit
