aabbMax:
  X: 2.0
  Y: 0.013984999619424343
  Z: 2.0
aabbMin:
  X: -2.0
  Y: -0.0735590010881424
  Z: -2.0
bfres: DgnObj_Hrl_BoxParts_A
boundingForTraverse: 0.08754400163888931
bugMask: 0
instSizeCafe: -1
instSizeNx: 96160
mainModel: DgnObj_Hrl_NetFloor4x4_01
name: DgnObj_Hrl_NetFloor4x4_01
profile: MapConstPassive
sortKey: 0
tags:
  tag638d69dd: 1670212061
yLimitAlgorithm: NoLimit
