aabbMax:
  X: 5.050000190734863
  Y: 8.0
  Z: 5.050000190734863
aabbMin:
  X: -5.050000190734863
  Y: 0.0
  Z: -5.050000190734863
bfres: DgnObj_NetFloorCage_D
boundingForTraverse: 8.0
bugMask: 0
cursorOffsetY: 0.5
instSizeCafe: -1
instSizeNx: 96160
mainModel: DgnObj_NetFloorCage_D_01
name: DgnObj_NetFloorCage_D_01
profile: MapConstPassive
sortKey: 0
tags:
  tag638d69dd: 1670212061
yLimitAlgorithm: NoLimit
