aabbMax:
  X: 12.89009952545166
  Y: 0.0
  Z: 14.695300102233887
aabbMin:
  X: -12.891400337219238
  Y: -4.906660079956055
  Z: -7.920229911804199
attackPower: 0
bfres: DgnObj_IbutsuWindPropeller_A
boundingForTraverse: 4.906660079956055
bugMask: 3
cursorOffsetY: 0.5
generalLife: 100
instSizeCafe: -1
instSizeNx: 94672
mainModel: DgnObj_IbutsuWindPropeller_A_01
name: DgnObj_IbutsuWindPropeller_A_01
profile: MapConstActive
rigidBodyCenterY: -2.5
slink: DgnObj_IbutsuWindPropeller_A_01
sortKey: 5
systemIsGetItemSelf: false
systemSameGroupActorName: ''
tags:
  tag03528579: 55739769
traverseDist: 99999.0
yLimitAlgorithm: NoLimit
