aabbMax:
  X: 2.0
  Y: 0.05000000074505806
  Z: 2.0
aabbMin:
  X: 1.79298996925354
  Y: -0.05000000074505806
  Z: -2.0
bfres: DgnObj_Hrl_BoxParts_A
boundingForTraverse: 0.10000000149011612
bugMask: 0
instSizeCafe: 17652
instSizeNx: 75656
mainModel: DgnObj_Hrl_NetFrame4x4_01
name: DgnObj_DLC_NetFrame4x4_01
profile: MapConstPassive
sortKey: -21
tags:
  tag638d69dd: 1670212061
yLimitAlgorithm: NoLimit
