aabbMax:
  X: 4.010000228881836
  Y: 2.0
  Z: 2.0
aabbMin:
  X: -4.010000228881836
  Y: -0.2514210045337677
  Z: -2.0
attackPower: 0
bfres: DgnObj_Hrl_BoxParts_A
boundingForTraverse: 2.2514209747314453
bugMask: 1
generalLife: 100
instSizeCafe: -1
instSizeNx: 138528
mainModel: DgnObj_Hrl_Slope8x4x2Top_01
name: DgnObj_Hrl_Slope8x4x2Top_01
profile: MapConstActive
rigidBodyCenterY: 0.6222720146179199
sortKey: 0
systemIsGetItemSelf: false
systemSameGroupActorName: ''
tags:
  tag638d69dd: 1670212061
yLimitAlgorithm: NoLimit
