aabbMax:
  X: 2.009999990463257
  Y: 2.0
  Z: 2.0
aabbMin:
  X: -2.009999990463257
  Y: -0.2514210045337677
  Z: -2.0
attackPower: 0
bfres: DgnObj_Hrl_BoxParts_A
boundingForTraverse: 2.2514209747314453
bugMask: 1
generalLife: 100
instSizeCafe: 50676
instSizeNx: -1
mainModel: DgnObj_Hrl_Slope4x4x2Top_01
name: DgnObj_Hrl_Slope4x4x2Top_01
profile: MapConstActive
rigidBodyCenterY: 0.6258310079574585
sortKey: 0
systemIsGetItemSelf: false
systemSameGroupActorName: ''
tags:
  tag638d69dd: 1670212061
yLimitAlgorithm: NoLimit
