aabbMax:
  X: 6.0
  Y: 0.03750000149011612
  Z: 2.91087007522583
aabbMin:
  X: -6.0
  Y: -0.0004970000009052455
  Z: -3.1133100986480713
bfres: DgnObj_DoorIron_A
boundingForTraverse: 0.03799699991941452
bugMask: 0
instSizeCafe: 17648
instSizeNx: -1
mainModel: DgnObj_DoorRail_A_01
name: DgnObj_DoorIronRail_A
profile: MapConstPassive
sortKey: 0
tags:
  tag03528579: 55739769
  tag638d69dd: 1670212061
yLimitAlgorithm: NoLimit
