aabbMax:
  X: 4.099999904632568
  Y: 5.862500190734863
  Z: 4.150000095367432
aabbMin:
  X: -4.099999904632568
  Y: 1.75
  Z: -4.150000095367432
attackPower: 0
bfres: DgnObj_IbutsuWaterPulleyLift_B
boundingForTraverse: 4.112500190734863
bugMask: 1
cursorOffsetY: 0.5
generalLife: 100
instSizeCafe: -1
instSizeNx: 241832
mainModel: DgnObj_IbutsuWaterPulleyLift_B_01
name: DgnObj_IbutsuWaterPulleyLift_B_01
profile: MapConstActive
rigidBodyCenterY: 2.91471004486084
sortKey: -15
systemIsGetItemSelf: false
systemSameGroupActorName: ''
traverseDist: 2000.0
yLimitAlgorithm: NoLimit
