aabbMax:
  X: 116.4000015258789
  Y: 34.522300720214844
  Z: 116.4000015258789
aabbMin:
  X: -116.4000015258789
  Y: -0.25513699650764465
  Z: -116.4000015258789
attackPower: 0
bfres: DgnObj_Hrl_BaseRoom60x60x20_A_01
boundingForTraverse: 34.77743911743164
bugMask: 1
generalLife: 100
instSizeCafe: -1
instSizeNx: 368200
mainModel: DgnObj_Hrl_BaseRoom60x60x20_A_01
name: DgnObj_Hrl_BaseRoom60x60x20_A_01
profile: MapConstActive
rigidBodyCenterY: 16.759000778198242
sortKey: 0
systemIsGetItemSelf: false
systemSameGroupActorName: ''
tags:
  tag638d69dd: 1670212061
yLimitAlgorithm: NoLimit
