aabbMax:
  X: 0.7816240191459656
  Y: 0.956758975982666
  Z: 3.9496500492095947
aabbMin:
  X: -0.7816230058670044
  Y: -2.0
  Z: -0.41178300976753235
bfres: DgnObj_BombPipe_A
boundingForTraverse: 2.956758975982666
bugMask: 0
cursorOffsetY: 0.5
instSizeCafe: 40156
instSizeNx: -1
mainModel: DgnObj_BombPipe_A_01
name: DgnObj_DLC_BombPipe_B_01
profile: MapConstPassive
sortKey: -57
tags:
  tag638d69dd: 1670212061
yLimitAlgorithm: NoLimit
