aabbMax:
  X: 24.399999618530273
  Y: 24.368600845336914
  Z: 5.010000228881836
aabbMin:
  X: -24.399999618530273
  Y: -24.399999618530273
  Z: -2.6013500690460205
attackPower: 0
bfres: DgnObj_IbutsuElectricDrum_A
boundingForTraverse: 48.76860046386719
bugMask: 1
cursorOffsetY: 0.5
generalLife: 100
instSizeCafe: -1
instSizeNx: 231912
mainModel: DgnObj_IbutsuElectricDrumCover_A_02
name: DgnObj_IbutsuElectricDrumCover_A_02
profile: MapConstActive
rigidBodyCenterY: 0.04086500033736229
sortKey: -3
systemIsGetItemSelf: false
systemSameGroupActorName: ''
tags:
  tag03528579: 55739769
traverseDist: 99999.0
yLimitAlgorithm: NoLimit
