aabbMax:
  X: 0.05000000074505806
  Y: 1.1870100498199463
  Z: 1.607010006904602
aabbMin:
  X: -0.05000000074505806
  Y: 0.0
  Z: 0.0
bfres: DgnObj_DLC_BoxParts_A
boundingForTraverse: 1.1870100498199463
bugMask: 0
cursorOffsetY: 0.5
instSizeCafe: 17652
instSizeNx: 75656
mainModel: DgnObj_DLC_NetFrame2x2x2_01
name: DgnObj_DLC_NetFrame2x2x2_01
profile: MapConstPassive
sortKey: 0
tags:
  tag638d69dd: 1670212061
yLimitAlgorithm: NoLimit
