aabbMax:
  X: 4.0
  Y: 0.0
  Z: 4.0
aabbMin:
  X: -3.999969959259033
  Y: -0.03999999910593033
  Z: -4.0
bfres: DgnObj_Hrl_BoxParts_A
boundingForTraverse: 0.03999999910593033
bugMask: 0
instSizeCafe: 18156
instSizeNx: -1
mainModel: DgnObj_Hrl_BoxCover8x8_01
name: DgnObj_Hrl_BoxCover8x8_02
profile: MapConstPassive
sortKey: 4
tags:
  tag638d69dd: 1670212061
yLimitAlgorithm: NoLimit
