aabbMax:
  X: 2.000930070877075
  Y: 0.15000000596046448
  Z: 2.000930070877075
aabbMin:
  X: -2.000930070877075
  Y: 0.0
  Z: -2.000930070877075
bfres: DgnObj_FloorMark_A
boundingForTraverse: 0.15000000596046448
bugMask: 0
instSizeCafe: 17908
instSizeNx: 75656
mainModel: DgnObj_FloorMark_A_01
name: DgnObj_Hrl_FloorMark4x4_01
profile: MapConstPassive
sortKey: 0
tags:
  tag638d69dd: 1670212061
yLimitAlgorithm: NoLimit
