aabbMax:
  X: 2.0027101039886475
  Y: 0.004011000040918589
  Z: 0.5004069805145264
aabbMin:
  X: -2.0027101039886475
  Y: -0.9980000257492065
  Z: -0.5000270009040833
attackPower: 0
bfres: DgnObj_Hrl_BoxParts_A
boundingForTraverse: 1.0020109415054321
bugMask: 1
generalLife: 100
instSizeCafe: -1
instSizeNx: 138608
mainModel: DgnObj_Hrl_Arch4x2_01
name: DgnObj_Hrl_Arch4x2_01
profile: MapConstActive
rigidBodyCenterY: -0.42539599537849426
sortKey: 0
systemIsGetItemSelf: false
systemSameGroupActorName: ''
tags:
  tag638d69dd: 1670212061
yLimitAlgorithm: NoLimit
