aabbMax:
  X: 2.1762399673461914
  Y: 4.0
  Z: 2.0
aabbMin:
  X: -2.1768999099731445
  Y: 0.0
  Z: -2.1763999462127686
attackPower: 0
bfres: DgnObj_Hrl_BoxParts_A
boundingForTraverse: 4.0
bugMask: 1
generalLife: 100
instSizeCafe: 97608
instSizeNx: -1
mainModel: DgnObj_Hrl_Box4x4x4_02
name: DgnObj_Hrl_Box4x4x4_02
profile: MapConstActive
rigidBodyCenterY: 2.141079902648926
sortKey: 2
systemIsGetItemSelf: false
systemSameGroupActorName: ''
tags:
  tag638d69dd: 1670212061
yLimitAlgorithm: NoLimit
