aabbMax:
  X: 2.922450065612793
  Y: 9.007399559020996
  Z: 2.922450065612793
aabbMin:
  X: -2.922450065612793
  Y: 0.0
  Z: -2.922450065612793
attackPower: 0
bfres: DgnObj_Hrl_BoxParts_A
boundingForTraverse: 9.007399559020996
bugMask: 0
generalLife: 100
instSizeCafe: 76560
instSizeNx: -1
mainModel: DgnObj_Hrl_GoalSystemTop_01
name: DgnObj_Hrl_GoalSystemTop_01
profile: MapConstActive
rigidBodyCenterY: 5.343939781188965
sortKey: -3
systemIsGetItemSelf: false
systemSameGroupActorName: ''
tags:
  tag638d69dd: 1670212061
yLimitAlgorithm: NoLimit
