aabbMax:
  X: 3.1816399097442627
  Y: 0.38696300983428955
  Z: 0.4604490101337433
aabbMin:
  X: -3.1816399097442627
  Y: -7.015629768371582
  Z: -1.0244100093841553
attackPower: 0
bfres: TwnObj_DLC_ValleyFlightTrainingYard
boundingForTraverse: 7.40259313583374
bugMask: 1
cursorOffsetY: 0.5
generalLife: 100
instSizeCafe: 56024
instSizeNx: 129696
mainModel: TwnObj_DLC_FlightTraningTarget_A_01
name: Dm_DLC_TwnObj_FlightTraningTarget_A_01
profile: MapDynamicActive
rigidBodyCenterY: -3.537990093231201
sortKey: -23
systemIsGetItemSelf: false
systemSameGroupActorName: ''
tags:
  tag7c96f3df: 2090267615
traverseDist: 200.0
yLimitAlgorithm: NoLimit
