aabbMax:
  X: 0.7258800268173218
  Y: 5.152490139007568
  Z: 0.5435140132904053
aabbMin:
  X: -0.7258800268173218
  Y: 5.6000000768108293e-05
  Z: -1.6982100009918213
attackPower: 0
bfres: Dm_DLC_HeroDemo_B
boundingForTraverse: 5.1524338722229
bugMask: 1
cursorOffsetY: 0.5
generalLife: 100
instSizeCafe: 90584
instSizeNx: 220120
mainModel: Dm_DLC_HeroDemo_B_01
name: Dm_DLC_HeroDemo_B_01
profile: MapDynamicActive
sortKey: -21
systemIsGetItemSelf: false
systemSameGroupActorName: ''
tags:
  tag7c96f3df: 2090267615
traverseDist: 500.0
yLimitAlgorithm: NoLimit
