aabbMax:
  X: 17.087099075317383
  Y: 4.269559860229492
  Z: 9.800459861755371
aabbMin:
  X: -14.281999588012695
  Y: -3.80007004737854
  Z: -7.957509994506836
attackPower: 0
bfres: MergedGrudge_RemainsElectric_4
boundingForTraverse: 8.069629669189453
bugMask: 1
cursorOffsetY: 0.5
generalLife: 100
instSizeCafe: -1
instSizeNx: 501872
mainModel: MergedGrudge_RemainsElectric_4
name: MergedGrudge_RemainsElectric_4
profile: MapDynamicActive
rigidBodyCenterY: -2.689919948577881
sortKey: 0
systemIsGetItemSelf: false
systemSameGroupActorName: ''
tags:
  tag03528579: 55739769
  tag57fd54ce: 1476220110
  taga1c9da5d: !u 0xa1c9da5d
  tagd229960c: !u 0xd229960c
traverseDist: 300.0
yLimitAlgorithm: NoLimit
