aabbMax:
  X: 23.984399795532227
  Y: 48.82659912109375
  Z: 30.12030029296875
aabbMin:
  X: -24.914899826049805
  Y: -47.062599182128906
  Z: -30.504100799560547
attackPower: 0
bfres: MergedGrudge_RemainsElectric_0
boundingForTraverse: 95.88919830322266
bugMask: 1
cursorOffsetY: 0.5
generalLife: 100
instSizeCafe: -1
instSizeNx: 346776
mainModel: MergedGrudge_RemainsElectric_0
name: MergedGrudge_RemainsElectric_0
profile: MapDynamicActive
rigidBodyCenterY: 36.667198181152344
sortKey: 0
systemIsGetItemSelf: false
systemSameGroupActorName: ''
tags:
  tag03528579: 55739769
  tag57fd54ce: 1476220110
  taga1c9da5d: !u 0xa1c9da5d
  tagd229960c: !u 0xd229960c
traverseDist: 800.0
yLimitAlgorithm: NoLimit
