aabbMax:
  X: 1.566980004310608
  Y: 3.8098199367523193
  Z: 8.567870140075684
aabbMin:
  X: -2.7644100189208984
  Y: -3.3059298992156982
  Z: -8.26021957397461
attackPower: 0
bfres: MergedGrudge_RemainsWater_0_2
boundingForTraverse: 7.115749835968018
bugMask: 1
cursorOffsetY: 0.5
generalLife: 100
instSizeCafe: -1
instSizeNx: 113784
mainModel: MergedGrudge_RemainsWater_0_2
name: MergedGrudge_RemainsWater_0_2
profile: MapDynamicActive
rigidBodyCenterY: 0.09786999970674515
sortKey: 0
systemIsGetItemSelf: false
systemSameGroupActorName: ''
tags:
  tag03528579: 55739769
  tag57fd54ce: 1476220110
  taga1c9da5d: !u 0xa1c9da5d
  tagd229960c: !u 0xd229960c
traverseDist: 800.0
yLimitAlgorithm: NoLimit
