aabbMax:
  X: 4.543240070343018
  Y: 5.403719902038574
  Z: 2.538439989089966
aabbMin:
  X: -4.619609832763672
  Y: -3.9887900352478027
  Z: -7.164179801940918
attackPower: 0
bfres: MergedGrudge_RemainsFire_10_0
boundingForTraverse: 9.392509460449219
bugMask: 1
cursorOffsetY: 0.5
generalLife: 100
instSizeCafe: -1
instSizeNx: 192840
mainModel: MergedGrudge_RemainsFire_10_0
name: MergedGrudge_RemainsFire_10_0
profile: MapDynamicActive
rigidBodyCenterY: -1.7762199640274048
sortKey: 0
systemIsGetItemSelf: false
systemSameGroupActorName: ''
tags:
  tag03528579: 55739769
  tag57fd54ce: 1476220110
  taga1c9da5d: !u 0xa1c9da5d
  tagd229960c: !u 0xd229960c
traverseDist: 300.0
yLimitAlgorithm: NoLimit
