aabbMax:
  X: 8.078080177307129
  Y: 7.646329879760742
  Z: 4.237760066986084
aabbMin:
  X: -8.122030258178711
  Y: -9.617010116577148
  Z: -3.7083799839019775
attackPower: 0
bfres: MergedGrudge_RemainsElectric_8
boundingForTraverse: 17.26333999633789
bugMask: 1
cursorOffsetY: 0.5
generalLife: 100
instSizeCafe: -1
instSizeNx: 330072
mainModel: MergedGrudge_RemainsElectric_8
name: MergedGrudge_RemainsElectric_8
profile: MapDynamicActive
rigidBodyCenterY: 5.593070030212402
sortKey: 0
systemIsGetItemSelf: false
systemSameGroupActorName: ''
tags:
  tag03528579: 55739769
  tag57fd54ce: 1476220110
  taga1c9da5d: !u 0xa1c9da5d
  tagd229960c: !u 0xd229960c
traverseDist: 300.0
yLimitAlgorithm: NoLimit
