aabbMax:
  X: 6.800459861755371
  Y: 5.676330089569092
  Z: 3.2905499935150146
aabbMin:
  X: -4.800459861755371
  Y: -5.570769786834717
  Z: -6.371570110321045
attackPower: 0
bfres: MergedGrudge_RemainsElectric_5
boundingForTraverse: 11.247099876403809
bugMask: 1
cursorOffsetY: 0.5
generalLife: 100
instSizeCafe: -1
instSizeNx: 318336
mainModel: MergedGrudge_RemainsElectric_5
name: MergedGrudge_RemainsElectric_5
profile: MapDynamicActive
rigidBodyCenterY: -1.4742100238800049
sortKey: 0
systemIsGetItemSelf: false
systemSameGroupActorName: ''
tags:
  tag03528579: 55739769
  tag57fd54ce: 1476220110
  taga1c9da5d: !u 0xa1c9da5d
  tagd229960c: !u 0xd229960c
traverseDist: 300.0
yLimitAlgorithm: NoLimit
