aabbMax:
  X: 16.142499923706055
  Y: 4.620279788970947
  Z: 6.034249782562256
aabbMin:
  X: -11.580599784851074
  Y: -4.597439765930176
  Z: -6.641809940338135
attackPower: 0
bfres: MergedGrudge_RemainsElectric_6
boundingForTraverse: 9.217720031738281
bugMask: 1
cursorOffsetY: 0.5
generalLife: 100
instSizeCafe: -1
instSizeNx: 288008
mainModel: MergedGrudge_RemainsElectric_6
name: MergedGrudge_RemainsElectric_6
profile: MapDynamicActive
rigidBodyCenterY: 2.4596099853515625
sortKey: 0
systemIsGetItemSelf: false
systemSameGroupActorName: ''
tags:
  tag03528579: 55739769
  tag57fd54ce: 1476220110
  taga1c9da5d: !u 0xa1c9da5d
  tagd229960c: !u 0xd229960c
traverseDist: 300.0
yLimitAlgorithm: NoLimit
