aabbMax:
  X: 2.735450029373169
  Y: 0.6649119853973389
  Z: 1.966439962387085
aabbMin:
  X: -4.970640182495117
  Y: -0.845445990562439
  Z: -2.021009922027588
attackPower: 0
bfres: MergedGrudge_RemainsWater_0_1
boundingForTraverse: 1.5103579759597778
bugMask: 1
cursorOffsetY: 0.5
generalLife: 100
instSizeCafe: -1
instSizeNx: 100944
mainModel: MergedGrudge_RemainsWater_0_1
name: MergedGrudge_RemainsWater_0_1
profile: MapDynamicActive
rigidBodyCenterY: 0.03779599815607071
sortKey: 0
systemIsGetItemSelf: false
systemSameGroupActorName: ''
tags:
  tag03528579: 55739769
  tag57fd54ce: 1476220110
  taga1c9da5d: !u 0xa1c9da5d
  tagd229960c: !u 0xd229960c
traverseDist: 800.0
yLimitAlgorithm: NoLimit
