aabbMax:
  X: 7.61352014541626
  Y: 3.12283992767334
  Z: 7.040559768676758
aabbMin:
  X: -7.32082986831665
  Y: -2.272289991378784
  Z: -6.485099792480469
attackPower: 0
bfres: MergedGrudge_RemainsWind_0
boundingForTraverse: 5.395130157470703
bugMask: 1
cursorOffsetY: 0.5
generalLife: 100
instSizeCafe: -1
instSizeNx: 113744
mainModel: MergedGrudge_RemainsWind_0
name: MergedGrudge_RemainsWind_0
profile: MapDynamicActive
rigidBodyCenterY: 0.09837699681520462
sortKey: 0
systemIsGetItemSelf: false
systemSameGroupActorName: ''
tags:
  tag03528579: 55739769
  tag57fd54ce: 1476220110
  taga1c9da5d: !u 0xa1c9da5d
  tagd229960c: !u 0xd229960c
traverseDist: 800.0
yLimitAlgorithm: NoLimit
