aabbMax:
  X: 6.504519939422607
  Y: 1.9071400165557861
  Z: 1.3170299530029297
aabbMin:
  X: -9.050459861755371
  Y: -0.8520709872245789
  Z: -2.009040117263794
attackPower: 0
bfres: MergedGrudge_RemainsElectric_2
boundingForTraverse: 2.7592110633850098
bugMask: 1
cursorOffsetY: 0.5
generalLife: 100
instSizeCafe: -1
instSizeNx: 175208
mainModel: MergedGrudge_RemainsElectric_2
name: MergedGrudge_RemainsElectric_2
profile: MapDynamicActive
rigidBodyCenterY: 0.04089700058102608
sortKey: 0
systemIsGetItemSelf: false
systemSameGroupActorName: ''
tags:
  tag03528579: 55739769
  tag57fd54ce: 1476220110
  taga1c9da5d: !u 0xa1c9da5d
  tagd229960c: !u 0xd229960c
traverseDist: 300.0
yLimitAlgorithm: NoLimit
