aabbMax:
  X: 4.205410003662109
  Y: 5.612289905548096
  Z: 7.1170501708984375
aabbMin:
  X: -3.606260061264038
  Y: -5.394219875335693
  Z: -6.4143500328063965
attackPower: 0
bfres: MergedGrudge_RemainsWind_5_0
boundingForTraverse: 11.006509780883789
bugMask: 1
cursorOffsetY: 0.5
generalLife: 100
instSizeCafe: -1
instSizeNx: 178464
mainModel: MergedGrudge_RemainsWind_5_0
name: MergedGrudge_RemainsWind_5_0
profile: MapDynamicActive
rigidBodyCenterY: 1.0880999565124512
sortKey: 0
systemIsGetItemSelf: false
systemSameGroupActorName: ''
tags:
  tag03528579: 55739769
  tag57fd54ce: 1476220110
  taga1c9da5d: !u 0xa1c9da5d
  tagd229960c: !u 0xd229960c
traverseDist: 300.0
yLimitAlgorithm: NoLimit
