aabbMax:
  X: 2.6818900108337402
  Y: 3.481950044631958
  Z: 3.7512800693511963
aabbMin:
  X: -3.593130111694336
  Y: -2.761270046234131
  Z: -5.157879829406738
attackPower: 0
bfres: MergedGrudge_RemainsWind_2_0
boundingForTraverse: 6.24321985244751
bugMask: 1
cursorOffsetY: 0.5
generalLife: 100
instSizeCafe: -1
instSizeNx: 238544
mainModel: MergedGrudge_RemainsWind_2_0
name: MergedGrudge_RemainsWind_2_0
profile: MapDynamicActive
rigidBodyCenterY: -1.7499699592590332
sortKey: 0
systemIsGetItemSelf: false
systemSameGroupActorName: ''
tags:
  tag03528579: 55739769
  tag57fd54ce: 1476220110
  taga1c9da5d: !u 0xa1c9da5d
  tagd229960c: !u 0xd229960c
traverseDist: 300.0
yLimitAlgorithm: NoLimit
