aabbMax:
  X: 5.773789882659912
  Y: 0.6756910085678101
  Z: 7.662300109863281
aabbMin:
  X: -6.930980205535889
  Y: -0.5281069874763489
  Z: -4.413559913635254
attackPower: 0
bfres: MergedGrudge_RemainsWind_0_0
boundingForTraverse: 1.2037980556488037
bugMask: 1
cursorOffsetY: 0.5
generalLife: 100
instSizeCafe: -1
instSizeNx: 113784
mainModel: MergedGrudge_RemainsWind_0_0
name: MergedGrudge_RemainsWind_0_0
profile: MapDynamicActive
rigidBodyCenterY: -0.034942999482154846
sortKey: 0
systemIsGetItemSelf: false
systemSameGroupActorName: ''
tags:
  tag03528579: 55739769
  tag57fd54ce: 1476220110
  taga1c9da5d: !u 0xa1c9da5d
  tagd229960c: !u 0xd229960c
traverseDist: 800.0
yLimitAlgorithm: NoLimit
