aabbMax:
  X: 11.947099685668945
  Y: 9.119930267333984
  Z: 12.151399612426758
aabbMin:
  X: -9.008779525756836
  Y: -9.63914966583252
  Z: -14.013199806213379
attackPower: 0
bfres: MergedGrudge_RemainsElectric_7
boundingForTraverse: 18.759078979492188
bugMask: 1
cursorOffsetY: 0.5
generalLife: 100
instSizeCafe: -1
instSizeNx: 338816
mainModel: MergedGrudge_RemainsElectric_7
name: MergedGrudge_RemainsElectric_7
profile: MapDynamicActive
rigidBodyCenterY: -8.83860969543457
sortKey: 0
systemIsGetItemSelf: false
systemSameGroupActorName: ''
tags:
  tag03528579: 55739769
  tag57fd54ce: 1476220110
  taga1c9da5d: !u 0xa1c9da5d
  tagd229960c: !u 0xd229960c
traverseDist: 300.0
yLimitAlgorithm: NoLimit
