aabbMax:
  X: 5.2540998458862305
  Y: 6.352069854736328
  Z: 5.781650066375732
aabbMin:
  X: -1.891129970550537
  Y: -6.352069854736328
  Z: -6.249020099639893
attackPower: 0
bfres: MergedGrudge_RemainsElectric_0_2
boundingForTraverse: 12.704139709472656
bugMask: 1
cursorOffsetY: 0.5
generalLife: 100
instSizeCafe: -1
instSizeNx: 168168
mainModel: MergedGrudge_RemainsElectric_0_2
name: MergedGrudge_RemainsElectric_0_2
profile: MapDynamicActive
rigidBodyCenterY: -0.20186899602413177
sortKey: 0
systemIsGetItemSelf: false
systemSameGroupActorName: ''
tags:
  tag03528579: 55739769
  tag57fd54ce: 1476220110
  taga1c9da5d: !u 0xa1c9da5d
  tagd229960c: !u 0xd229960c
traverseDist: 800.0
yLimitAlgorithm: NoLimit
