aabbMax:
  X: 5.317890167236328
  Y: 3.8162999153137207
  Z: 2.6968300342559814
aabbMin:
  X: -5.4340500831604
  Y: -3.2147300243377686
  Z: -2.7766098976135254
attackPower: 0
bfres: MergedGrudge_RemainsFire_3_0
boundingForTraverse: 7.031030178070068
bugMask: 1
cursorOffsetY: 0.5
generalLife: 100
instSizeCafe: -1
instSizeNx: 260128
mainModel: MergedGrudge_RemainsFire_3_0
name: MergedGrudge_RemainsFire_3_0
profile: MapDynamicActive
rigidBodyCenterY: -1.4185500144958496
sortKey: 0
systemIsGetItemSelf: false
systemSameGroupActorName: ''
tags:
  tag03528579: 55739769
  tag57fd54ce: 1476220110
  taga1c9da5d: !u 0xa1c9da5d
  tagd229960c: !u 0xd229960c
traverseDist: 300.0
yLimitAlgorithm: NoLimit
