aabbMax:
  X: 15.026200294494629
  Y: 9.579290390014648
  Z: 4.361370086669922
aabbMin:
  X: -9.5033597946167
  Y: -8.601129531860352
  Z: -8.630000114440918
attackPower: 0
bfres: MergedGrudge_RemainsWater_3
boundingForTraverse: 18.180419921875
bugMask: 1
cursorOffsetY: 0.5
generalLife: 100
instSizeCafe: -1
instSizeNx: 259336
mainModel: MergedGrudge_RemainsWater_3
name: MergedGrudge_RemainsWater_3
profile: MapDynamicActive
rigidBodyCenterY: -2.7174301147460938
sortKey: 0
systemIsGetItemSelf: false
systemSameGroupActorName: ''
tags:
  tag03528579: 55739769
  tag57fd54ce: 1476220110
  taga1c9da5d: !u 0xa1c9da5d
  tagd229960c: !u 0xd229960c
traverseDist: 300.0
yLimitAlgorithm: NoLimit
