aabbMax:
  X: 4.286280155181885
  Y: 10.349599838256836
  Z: 10.266799926757812
aabbMin:
  X: -5.248219966888428
  Y: -9.174690246582031
  Z: -9.239009857177734
attackPower: 0
bfres: MergedGrudge_RemainsWater_5_1
boundingForTraverse: 19.524290084838867
bugMask: 1
cursorOffsetY: 0.5
generalLife: 100
instSizeCafe: -1
instSizeNx: 217488
mainModel: MergedGrudge_RemainsWater_5_1
name: MergedGrudge_RemainsWater_5_1
profile: MapDynamicActive
rigidBodyCenterY: 4.735459804534912
sortKey: 0
systemIsGetItemSelf: false
systemSameGroupActorName: ''
tags:
  tag03528579: 55739769
  tag57fd54ce: 1476220110
  taga1c9da5d: !u 0xa1c9da5d
  tagd229960c: !u 0xd229960c
traverseDist: 300.0
yLimitAlgorithm: NoLimit
