aabbMax:
  X: 4.544020175933838
  Y: 3.2156100273132324
  Z: 2.370990037918091
aabbMin:
  X: -5.958700180053711
  Y: -7.157410144805908
  Z: -3.4503400325775146
attackPower: 0
bfres: MergedGrudge_RemainsWind_9_0
boundingForTraverse: 10.37302017211914
bugMask: 1
cursorOffsetY: 0.5
generalLife: 100
instSizeCafe: -1
instSizeNx: 163040
mainModel: MergedGrudge_RemainsWind_9_0
name: MergedGrudge_RemainsWind_9_0
profile: MapDynamicActive
rigidBodyCenterY: 1.8739399909973145
sortKey: 0
systemIsGetItemSelf: false
systemSameGroupActorName: ''
tags:
  tag03528579: 55739769
  tag57fd54ce: 1476220110
  taga1c9da5d: !u 0xa1c9da5d
  tagd229960c: !u 0xd229960c
traverseDist: 300.0
yLimitAlgorithm: NoLimit
