aabbMax:
  X: 41.802101135253906
  Y: 13.8016996383667
  Z: 38.58440017700195
aabbMin:
  X: -43.191001892089844
  Y: -9.246450424194336
  Z: -38.66510009765625
attackPower: 0
bfres: MergedGrudge_RemainsWater_0
boundingForTraverse: 23.04814910888672
bugMask: 1
cursorOffsetY: 0.5
generalLife: 100
instSizeCafe: -1
instSizeNx: 206088
mainModel: MergedGrudge_RemainsWater_0
name: MergedGrudge_RemainsWater_0
profile: MapDynamicActive
rigidBodyCenterY: 8.032569885253906
sortKey: 0
systemIsGetItemSelf: false
systemSameGroupActorName: ''
tags:
  tag03528579: 55739769
  tag57fd54ce: 1476220110
  taga1c9da5d: !u 0xa1c9da5d
  tagd229960c: !u 0xd229960c
traverseDist: 800.0
yLimitAlgorithm: NoLimit
