aabbMax:
  X: 3.7788000106811523
  Y: 2.168560028076172
  Z: 9.919280052185059
aabbMin:
  X: -4.277810096740723
  Y: -0.0025569999124854803
  Z: -16.513900756835938
bfres: Npc_Hylia_Demo_A
boundingForTraverse: 2.171117067337036
bugMask: 1
cursorOffsetY: 0.5
generalLife: 100
instSizeCafe: 1181224
instSizeNx: 3168952
name: Npc_Hylia_Demo_A
profile: DemoNPC
sortKey: -22
systemIsGetItemSelf: false
systemSameGroupActorName: ''
tags:
  tag7c96f3df: 2090267615
yLimitAlgorithm: NoLimit
