aabbMax:
  X: 3.77878999710083
  Y: 2.168560028076172
  Z: 9.919260025024414
aabbMin:
  X: -4.2778000831604
  Y: -0.0025569999124854803
  Z: -16.513900756835938
bfres: Npc_Hylia_Demo_A
boundingForTraverse: 2.171117067337036
bugMask: 1
cursorOffsetY: 0.5
generalLife: 100
instSizeCafe: 1181224
instSizeNx: -1
name: Npc_Hylia_Demo_A
profile: DemoNPC
sortKey: -22
systemIsGetItemSelf: false
systemSameGroupActorName: ''
tags:
  tag7c96f3df: 2090267615
yLimitAlgorithm: NoLimit
