aabbMax:
  X: 2.438800096511841
  Y: 5.209080219268799
  Z: 2.381309986114502
aabbMin:
  X: -2.6925899982452393
  Y: -0.576537013053894
  Z: -1.9469799995422363
bfres: Obj_TreeBroadleafLow_A
boundingForTraverse: 5.785616874694824
bugMask: 0
instSizeCafe: -1
instSizeNx: 120768
mainModel: Obj_TreeBroadleafLow_A_01
name: Obj_TreeBroadleafLow_A_01_Demo
profile: MapConstPassive
sortKey: -11
tags:
  tag7c96f3df: 2090267615
traverseDist: 1000.0
yLimitAlgorithm: NoLimit
