aabbMax:
  X: 2.7885899543762207
  Y: 5.471199989318848
  Z: 2.3676600456237793
aabbMin:
  X: -2.2240099906921387
  Y: -0.8121730089187622
  Z: -2.558350086212158
bfres: Obj_TreeBroadleafLow_A
boundingForTraverse: 6.28337287902832
bugMask: 0
instSizeCafe: -1
instSizeNx: 120768
mainModel: Obj_TreeBroadleafLow_A_02
name: Obj_TreeBroadleafLow_A_02_Demo
profile: MapConstPassive
sortKey: -9
tags:
  tag7c96f3df: 2090267615
traverseDist: 1000.0
yLimitAlgorithm: NoLimit
