aabbMax:
  X: 1.3679399490356445
  Y: 1.9278299808502197
  Z: 1.434540033340454
aabbMin:
  X: -1.4461300373077393
  Y: -0.16383400559425354
  Z: -1.5323799848556519
bfres: Obj_Plant_CypressLow_A
boundingForTraverse: 2.0916640758514404
bugMask: 0
cursorOffsetY: 0.5
instSizeCafe: -1
instSizeNx: 75656
mainModel: Obj_Plant_CypressLow_A_02
name: Obj_Plant_CypressLow_A_02_Demo
profile: MapConstPassive
sortKey: -12
tags:
  tag7c96f3df: 2090267615
  tagcea44072: !u 0xcea44072
traverseDist: 1000.0
yLimitAlgorithm: NoLimit
