aabbMax:
  X: 2.428770065307617
  Y: 2.2915399074554443
  Z: 1.3356000185012817
aabbMin:
  X: -2.1326100826263428
  Y: -0.4550609886646271
  Z: -1.8028000593185425
bfres: Obj_Plant_CypressLow_A
boundingForTraverse: 2.746601104736328
bugMask: 0
cursorOffsetY: 0.5
instSizeCafe: 18544
instSizeNx: -1
mainModel: Obj_Plant_CypressLow_A_01
name: Obj_Plant_CypressLow_A_01_Demo
profile: MapConstPassive
sortKey: -13
tags:
  tag7c96f3df: 2090267615
  tagcea44072: !u 0xcea44072
traverseDist: 1000.0
yLimitAlgorithm: NoLimit
