aabbMax:
  X: 0.6354140043258667
  Y: 0.7310220003128052
  Z: 0.5619770288467407
aabbMin:
  X: -0.6213070154190063
  Y: -0.3570620119571686
  Z: -0.7517939805984497
bfres: Obj_Plant_LightGrass_A
boundingForTraverse: 1.0880839824676514
bugMask: 2
cursorOffsetY: 0.5
instSizeCafe: 18696
instSizeNx: 78680
mainModel: Obj_Plant_LightGrass_A_S_01
name: Obj_Plant_LightGrass_A_S_01_Demo
profile: MapConstPassive
slink: Plant
sortKey: -17
tags:
  tag51ed35a6: 1374500262
  tag7c96f3df: 2090267615
yLimitAlgorithm: NoLimit
