aabbMax:
  X: 0.7373049855232239
  Y: 1.3473399877548218
  Z: 0.6912720203399658
aabbMin:
  X: -0.6489279866218567
  Y: -0.3448689877986908
  Z: -0.8309109807014465
bfres: Obj_Plant_LightGrass_A
boundingForTraverse: 1.692209005355835
bugMask: 0
cursorOffsetY: 0.5
instSizeCafe: 17268
instSizeNx: 75656
mainModel: Obj_Plant_LightGrass_A_M_01
name: Obj_Plant_LightGrass_A_M_01_Demo
profile: MapConstPassive
sortKey: -16
tags:
  tag03528579: 55739769
  tag7c96f3df: 2090267615
traverseDist: 500.0
yLimitAlgorithm: NoLimit
