aabbMax:
  X: 90.7968978881836
  Y: 225.8679962158203
  Z: 116.40299987792969
aabbMin:
  X: -90.7968978881836
  Y: -41.106998443603516
  Z: -85.34230041503906
bfres: TwnObj_HyruleCastle_Past_A
boundingForTraverse: 266.9750061035156
bugMask: 0
cursorOffsetY: 0.5
instSizeCafe: 806880
instSizeNx: -1
mainModel: TwnObj_HyruleCastle_Past_A_01
name: TwnObj_HyruleCastle_Past_A_01
profile: MapConstPassive
sortKey: -1
tags:
  tag7c96f3df: 2090267615
  tag84f40ec6: !u 0x84f40ec6
traverseDist: 10000.0
yLimitAlgorithm: NoLimit
