aabbMax:
  X: 35.25
  Y: 26.367700576782227
  Z: 10.843600273132324
aabbMin:
  X: -35.25
  Y: -1.5145599842071533
  Z: -8.712499618530273
bfres: TwnObj_HyruleCastleWall_Past_A
boundingForTraverse: 27.882261276245117
bugMask: 0
cursorOffsetY: 0.5
instSizeCafe: 221180
instSizeNx: -1
mainModel: TwnObj_HyruleCastleWall_Past_Gate_A_01
name: TwnObj_HyruleCastleWall_Past_Gate_A_01
profile: MapConstPassive
sortKey: 0
tags:
  tag7c96f3df: 2090267615
  tag84f40ec6: !u 0x84f40ec6
traverseDist: 2000.0
yLimitAlgorithm: NoLimit
