aabbMax:
  X: 7.908649921417236
  Y: 13.133199691772461
  Z: 8.636240005493164
aabbMin:
  X: -8.528380393981934
  Y: -0.0032259998843073845
  Z: -7.260429859161377
bfres: TwnObj_HyruleCity_Past_A
boundingForTraverse: 13.136425971984863
bugMask: 0
cursorOffsetY: 0.5
instSizeCafe: 110516
instSizeNx: -1
mainModel: TwnObj_HyruleCity_Past_HouseBase_B_02
name: TwnObj_HyruleCity_Past_HouseBase_B_02
profile: MapConstPassive
sortKey: 19
tags:
  tag7c96f3df: 2090267615
traverseDist: 500.0
yLimitAlgorithm: NoLimit
