aabbMax:
  X: 6.137730121612549
  Y: 33.2505989074707
  Z: 6.137730121612549
aabbMin:
  X: -6.137730121612549
  Y: -0.5
  Z: -6.137730121612549
bfres: TwnObj_HyruleCastleWall_Past_A
boundingForTraverse: 33.7505989074707
bugMask: 0
cursorOffsetY: 0.5
instSizeCafe: 91784
instSizeNx: -1
mainModel: TwnObj_HyruleCastleWall_Past_Tower_A_01
name: TwnObj_HyruleCastleWall_Past_Tower_A_01
profile: MapConstPassive
sortKey: -2
tags:
  tag7c96f3df: 2090267615
  tag84f40ec6: !u 0x84f40ec6
traverseDist: 2000.0
yLimitAlgorithm: NoLimit
