aabbMax:
  X: 9.306489944458008
  Y: 14.679800033569336
  Z: 8.636240005493164
aabbMin:
  X: -10.128399848937988
  Y: -0.0032259998843073845
  Z: -5.964900016784668
bfres: TwnObj_HyruleCity_Past_A
boundingForTraverse: 14.683026313781738
bugMask: 0
cursorOffsetY: 0.5
instSizeCafe: 133144
instSizeNx: -1
mainModel: TwnObj_HyruleCity_Past_HouseBase_A_01
name: TwnObj_HyruleCity_Past_HouseBase_A_01
profile: MapConstPassive
sortKey: 13
tags:
  tag7c96f3df: 2090267615
traverseDist: 500.0
yLimitAlgorithm: NoLimit
