aabbMax:
  X: 37.775001525878906
  Y: 14.660099983215332
  Z: 37.775001525878906
aabbMin:
  X: -37.775001525878906
  Y: -2.5984599590301514
  Z: -37.775001525878906
bfres: TwnObj_CommissionPlace_Bf_A
boundingForTraverse: 17.258560180664062
bugMask: 0
instSizeCafe: -1
instSizeNx: 399800
mainModel: TwnObj_CommissionPlace_Bf_A_01
name: TwnObj_CommissionPlace_Bf_A_01
profile: MapConstPassive
sortKey: 0
tags:
  tag7c96f3df: 2090267615
traverseDist: 2000.0
yLimitAlgorithm: NoLimit
