aabbMax:
  X: 5.538080215454102
  Y: 14.679800033569336
  Z: 5.885700225830078
aabbMin:
  X: -8.534330368041992
  Y: 0.0
  Z: -5.45419979095459
bfres: TwnObj_HyruleCity_Past_A
boundingForTraverse: 14.679800033569336
bugMask: 0
cursorOffsetY: 0.5
instSizeCafe: 110520
instSizeNx: -1
mainModel: TwnObj_HyruleCity_Past_HouseBase_C_02
name: TwnObj_HyruleCity_Past_HouseBase_C_02
profile: MapConstPassive
sortKey: 23
tags:
  tag7c96f3df: 2090267615
traverseDist: 500.0
yLimitAlgorithm: NoLimit
