aabbMax:
  X: 28.135099411010742
  Y: 75.04280090332031
  Z: 27.926799774169922
aabbMin:
  X: -28.135099411010742
  Y: -3.0
  Z: -28.135099411010742
bfres: TwnObj_HyruleCastle_Past_A
boundingForTraverse: 78.04280090332031
bugMask: 0
cursorOffsetY: 0.5
instSizeCafe: -1
instSizeNx: 441744
mainModel: TwnObj_HyruleCastle_Past_CitadelBase_A_01
name: TwnObj_HyruleCastle_Past_CitadelBase_A_01
profile: MapConstPassive
sortKey: 1
tags:
  tag7c96f3df: 2090267615
  tag84f40ec6: !u 0x84f40ec6
traverseDist: 2000.0
variationMatAnim: TwnObj_HyruleCastle_Past_CitadelBase_A_01
variationMatAnimFrame: 1
yLimitAlgorithm: NoLimit
