aabbMax:
  X: 20.967500686645508
  Y: 14.880599975585938
  Z: 20.967500686645508
aabbMin:
  X: -20.967500686645508
  Y: 0.0
  Z: -20.967500686645508
bfres: TwnObj_HyruleCity_Past_A
boundingForTraverse: 14.880599975585938
bugMask: 0
cursorOffsetY: 0.5
instSizeCafe: -1
instSizeNx: 477840
mainModel: TwnObj_HyruleCity_Past_Fountain_A_01
name: TwnObj_HyruleCity_Past_Fountain_A_01
profile: MapConstPassive
sortKey: -7
tags:
  tag7c96f3df: 2090267615
traverseDist: 500.0
yLimitAlgorithm: NoLimit
