aabbMax:
  X: 12.5
  Y: 39.1697998046875
  Z: 14.458200454711914
aabbMin:
  X: -12.5
  Y: -1.5
  Z: -10.100000381469727
bfres: TwnObj_HyruleCastleWall_Past_A
boundingForTraverse: 40.6697998046875
bugMask: 0
cursorOffsetY: 0.5
instSizeCafe: -1
instSizeNx: 379120
mainModel: TwnObj_HyruleCastleWall_Past_WatchTower_A_01
name: TwnObj_HyruleCastleWall_Past_WatchTower_A_01
profile: MapConstPassive
sortKey: -1
tags:
  tag7c96f3df: 2090267615
  tag84f40ec6: !u 0x84f40ec6
traverseDist: 2000.0
yLimitAlgorithm: NoLimit
