aabbMax:
  X: 20.0
  Y: 13.430100440979004
  Z: 3.700000047683716
aabbMin:
  X: 0.0
  Y: -1.5
  Z: -3.700000047683716
bfres: TwnObj_HyruleCastleWall_Past_A
boundingForTraverse: 14.930100440979004
bugMask: 0
cursorOffsetY: 0.5
instSizeCafe: 91784
instSizeNx: -1
mainModel: TwnObj_HyruleCastleWall_Past_Parts_A_03
name: TwnObj_HyruleCastleWall_Past_Parts_A_03
profile: MapConstPassive
sortKey: -2
tags:
  tag7c96f3df: 2090267615
  tag84f40ec6: !u 0x84f40ec6
traverseDist: 2000.0
yLimitAlgorithm: NoLimit
