aabbMax:
  X: 10.891400337219238
  Y: 14.0
  Z: 4.291409969329834
aabbMin:
  X: -0.8914210200309753
  Y: -1.5
  Z: -4.291409969329834
bfres: TwnObj_HyruleCastleWall_Past_A
boundingForTraverse: 15.5
bugMask: 0
cursorOffsetY: 0.5
instSizeCafe: 111032
instSizeNx: 280704
mainModel: TwnObj_HyruleCastleWall_Past_Parts_D_01
name: TwnObj_HyruleCastleWall_Past_Parts_D_01
profile: MapConstPassive
sortKey: -2
tags:
  tag7c96f3df: 2090267615
  tag84f40ec6: !u 0x84f40ec6
traverseDist: 2000.0
yLimitAlgorithm: NoLimit
