aabbMax:
  X: 4.8213300704956055
  Y: 13.399999618530273
  Z: 4.6092000007629395
aabbMin:
  X: -4.8213300704956055
  Y: -1.5
  Z: -3.819849967956543
bfres: TwnObj_HyruleCastleWall_Past_A
boundingForTraverse: 14.899999618530273
bugMask: 0
cursorOffsetY: 0.5
instSizeCafe: 81476
instSizeNx: -1
mainModel: TwnObj_HyruleCastleWall_Past_Connect_C_01
name: TwnObj_HyruleCastleWall_Past_Connect_C_01
profile: MapConstPassive
sortKey: -2
tags:
  tag7c96f3df: 2090267615
  tag84f40ec6: !u 0x84f40ec6
traverseDist: 2000.0
yLimitAlgorithm: NoLimit
