aabbMax:
  X: 5.997250080108643
  Y: 3.474900007247925
  Z: 19.75
aabbMin:
  X: -5.997250080108643
  Y: -4.300350189208984
  Z: 0.5271530151367188
bfres: TwnObj_HyruleCastleWall_Past_A
boundingForTraverse: 7.77524995803833
bugMask: 0
cursorOffsetY: 0.5
instSizeCafe: 68680
instSizeNx: -1
mainModel: TwnObj_HyruleCastleBridge_Past_A_01
name: TwnObj_HyruleCastleBridge_Past_A_01
profile: MapConstPassive
sortKey: -2
tags:
  tag7c96f3df: 2090267615
  tag84f40ec6: !u 0x84f40ec6
traverseDist: 2000.0
yLimitAlgorithm: NoLimit
