aabbMax:
  X: 7.908649921417236
  Y: 14.679800033569336
  Z: 6.646140098571777
aabbMin:
  X: -10.884400367736816
  Y: -0.0033909999765455723
  Z: -8.765729904174805
bfres: TwnObj_HyruleCity_Past_A
boundingForTraverse: 14.683191299438477
bugMask: 0
cursorOffsetY: 0.5
instSizeCafe: 133528
instSizeNx: -1
mainModel: TwnObj_HyruleCity_Past_HouseBase_B_01
name: TwnObj_HyruleCity_Past_HouseBase_B_01
profile: MapConstPassive
sortKey: 18
tags:
  tag7c96f3df: 2090267615
traverseDist: 500.0
yLimitAlgorithm: NoLimit
