aabbMax:
  X: 8.46133041381836
  Y: 2.490259885787964
  Z: 12.508199691772461
aabbMin:
  X: -8.46133041381836
  Y: -15.827500343322754
  Z: -11.729900360107422
bfres: TwnObj_HyruleCastleWall_Past_A
boundingForTraverse: 18.317760467529297
bugMask: 0
cursorOffsetY: 0.5
instSizeCafe: -1
instSizeNx: 280704
mainModel: TwnObj_HyruleCastleWall_Past_WatchTower_C_01
name: TwnObj_HyruleCastleWall_Past_WatchTower_C_01
profile: MapConstPassive
sortKey: 0
tags:
  tag7c96f3df: 2090267615
  tag84f40ec6: !u 0x84f40ec6
traverseDist: 2000.0
yLimitAlgorithm: NoLimit
