aabbMax:
  X: -25.117799758911133
  Y: 169.322998046875
  Z: 60.938899993896484
aabbMin:
  X: -124.45099639892578
  Y: 130.57000732421875
  Z: 3.9136500358581543
bfres: TwnObj_HyruleCastleGround_Past_A
boundingForTraverse: 38.75299072265625
bugMask: 0
cursorOffsetY: 0.5
instSizeCafe: 194732
instSizeNx: -1
mainModel: TwnObj_HyruleCastleGround_Past_Area_08_A_01
name: TwnObj_HyruleCastleGround_Past_Area_08_A_01
profile: MapConstPassive
sortKey: 0
tags:
  tag7c96f3df: 2090267615
  tag84f40ec6: !u 0x84f40ec6
traverseDist: 5000.0
yLimitAlgorithm: NoLimit
