aabbMax:
  X: 3.700000047683716
  Y: 13.401800155639648
  Z: 5.019909858703613
aabbMin:
  X: -5.019999980926514
  Y: -1.5
  Z: -3.700000047683716
bfres: TwnObj_HyruleCastleWall_Past_A
boundingForTraverse: 14.901800155639648
bugMask: 0
cursorOffsetY: 0.5
instSizeCafe: 111028
instSizeNx: -1
mainModel: TwnObj_HyruleCastleWall_Past_Connect_A_01
name: TwnObj_HyruleCastleWall_Past_Connect_A_01
profile: MapConstPassive
sortKey: -2
tags:
  tag7c96f3df: 2090267615
  tag84f40ec6: !u 0x84f40ec6
traverseDist: 2000.0
yLimitAlgorithm: NoLimit
