aabbMax:
  X: 36.82379913330078
  Y: 101.63600158691406
  Z: 36.21699905395508
aabbMin:
  X: -34.53670120239258
  Y: -124.83399963378906
  Z: -36.307098388671875
attackPower: 0
bfres: TwnObj_HyruleCastleAncientPole_B
boundingForTraverse: 226.47000122070312
bugMask: 1
cursorOffsetY: 0.5
elink: TwnObj_HyruleCastleAncientPole_A_01
generalLife: 100
instSizeCafe: -1
instSizeNx: 127592
mainModel: TwnObj_HyruleCastleAncientPole_B_01
name: TwnObj_HyruleCastleAncientPole_Demo101_4
profile: MapDynamicActive
sortKey: -12
systemIsGetItemSelf: false
systemSameGroupActorName: ''
tags:
  tag3c39db92: 1010424722
  tag4ccbef03: 1288433411
  tag7c96f3df: 2090267615
traverseDist: 5000.0
yLimitAlgorithm: NoLimit
