aabbMax:
  X: 16.0
  Y: 35.64939880371094
  Z: 10.843600273132324
aabbMin:
  X: -16.0
  Y: -1.5145699977874756
  Z: -8.712499618530273
bfres: TwnObj_HyruleCastleWall_Past_A
boundingForTraverse: 37.16396713256836
bugMask: 0
cursorOffsetY: 0.5
instSizeCafe: 162540
instSizeNx: 407824
mainModel: TwnObj_HyruleCastleWall_Past_WatchTower_D_01
name: TwnObj_HyruleCastleWall_Past_WatchTower_D_01
profile: MapConstPassive
sortKey: 0
tags:
  tag7c96f3df: 2090267615
  tag84f40ec6: !u 0x84f40ec6
traverseDist: 2000.0
yLimitAlgorithm: NoLimit
