aabbMax:
  X: 175.62399291992188
  Y: 6.0
  Z: 175.23199462890625
aabbMin:
  X: -175.62399291992188
  Y: -10.0
  Z: -56.21799850463867
bfres: TwnObj_HyruleCity_Past_A
boundingForTraverse: 16.0
bugMask: 0
cursorOffsetY: 0.5
instSizeCafe: 52984
instSizeNx: -1
mainModel: TwnObj_HyruleCity_Past_Ground_A_01
name: TwnObj_HyruleCity_Past_Ground_A_01
profile: MapConstPassive
sortKey: 5
tags:
  tag7c96f3df: 2090267615
traverseDist: 500.0
yLimitAlgorithm: NoLimit
