aabbMax:
  X: 6.115869998931885
  Y: 55.34040069580078
  Z: 6.115869998931885
aabbMin:
  X: -6.115869998931885
  Y: 0.0
  Z: -6.115869998931885
bfres: TwnObj_HyruleCity_Past_A
boundingForTraverse: 55.34040069580078
bugMask: 0
cursorOffsetY: 0.5
instSizeCafe: -1
instSizeNx: 460736
mainModel: TwnObj_HyruleCity_Past_Tower_A_01
name: TwnObj_HyruleCity_Past_Tower_A_01
profile: MapConstPassive
sortKey: 24
tags:
  tag7c96f3df: 2090267615
traverseDist: 500.0
yLimitAlgorithm: NoLimit
