aabbMax:
  X: 47.04240036010742
  Y: 62.87839889526367
  Z: 46.911800384521484
aabbMin:
  X: -28.040800094604492
  Y: -10.463000297546387
  Z: -28.040800094604492
bfres: TwnObj_HyruleCastle_Past_A
boundingForTraverse: 73.34140014648438
bugMask: 0
cursorOffsetY: 0.5
instSizeCafe: 232896
instSizeNx: -1
mainModel: TwnObj_HyruleCastle_Past_SecondCitadel_A_01
name: TwnObj_HyruleCastle_Past_SecondCitadel_A_01
profile: MapConstPassive
sortKey: 0
tags:
  tag7c96f3df: 2090267615
  tag84f40ec6: !u 0x84f40ec6
traverseDist: 2000.0
yLimitAlgorithm: NoLimit
