aabbMax:
  X: 4.989709854125977
  Y: 13.399999618530273
  Z: 4.093599796295166
aabbMin:
  X: -4.989709854125977
  Y: -1.5
  Z: -3.714400053024292
bfres: TwnObj_HyruleCastleWall_Past_A
boundingForTraverse: 14.899999618530273
bugMask: 0
cursorOffsetY: 0.5
instSizeCafe: 80140
instSizeNx: 206896
mainModel: TwnObj_HyruleCastleWall_Past_Connect_E_01
name: TwnObj_HyruleCastleWall_Past_Connect_E_01
profile: MapConstPassive
sortKey: -2
tags:
  tag7c96f3df: 2090267615
  tag84f40ec6: !u 0x84f40ec6
traverseDist: 2000.0
yLimitAlgorithm: NoLimit
