aabbMax:
  X: 2.499999936844688e-05
  Y: 13.37720012664795
  Z: 3.6999900341033936
aabbMin:
  X: -40.91019821166992
  Y: -3.7227799892425537
  Z: -7.279200077056885
bfres: TwnObj_HyruleCastleWall_Past_A
boundingForTraverse: 17.099979400634766
bugMask: 0
cursorOffsetY: 0.5
instSizeCafe: 80136
instSizeNx: -1
mainModel: TwnObj_HyruleCastleWall_Past_Connect_G_02
name: TwnObj_HyruleCastleWall_Past_Connect_G_02
profile: MapConstPassive
sortKey: -2
tags:
  tag7c96f3df: 2090267615
  tag84f40ec6: !u 0x84f40ec6
traverseDist: 2000.0
yLimitAlgorithm: NoLimit
