aabbMax:
  X: 10.025199890136719
  Y: 15.903599739074707
  Z: 3.700000047683716
aabbMin:
  X: -0.023310000076889992
  Y: -1.5
  Z: -3.700000047683716
bfres: TwnObj_HyruleCastleWall_Past_A
boundingForTraverse: 17.40359878540039
bugMask: 0
cursorOffsetY: 0.5
instSizeCafe: 80136
instSizeNx: -1
mainModel: TwnObj_HyruleCastleWall_Past_Parts_B_01
name: TwnObj_HyruleCastleWall_Past_Parts_B_01
profile: MapConstPassive
sortKey: -2
tags:
  tag7c96f3df: 2090267615
  tag84f40ec6: !u 0x84f40ec6
traverseDist: 2000.0
yLimitAlgorithm: NoLimit
