aabbMax:
  X: 9.306489944458008
  Y: 13.133199691772461
  Z: 8.765729904174805
aabbMin:
  X: -10.128399848937988
  Y: -0.0033909999765455723
  Z: -5.45419979095459
bfres: TwnObj_HyruleCity_Past_A
boundingForTraverse: 13.136590957641602
bugMask: 0
cursorOffsetY: 0.5
instSizeCafe: 100432
instSizeNx: -1
mainModel: TwnObj_HyruleCity_Past_HouseBase_A_02
name: TwnObj_HyruleCity_Past_HouseBase_A_02
profile: MapConstPassive
sortKey: 14
tags:
  tag7c96f3df: 2090267615
traverseDist: 500.0
yLimitAlgorithm: NoLimit
