aabbMax:
  X: 12.5
  Y: 21.481300354003906
  Z: 8.975000381469727
aabbMin:
  X: -12.5
  Y: -1.5
  Z: -10.100000381469727
bfres: TwnObj_HyruleCastleWall_Past_A
boundingForTraverse: 22.981300354003906
bugMask: 0
cursorOffsetY: 0.5
instSizeCafe: 133656
instSizeNx: -1
mainModel: TwnObj_HyruleCastleWall_Past_WatchTower_B_01
name: TwnObj_HyruleCastleWall_Past_WatchTower_B_01
profile: MapConstPassive
sortKey: 0
tags:
  tag7c96f3df: 2090267615
  tag84f40ec6: !u 0x84f40ec6
traverseDist: 2000.0
yLimitAlgorithm: NoLimit
