aabbMax:
  X: 2.7205300331115723
  Y: 16.872900009155273
  Z: 2.7205300331115723
aabbMin:
  X: -2.7205300331115723
  Y: 0.00017800000205170363
  Z: -2.7205300331115723
bfres: TwnObj_HyruleCity_Past_A
boundingForTraverse: 16.872722625732422
bugMask: 0
cursorOffsetY: 0.5
instSizeCafe: 100052
instSizeNx: -1
mainModel: TwnObj_HyruleCity_Past_Tower_B_01
name: TwnObj_HyruleCity_Past_Tower_B_01
profile: MapConstPassive
sortKey: 25
tags:
  tag7c96f3df: 2090267615
traverseDist: 500.0
yLimitAlgorithm: NoLimit
