aabbMax:
  X: 132.74099731445312
  Y: 150.65699768066406
  Z: -65.64070129394531
aabbMin:
  X: 91.05110168457031
  Y: 120.6780014038086
  Z: -196.21099853515625
bfres: TwnObj_HyruleCastleGround_Past_A
boundingForTraverse: 29.97899627685547
bugMask: 0
cursorOffsetY: 0.5
instSizeCafe: 103632
instSizeNx: -1
mainModel: TwnObj_HyruleCastleGround_Past_Area_07_A_01
name: TwnObj_HyruleCastleGround_Past_Area_07_A_01
profile: MapConstPassive
sortKey: 0
tags:
  tag7c96f3df: 2090267615
  tag84f40ec6: !u 0x84f40ec6
traverseDist: 5000.0
yLimitAlgorithm: NoLimit
