aabbMax:
  X: 46.54690170288086
  Y: 13.399999618530273
  Z: 19.634300231933594
aabbMin:
  X: 1.1000000085914508e-05
  Y: -10.5
  Z: -3.699970006942749
bfres: TwnObj_HyruleCastleWall_Past_A
boundingForTraverse: 23.899999618530273
bugMask: 0
cursorOffsetY: 0.5
instSizeCafe: -1
instSizeNx: 206896
mainModel: TwnObj_HyruleCastleWall_Past_Connect_G_03
name: TwnObj_HyruleCastleWall_Past_Connect_G_03
profile: MapConstPassive
sortKey: -2
tags:
  tag7c96f3df: 2090267615
  tag84f40ec6: !u 0x84f40ec6
traverseDist: 2000.0
yLimitAlgorithm: NoLimit
