aabbMax:
  X: 1.069219946861267
  Y: 1.1985199451446533
  Z: 0.41360101103782654
aabbMin:
  X: -1.069219946861267
  Y: 0.0
  Z: -0.40202000737190247
bfres: TwnObj_HyruleCity_Past_A
boundingForTraverse: 1.1985199451446533
bugMask: 0
cursorOffsetY: 0.5
instSizeCafe: 17140
instSizeNx: 75656
mainModel: TwnObj_HyruleCity_Past_Bench_A_01
name: TwnObj_HyruleCity_Past_Bench_A_01
profile: MapConstPassive
sortKey: -4
tags:
  tag7c96f3df: 2090267615
traverseDist: 500.0
yLimitAlgorithm: NoLimit
