aabbMax:
  X: 7.360909938812256
  Y: 12.28320026397705
  Z: 7.449100017547607
aabbMin:
  X: -7.360909938812256
  Y: -0.331928014755249
  Z: -7.105350017547607
bfres: TwnObj_HyruleCity_Past_A
boundingForTraverse: 12.615129470825195
bugMask: 0
cursorOffsetY: 0.5
instSizeCafe: 101332
instSizeNx: 260200
mainModel: TwnObj_HyruleCity_Slope_Past_A_02
name: TwnObj_HyruleCity_Slope_Past_A_02
profile: MapConstPassive
sortKey: 4
tags:
  tag7c96f3df: 2090267615
yLimitAlgorithm: NoLimit
