aabbMax:
  X: 9.306489944458008
  Y: 16.2278995513916
  Z: 5.459099769592285
aabbMin:
  X: -9.368359565734863
  Y: 0.0
  Z: -5.45419979095459
bfres: TwnObj_HyruleCity_Past_A
boundingForTraverse: 16.2278995513916
bugMask: 0
cursorOffsetY: 0.5
instSizeCafe: 92752
instSizeNx: -1
mainModel: TwnObj_HyruleCity_Past_HouseBase_A_04
name: TwnObj_HyruleCity_Past_HouseBase_A_04
profile: MapConstPassive
sortKey: 15
tags:
  tag7c96f3df: 2090267615
traverseDist: 500.0
yLimitAlgorithm: NoLimit
