aabbMax:
  X: 2.9022600650787354
  Y: 3.62650990486145
  Z: 1.7685400247573853
aabbMin:
  X: -2.527829885482788
  Y: -0.15000000596046448
  Z: -2.205159902572632
bfres: TwnObj_HyruleCity_Past_A
boundingForTraverse: 3.776510000228882
bugMask: 0
cursorOffsetY: 0.5
instSizeCafe: 59616
instSizeNx: -1
mainModel: TwnObj_HyruleCity_Past_Shop_A_02
name: TwnObj_HyruleCity_Past_Shop_A_02
profile: MapConstPassive
sortKey: 12
tags:
  tag7c96f3df: 2090267615
traverseDist: 500.0
yLimitAlgorithm: NoLimit
