aabbMax:
  X: 3.7933199405670166
  Y: 4.059199810028076
  Z: 2.6839699745178223
aabbMin:
  X: -3.8676600456237793
  Y: -0.1568949967622757
  Z: -3.1690900325775146
bfres: TwnObj_HyruleCity_Past_A
boundingForTraverse: 4.216094970703125
bugMask: 0
cursorOffsetY: 0.5
instSizeCafe: 59616
instSizeNx: -1
mainModel: TwnObj_HyruleCity_Past_Shop_A_03
name: TwnObj_HyruleCity_Past_Shop_A_03
profile: MapConstPassive
sortKey: 12
tags:
  tag7c96f3df: 2090267615
traverseDist: 500.0
yLimitAlgorithm: NoLimit
