aabbMax:
  X: 30.23349952697754
  Y: 19.422800064086914
  Z: 3.6999900341033936
aabbMin:
  X: -0.005826999898999929
  Y: -1.522779941558838
  Z: -11.6983003616333
bfres: TwnObj_HyruleCastleWall_Past_A
boundingForTraverse: 20.945579528808594
bugMask: 0
cursorOffsetY: 0.5
instSizeCafe: -1
instSizeNx: 206896
mainModel: TwnObj_HyruleCastleWall_Past_Connect_G_01
name: TwnObj_HyruleCastleWall_Past_Connect_G_01
profile: MapConstPassive
sortKey: -2
tags:
  tag7c96f3df: 2090267615
  tag84f40ec6: !u 0x84f40ec6
traverseDist: 2000.0
yLimitAlgorithm: NoLimit
