aabbMax:
  X: 1.840109944343567
  Y: 6.206429958343506
  Z: 1.840109944343567
aabbMin:
  X: -1.840109944343567
  Y: -0.47791099548339844
  Z: -1.840109944343567
bfres: TwnObj_HyruleCity_Past_A
boundingForTraverse: 6.684340953826904
bugMask: 0
cursorOffsetY: 0.5
instSizeCafe: 81092
instSizeNx: -1
mainModel: TwnObj_HyruleCity_Past_Well_A_01
name: TwnObj_HyruleCity_Past_Well_A_01
profile: MapConstPassive
sortKey: -6
tags:
  tag7c96f3df: 2090267615
traverseDist: 500.0
yLimitAlgorithm: NoLimit
