aabbMax:
  X: 2.1370298862457275
  Y: 3.908950090408325
  Z: 3.061619997024536
aabbMin:
  X: -1.5184099674224854
  Y: -0.0018489999929443002
  Z: -2.6344399452209473
bfres: TwnObj_HyruleCity_Past_A
boundingForTraverse: 3.910799026489258
bugMask: 0
cursorOffsetY: 0.5
instSizeCafe: -1
instSizeNx: 231496
mainModel: TwnObj_HyruleCity_Past_MobileShop_A_01
name: TwnObj_HyruleCity_Past_MobileShop_A_01
profile: MapConstPassive
sortKey: -6
tags:
  tag7c96f3df: 2090267615
traverseDist: 500.0
yLimitAlgorithm: NoLimit
