aabbMax:
  X: 2.739229917526245
  Y: 4.059609889984131
  Z: 2.163100004196167
aabbMin:
  X: -3.273250102996826
  Y: -0.15000000596046448
  Z: -2.8248000144958496
bfres: TwnObj_HyruleCity_Past_A
boundingForTraverse: 4.2096099853515625
bugMask: 0
cursorOffsetY: 0.5
instSizeCafe: 60668
instSizeNx: -1
mainModel: TwnObj_HyruleCity_Past_Shop_A_01
name: TwnObj_HyruleCity_Past_Shop_A_01
profile: MapConstPassive
sortKey: 12
tags:
  tag7c96f3df: 2090267615
traverseDist: 500.0
yLimitAlgorithm: NoLimit
