aabbMax:
  X: 9.306489944458008
  Y: 16.2278995513916
  Z: 5.885700225830078
aabbMin:
  X: -12.684399604797363
  Y: 0.0
  Z: -5.45419979095459
bfres: TwnObj_HyruleCity_Past_A
boundingForTraverse: 16.2278995513916
bugMask: 0
cursorOffsetY: 0.5
instSizeCafe: 89836
instSizeNx: -1
mainModel: TwnObj_HyruleCity_Past_HouseBase_A_03
name: TwnObj_HyruleCity_Past_HouseBase_A_03
profile: MapConstPassive
sortKey: 14
tags:
  tag7c96f3df: 2090267615
traverseDist: 500.0
yLimitAlgorithm: NoLimit
