aabbMax:
  X: 26.735000610351562
  Y: 180.65199279785156
  Z: 202.34500122070312
aabbMin:
  X: -72.45700073242188
  Y: 105.6240005493164
  Z: 146.23199462890625
bfres: TwnObj_HyruleCastleGround_Past_A
boundingForTraverse: 75.02799224853516
bugMask: 0
cursorOffsetY: 0.5
instSizeCafe: 130976
instSizeNx: 329912
mainModel: TwnObj_HyruleCastleGround_Past_Area_05_A_01
name: TwnObj_HyruleCastleGround_Past_Area_05_A_01
profile: MapConstPassive
sortKey: 0
tags:
  tag7c96f3df: 2090267615
  tag84f40ec6: !u 0x84f40ec6
traverseDist: 5000.0
yLimitAlgorithm: NoLimit
