aabbMax:
  X: 0.7158399820327759
  Y: 3.474829912185669
  Z: 0.7219120264053345
aabbMin:
  X: -0.7210360169410706
  Y: -0.15000000596046448
  Z: -0.07742799818515778
bfres: TwnObj_HyruleCity_Past_A
boundingForTraverse: 3.6248300075531006
bugMask: 0
cursorOffsetY: 0.5
instSizeCafe: 17392
instSizeNx: -1
mainModel: TwnObj_HyruleCity_Past_SignPost_A_01
name: TwnObj_HyruleCity_Past_SignPost_A_01
profile: MapConstPassive
sortKey: -2
tags:
  tag7c96f3df: 2090267615
traverseDist: 500.0
yLimitAlgorithm: NoLimit
