aabbMax:
  X: 5.299600124359131
  Y: 14.399999618530273
  Z: 3.927570104598999
aabbMin:
  X: -5.299600124359131
  Y: -1.5
  Z: -3.683579921722412
bfres: TwnObj_HyruleCastleWall_Past_A
boundingForTraverse: 15.899999618530273
bugMask: 0
cursorOffsetY: 0.5
instSizeCafe: -1
instSizeNx: 186384
mainModel: TwnObj_HyruleCastleWall_Past_Connect_F_02
name: TwnObj_HyruleCastleWall_Past_Connect_F_02
profile: MapConstPassive
sortKey: -2
tags:
  tag7c96f3df: 2090267615
  tag84f40ec6: !u 0x84f40ec6
traverseDist: 2000.0
yLimitAlgorithm: NoLimit
