aabbMax:
  X: 0.788375973701477
  Y: 1.2127799987792969
  Z: 1.830180048942566
aabbMin:
  X: -0.788375973701477
  Y: 0.0
  Z: -1.3982399702072144
bfres: TwnObj_HyruleCity_Past_A
boundingForTraverse: 1.2127799987792969
bugMask: 0
cursorOffsetY: 0.5
instSizeCafe: 38488
instSizeNx: -1
mainModel: TwnObj_HyruleCity_Past_Cart_A_01
name: TwnObj_HyruleCity_Past_Cart_A_01
profile: MapConstPassive
sortKey: -6
tags:
  tag7c96f3df: 2090267615
traverseDist: 500.0
yLimitAlgorithm: NoLimit
