aabbMax:
  X: 3.3479199409484863
  Y: 13.399999618530273
  Z: 4.209869861602783
aabbMin:
  X: -3.3479199409484863
  Y: -1.5
  Z: -3.9977400302886963
bfres: TwnObj_HyruleCastleWall_Past_A
boundingForTraverse: 14.899999618530273
bugMask: 0
cursorOffsetY: 0.5
instSizeCafe: 80136
instSizeNx: -1
mainModel: TwnObj_HyruleCastleWall_Past_Connect_B_01
name: TwnObj_HyruleCastleWall_Past_Connect_B_01
profile: MapConstPassive
sortKey: -2
tags:
  tag7c96f3df: 2090267615
  tag84f40ec6: !u 0x84f40ec6
traverseDist: 2000.0
yLimitAlgorithm: NoLimit
