aabbMax:
  X: 5.538080215454102
  Y: 13.133199691772461
  Z: 8.636240005493164
aabbMin:
  X: -6.465350151062012
  Y: -0.0032259998843073845
  Z: -5.846940040588379
bfres: TwnObj_HyruleCity_Past_A
boundingForTraverse: 13.136425971984863
bugMask: 0
cursorOffsetY: 0.5
instSizeCafe: 89840
instSizeNx: -1
mainModel: TwnObj_HyruleCity_Past_HouseBase_C_01
name: TwnObj_HyruleCity_Past_HouseBase_C_01
profile: MapConstPassive
sortKey: 22
tags:
  tag7c96f3df: 2090267615
traverseDist: 500.0
yLimitAlgorithm: NoLimit
