aabbMax:
  X: 8.740269660949707
  Y: 23.255199432373047
  Z: 7.569300174713135
aabbMin:
  X: -8.740269660949707
  Y: 0.0
  Z: -7.569300174713135
bfres: TwnObj_HyruleCastle_Past_A
boundingForTraverse: 23.255199432373047
bugMask: 0
cursorOffsetY: 0.5
instSizeCafe: -1
instSizeNx: 165880
mainModel: TwnObj_HyruleCastle_Past_Arbor_A_01
name: TwnObj_HyruleCastle_Past_Arbor_A_01
profile: MapConstPassive
sortKey: 0
tags:
  tag7c96f3df: 2090267615
  tag84f40ec6: !u 0x84f40ec6
traverseDist: 2000.0
yLimitAlgorithm: NoLimit
