aabbMax:
  X: 1.2093100547790527
  Y: 15.350000381469727
  Z: 4.596399784088135
aabbMin:
  X: -1.2093100547790527
  Y: -1.5
  Z: -4.596399784088135
bfres: TwnObj_HyruleCastleWall_Past_A
boundingForTraverse: 16.850000381469727
bugMask: 0
cursorOffsetY: 0.5
instSizeCafe: -1
instSizeNx: 141272
mainModel: TwnObj_HyruleCastleWall_Past_PartsEnd_A_01
name: TwnObj_HyruleCastleWall_Past_PartsEnd_A_01
profile: MapConstPassive
sortKey: -2
tags:
  tag7c96f3df: 2090267615
  tag84f40ec6: !u 0x84f40ec6
traverseDist: 2000.0
yLimitAlgorithm: NoLimit
