aabbMax:
  X: 139.1020050048828
  Y: 7.455009937286377
  Z: 138.93499755859375
aabbMin:
  X: -139.1020050048828
  Y: 1.9999899864196777
  Z: -40.00469970703125
bfres: TwnObj_HyruleCity_Past_A
boundingForTraverse: 5.455019950866699
bugMask: 0
cursorOffsetY: 0.5
instSizeCafe: 30616
instSizeNx: -1
mainModel: TwnObj_HyruleCityStoneFenceSet_Past_A_01
name: TwnObj_HyruleCityStoneFenceSet_Past_A_01
profile: MapConstPassive
sortKey: 11
tags:
  tag7c96f3df: 2090267615
traverseDist: 500.0
yLimitAlgorithm: NoLimit
