aabbMax:
  X: 0.3499999940395355
  Y: 4.078460216522217
  Z: 0.3499999940395355
aabbMin:
  X: -1.3950899839401245
  Y: 0.0
  Z: -0.3499999940395355
bfres: TwnObj_HyruleCity_Past_A
boundingForTraverse: 4.078460216522217
bugMask: 0
cursorOffsetY: 0.5
instSizeCafe: 17136
instSizeNx: -1
mainModel: TwnObj_HyruleCity_Past_StreetLight_A_01
name: TwnObj_HyruleCity_Past_StreetLight_A_01
profile: MapConstPassive
sortKey: 4
tags:
  tag7c96f3df: 2090267615
yLimitAlgorithm: NoLimit
