aabbMax:
  X: 5.245349884033203
  Y: 5.907899856567383
  Z: 3.895390033721924
aabbMin:
  X: -1.8061200380325317
  Y: -2.0652899742126465
  Z: -5.63532018661499
attackPower: 0
bfres: TwnObj_Village_Korok_A
boundingForTraverse: 7.973189830780029
bugMask: 1
cursorOffsetY: 0.5
generalLife: 100
instSizeCafe: -1
instSizeNx: 81488
mainModel: TwnObj_Village_KorokTreeLeaf_LL_A_02
name: TwnObj_Village_KorokTreeLeaf_LL_A_02_Demo
profile: MapDynamicPassive
sortKey: -8
systemIsGetItemSelf: false
systemSameGroupActorName: ''
tags:
  tag02cf8aa1: 47155873
  tag170cf1e2: 386724322
  tag48409b2e: 1212193582
  tag7c96f3df: 2090267615
traverseDist: 500.0
yLimitAlgorithm: NoLimit
