aabbMax:
  X: 2.5110700130462646
  Y: 3.626660108566284
  Z: 1.7631700038909912
aabbMin:
  X: -2.747499942779541
  Y: -0.15000000596046448
  Z: -2.343369960784912
bfres: TwnObj_HyruleCity_Past_A
boundingForTraverse: 3.7766599655151367
bugMask: 0
cursorOffsetY: 0.5
instSizeCafe: 59620
instSizeNx: -1
mainModel: TwnObj_HyruleCity_Past_Shop_A_04
name: TwnObj_HyruleCity_Past_Shop_A_04
profile: MapConstPassive
sortKey: 12
tags:
  tag7c96f3df: 2090267615
traverseDist: 500.0
yLimitAlgorithm: NoLimit
